/*--------------------------------*- C++ -*----------------------------------*\
| =========                 |                                                 |
| \\      /  F ield         | OpenFOAM: The Open Source CFD Toolbox           |
|  \\    /   O peration     | Version:  4.1                                   |
|   \\  /    A nd           | Web:      www.OpenFOAM.org                      |
|    \\/     M anipulation  |                                                 |
\*---------------------------------------------------------------------------*/
FoamFile
{
    version     2.0;
    format      ascii;
    class       volScalarField;
    location    "13";
    object      p;
}
// * * * * * * * * * * * * * * * * * * * * * * * * * * * * * * * * * * * * * //

dimensions      [0 2 -2 0 0 0 0];

internalField   nonuniform List<scalar> 
6750
(
-460.673
-201.633
-411.896
-398.57
-457.476
-459.806
-483.101
-482.314
-383.446
-299.319
-253.999
-218.477
-211.408
-136.673
-214.498
-459.556
-200.098
-410.712
-398.355
-457.865
-460.133
-484.18
-481.706
-387.9
-302.175
-255.771
-218.33
-213.054
-135.896
-214.867
-458.652
-198.875
-409.943
-398.262
-458.028
-460.24
-484.865
-480.295
-388.451
-302.177
-257.084
-218.099
-214.821
-136.096
-215.403
-457.516
-197.162
-408.836
-398.064
-458.189
-460.312
-485.743
-479.456
-390.404
-302.457
-257.24
-218.356
-216.396
-137.548
-216.002
-456.55
-195.259
-407.899
-397.988
-458.324
-460.489
-486.42
-478.534
-391.279
-302.44
-258.28
-220.202
-216.886
-139.819
-216.631
-455.745
-193.186
-406.964
-397.903
-458.454
-460.833
-486.703
-478.513
-391.925
-301.351
-255.521
-219.363
-218.658
-142.507
-217.353
-455.326
-191.268
-406.228
-397.895
-458.57
-460.48
-486.742
-478.393
-392.472
-301.337
-257.389
-222.211
-212.52
-146.125
-217.453
-455.3
-190.597
-405.957
-397.86
-458.6
-460.255
-486.882
-478.442
-392.205
-300.142
-253.81
-221.795
-210.694
-147.461
-217.601
-455.52
-191.63
-406.387
-397.93
-458.591
-460.532
-486.753
-478.386
-392.618
-301.221
-257.176
-223.836
-209.908
-146.864
-217.429
-456.094
-193.635
-407.207
-397.998
-458.506
-460.84
-486.618
-478.481
-392.489
-301.899
-257.672
-222.939
-216.445
-143.285
-217.47
-457.016
-195.786
-408.23
-398.144
-458.413
-460.547
-486.227
-478.607
-391.626
-302.65
-259.264
-223.66
-217.172
-140.554
-216.967
-458.071
-197.693
-409.229
-398.281
-458.32
-460.485
-485.615
-479.738
-390.945
-303.308
-258.736
-221.096
-216.72
-138.167
-216.429
-459.273
-199.401
-410.397
-398.545
-458.202
-460.487
-484.856
-480.639
-388.802
-302.841
-258.364
-220.149
-215.558
-136.608
-215.917
-460.219
-200.611
-411.204
-398.682
-458.074
-460.415
-484.252
-482.114
-388.278
-303.095
-257.175
-219.842
-213.791
-136.293
-215.42
-461.371
-202.123
-412.428
-398.952
-457.721
-460.13
-483.246
-482.7
-383.568
-299.988
-254.932
-219.223
-212.116
-136.921
-215.064
-680.143
-126.925
-378.957
-406.281
-463.571
-481.724
-516.514
-516.645
-350.214
-223.418
-179.796
-159.94
-182.473
-98.3817
-279.428
-677.284
-125.114
-378.403
-406.009
-464.321
-482.368
-518.041
-515.77
-355.287
-228.837
-181.205
-160.084
-182.773
-97.2275
-279.844
-675.176
-124.576
-378.446
-406.077
-464.808
-482.897
-519.177
-513.709
-357.074
-230.969
-182.381
-160.749
-182.977
-96.8829
-280.388
-672.275
-123.629
-378.096
-405.978
-465.308
-483.384
-520.617
-512.498
-360.531
-234.14
-184.625
-161.42
-182.953
-97.3252
-280.473
-669.675
-123.206
-377.919
-406.102
-465.78
-483.877
-521.543
-510.609
-362.666
-235.987
-187.601
-163.631
-181.708
-98.371
-280.499
-667.215
-122.861
-377.534
-406.167
-466.138
-484.358
-522.356
-508.976
-365.205
-239.912
-192.953
-165.22
-175.55
-99.7807
-280.261
-665.549
-122.754
-377.054
-406.322
-466.463
-484.833
-523.615
-507.431
-366.903
-244.045
-197.834
-167.501
-171.268
-101.465
-279.863
-665.271
-122.698
-376.756
-406.319
-466.538
-484.985
-524.142
-506.932
-367.304
-245.691
-196.973
-167.867
-170.793
-101.464
-280.026
-666.143
-122.625
-377.178
-406.318
-466.476
-484.823
-523.427
-507.655
-367.315
-244.927
-199.14
-169.261
-170.844
-101.894
-280.037
-668.057
-122.773
-377.684
-406.199
-466.164
-484.345
-522.167
-509.329
-365.984
-241.338
-197.527
-168.823
-174.645
-100.489
-280.69
-670.707
-123.203
-378.122
-406.187
-465.832
-483.922
-521.389
-510.974
-363.11
-236.239
-189.992
-166.546
-182.34
-98.9014
-281.25
-673.421
-123.683
-378.324
-406.115
-465.383
-483.472
-520.378
-512.865
-360.994
-234.739
-186.903
-163.092
-183.371
-97.7591
-281.258
-676.402
-124.691
-378.719
-406.281
-464.916
-483.029
-518.928
-514.047
-357.303
-231.405
-183.734
-161.96
-183.79
-97.2302
-281.285
-678.555
-125.271
-378.699
-406.251
-464.444
-482.519
-517.792
-516.074
-355.351
-229.217
-182.108
-161.142
-183.483
-97.5118
-280.749
-681.444
-127.121
-379.299
-406.589
-463.738
-481.92
-516.319
-516.896
-350.019
-223.71
-180.246
-160.83
-183.127
-98.5504
-280.339
-896.091
-96.0376
-315.822
-412.535
-440.517
-452.555
-447.939
-403.099
-282.25
-183.746
-155.247
-137.541
-174.438
-41.9752
-400.562
-894.025
-92.821
-316.186
-411.985
-441.366
-453.886
-450.922
-406.852
-287.673
-187.842
-155.101
-137.204
-173.138
-40.6624
-400.902
-892.799
-91.7685
-317.087
-411.812
-441.953
-454.49
-452.604
-408.084
-289.973
-189.455
-154.845
-137.534
-172.258
-40.2064
-401.598
-890.81
-89.9489
-317.383
-411.376
-442.542
-455.336
-454.971
-410.716
-294.084
-192.189
-156.11
-137.4
-172.365
-40.2536
-401.292
-889.12
-89.4933
-317.885
-411.278
-443.124
-455.91
-456.63
-412.337
-297.052
-193.959
-158.092
-138.514
-172.78
-40.7872
-401.383
-887.369
-89.3834
-317.827
-411.026
-443.464
-456.186
-457.877
-413.937
-300.629
-197.902
-164.753
-141.371
-166.975
-41.7159
-400.601
-885.907
-90.309
-317.675
-411.002
-443.794
-456.31
-458.582
-414.804
-302.974
-200.913
-168.145
-140.336
-163.364
-41.968
-399.771
-885.614
-90.641
-317.421
-410.893
-443.811
-456.26
-458.712
-415
-303.593
-201.913
-167.571
-139.144
-161.15
-41.1639
-399.831
-886.659
-89.7195
-317.753
-411.042
-443.807
-456.357
-458.564
-414.81
-303.088
-200.986
-168.454
-139.883
-162.458
-41.7637
-400.109
-888.224
-88.9769
-317.933
-411.111
-443.475
-456.235
-457.813
-413.902
-300.863
-197.982
-166.867
-141.83
-166.066
-41.7086
-401.46
-890.146
-89.2498
-317.975
-411.419
-443.141
-455.954
-456.492
-412.183
-296.999
-193.332
-158.608
-138.974
-173.281
-40.6851
-402.751
-891.908
-89.8643
-317.46
-411.568
-442.56
-455.359
-454.736
-410.488
-294.009
-191.832
-156.932
-137.685
-172.868
-40.1951
-402.662
-893.968
-91.8413
-317.166
-412.067
-441.999
-454.518
-452.313
-407.796
-289.857
-189.287
-155.286
-137.903
-172.812
-40.1461
-403.067
-895.23
-92.9966
-316.25
-412.271
-441.423
-453.904
-450.584
-406.511
-287.503
-187.736
-155.369
-137.566
-173.644
-40.6154
-402.349
-897.327
-96.3228
-315.914
-412.882
-440.622
-452.59
-447.567
-402.705
-282.05
-183.789
-155.561
-138.003
-174.88
-41.9237
-401.984
-1024.65
-172.988
-246.165
-401.708
-393.167
-395.618
-377.573
-320.953
-228.45
-152.534
-138.033
-121.057
-174.55
17.6159
-537.922
-1023.5
-170.189
-246.563
-401.966
-394.671
-398.225
-381.328
-324.962
-232.544
-155.52
-137.566
-120.108
-172.178
18.6052
-538.102
-1022.87
-169.148
-247.552
-402.368
-395.804
-399.735
-383.383
-326.679
-234.293
-156.461
-136.717
-119.733
-170.655
19.3834
-539.199
-1021.81
-167.108
-248.032
-402.577
-397.093
-401.792
-386.39
-329.657
-237.37
-158.148
-136.492
-118.651
-169.709
19.7664
-538.536
-1021.03
-166.166
-248.906
-403.066
-398.367
-403.487
-388.717
-331.745
-239.65
-159.206
-137.134
-118.688
-169.846
19.953
-538.317
-1020.25
-165.251
-249.251
-403.228
-399.299
-404.877
-390.792
-333.883
-242.539
-162.063
-142.194
-120.548
-165.175
19.7799
-536.21
-1019.56
-165.387
-249.721
-403.536
-400.092
-405.897
-392.229
-335.334
-244.675
-164.569
-145.59
-118.305
-159.908
20.5584
-534
-1019.53
-165.311
-249.718
-403.478
-400.189
-406.088
-392.572
-335.77
-245.331
-165.541
-145.103
-115.936
-156.724
22.0973
-533.461
-1020.26
-164.895
-249.688
-403.552
-400.053
-405.857
-392.169
-335.359
-244.855
-164.717
-145.76
-116.854
-159.224
21.5197
-534.215
-1020.97
-165.001
-249.285
-403.274
-399.239
-404.799
-390.691
-333.896
-242.886
-162.206
-144.053
-120.436
-163.903
20.2281
-537.304
-1021.9
-166.088
-248.909
-403.134
-398.298
-403.38
-388.559
-331.662
-239.793
-158.726
-137.553
-118.502
-170.65
20.5062
-540.316
-1022.74
-167.18
-248.04
-402.683
-397.025
-401.668
-386.192
-329.529
-237.473
-157.694
-136.74
-118.051
-170.961
20.1769
-540.769
-1023.87
-169.375
-247.568
-402.515
-395.755
-399.618
-383.172
-326.548
-234.431
-156.308
-136.956
-119.5
-171.599
19.6973
-541.493
-1024.55
-170.51
-246.571
-402.135
-394.627
-398.105
-381.101
-324.819
-232.675
-155.469
-137.872
-119.978
-173.032
18.8434
-540.362
-1025.73
-173.422
-246.207
-401.926
-393.162
-395.532
-377.363
-320.842
-228.637
-152.718
-138.5
-121.204
-175.281
17.7994
-540.19
-1148.59
-252.63
-224.799
-399.144
-360.739
-347.703
-325.487
-269.063
-214.155
-155.787
-154.62
-123.965
-201.435
63.5925
-723.371
-1147.89
-251.095
-224.654
-399.276
-361.543
-349.299
-327.672
-271.418
-216.462
-157.578
-153.027
-122.598
-198.24
64.8517
-723.731
-1147.57
-250.624
-225.036
-399.574
-362.191
-350.198
-328.74
-272.355
-217.251
-157.622
-151.481
-122.042
-195.912
66.0355
-725.94
-1146.94
-249.461
-225.002
-399.674
-362.912
-351.49
-330.508
-274.175
-218.922
-158.252
-150.529
-120.586
-194.48
66.5409
-724.882
-1146.55
-248.954
-225.349
-400.04
-363.726
-352.583
-331.851
-275.431
-220.083
-158.281
-150.459
-119.865
-193.507
66.8113
-723.976
-1146.13
-248.277
-225.356
-400.112
-364.287
-353.494
-333.119
-276.866
-221.855
-159.947
-153.784
-121.926
-190.899
66.259
-720.634
-1145.92
-248.054
-225.632
-400.372
-364.878
-354.264
-334.08
-277.944
-223.338
-161.821
-156.128
-120.444
-185.329
65.7206
-716.539
-1146.05
-247.746
-225.626
-400.323
-364.93
-354.411
-334.343
-278.352
-223.939
-162.735
-156.484
-117.189
-179.942
66.2989
-714.856
-1146.51
-247.754
-225.633
-400.416
-364.883
-354.297
-334.163
-278.093
-223.701
-162.187
-157.466
-118.142
-182.493
66.2891
-716.829
-1146.86
-248.044
-225.446
-400.217
-364.328
-353.58
-333.285
-277.092
-222.409
-160.295
-155.713
-122.012
-190.031
66.4514
-722.971
-1147.41
-248.856
-225.453
-400.191
-363.807
-352.704
-332.057
-275.65
-220.555
-158.043
-151.621
-119.515
-194.212
67.3145
-727.569
-1147.87
-249.475
-225.13
-399.879
-363.04
-351.646
-330.755
-274.42
-219.384
-157.939
-150.999
-119.6
-196.007
67.1428
-728.816
-1148.57
-250.766
-225.193
-399.836
-362.374
-350.404
-329.038
-272.673
-217.824
-157.677
-152.029
-121.49
-197.083
66.4294
-729.999
-1148.94
-251.316
-224.814
-399.569
-361.758
-349.531
-327.997
-271.773
-217.07
-157.726
-153.632
-122.172
-199.498
65.0548
-727.434
-1149.67
-252.955
-224.999
-399.495
-361.019
-348
-325.873
-269.513
-214.889
-156.234
-155.34
-123.789
-202.48
63.6581
-726.908
-1272.5
-305.391
-227.647
-412.609
-362.99
-343.116
-325.089
-271.295
-237.032
-175.439
-190.823
-139.616
-254.284
99.0901
-970.585
-1272.02
-304.54
-227.484
-412.704
-363.387
-344.034
-326.409
-272.906
-238.502
-176.83
-188.753
-137.992
-250.158
98.901
-974.561
-1271.83
-304.348
-227.69
-412.949
-363.758
-344.563
-327.013
-273.421
-238.723
-176.317
-186.63
-137.207
-247.998
99.4017
-978
-1271.39
-303.728
-227.601
-413.032
-364.12
-345.317
-328.097
-274.629
-239.706
-176.585
-185.268
-136.137
-246.763
98.4802
-975.077
-1271.17
-303.552
-227.782
-413.32
-364.599
-345.976
-328.928
-275.389
-240.243
-175.792
-184.772
-134.548
-245.186
97.656
-972.912
-1270.87
-303.226
-227.731
-413.366
-364.869
-346.493
-329.753
-276.407
-241.531
-176.846
-187.083
-136.006
-240.696
97.5489
-968.789
-1270.87
-303.092
-227.881
-413.561
-365.231
-346.973
-330.438
-277.27
-242.914
-178.622
-190.028
-134.681
-236.07
94.1227
-959.008
-1271.08
-302.804
-227.858
-413.527
-365.245
-347.07
-330.676
-277.703
-243.591
-179.888
-191.136
-130.875
-231.473
91.625
-952.918
-1271.42
-302.833
-227.916
-413.638
-365.295
-347.088
-330.658
-277.597
-243.584
-179.481
-192.351
-131.332
-232.851
95.7478
-959.945
-1271.66
-302.943
-227.838
-413.52
-365.014
-346.717
-330.153
-276.91
-242.604
-177.628
-190.722
-135.602
-239.752
99.3211
-972.64
-1272.06
-303.39
-227.931
-413.545
-364.824
-346.293
-329.445
-275.94
-241.25
-175.834
-187.344
-134.112
-246.22
98.3979
-977.649
-1272.38
-303.67
-227.776
-413.322
-364.419
-345.713
-328.71
-275.246
-240.706
-176.485
-186.74
-134.926
-249.473
98.326
-979.731
-1272.89
-304.409
-227.902
-413.309
-364.137
-345.045
-327.72
-274.159
-239.887
-176.726
-188.154
-136.653
-249.875
99.5783
-982.764
-1273.13
-304.681
-227.706
-413.102
-363.812
-344.562
-327.167
-273.701
-239.711
-177.282
-190.214
-137.459
-252.1
98.9616
-979.719
-1273.66
-305.635
-227.912
-413.071
-363.494
-343.732
-325.931
-272.238
-238.419
-176.377
-192.443
-139.353
-256.014
98.8835
-975.862
-1403.42
-350.447
-238.515
-434.104
-379.47
-356.49
-345.471
-291.502
-278.531
-204.871
-256.661
-152.536
-348.697
115.663
-1330.21
-1403.14
-349.961
-238.434
-434.219
-379.803
-357.208
-346.415
-292.74
-279.109
-205.696
-252.255
-153.398
-343.853
116.499
-1330.83
-1403.06
-349.878
-238.586
-434.433
-380.098
-357.6
-346.789
-293.015
-278.804
-204.633
-248.432
-152.735
-336.484
118.349
-1334.64
-1402.82
-349.518
-238.55
-434.545
-380.398
-358.192
-347.58
-293.941
-279.236
-204.562
-245.734
-152.855
-327.438
119.355
-1339.96
-1402.73
-349.443
-238.699
-434.805
-380.781
-358.703
-348.184
-294.49
-279.477
-203.504
-244.642
-151.167
-319.198
126.105
-1337.5
-1402.66
-349.208
-238.689
-434.89
-380.999
-359.125
-348.845
-295.37
-280.631
-204.352
-247.461
-152.762
-317.539
123.596
-1329.62
-1402.81
-349.091
-238.801
-435.078
-381.29
-359.53
-349.445
-296.215
-282.23
-206.834
-252.087
-153.059
-310.338
110.417
-1306.38
-1402.97
-348.892
-238.79
-435.076
-381.317
-359.653
-349.703
-296.707
-282.979
-208.652
-253.361
-150.832
-306.475
99.6484
-1287.34
-1403.2
-348.946
-238.864
-435.18
-381.395
-359.714
-349.755
-296.679
-283.192
-208.47
-255.966
-152.099
-306.827
106.73
-1314.26
-1403.38
-349.015
-238.805
-435.089
-381.214
-359.465
-349.407
-296.099
-282.172
-206.085
-252.898
-154.26
-317.818
124.246
-1351
-1403.65
-349.312
-238.874
-435.103
-381.102
-359.17
-348.904
-295.298
-280.962
-204.132
-248.914
-151.231
-318.279
132.863
-1360.73
-1403.85
-349.482
-238.764
-434.922
-380.813
-358.76
-348.427
-294.836
-280.681
-204.918
-248.283
-152.022
-327.642
124.8
-1358.53
-1404.18
-349.949
-238.846
-434.895
-380.612
-358.273
-347.752
-294.046
-280.371
-205.407
-250.709
-152.809
-336.963
121.957
-1350.31
-1404.33
-350.11
-238.711
-434.729
-380.376
-357.939
-347.446
-293.839
-280.741
-206.514
-254.594
-152.998
-345.443
119.843
-1342.46
-1404.67
-350.702
-238.842
-434.688
-380.136
-357.326
-346.609
-292.767
-280.31
-206.155
-259.13
-152.818
-349.149
118.185
-1339.53
-1538.86
-394.906
-255.156
-464.971
-407.108
-383
-382.867
-327.666
-343.484
-245.494
-369.76
-172.691
-535.89
141.731
-1796.8
-1538.76
-394.636
-255.121
-465.08
-407.377
-383.572
-383.521
-328.688
-342.81
-246.067
-358.218
-172.472
-499.897
134.727
-1809.7
-1538.8
-394.57
-255.226
-465.251
-407.597
-383.867
-383.735
-328.894
-341.944
-245.27
-350.664
-172.584
-463.527
148.633
-1849.48
-1538.81
-394.306
-255.216
-465.363
-407.845
-384.364
-384.347
-329.751
-341.866
-245.416
-344.996
-173.445
-455.126
164.134
-1892.59
-1538.9
-394.203
-255.327
-465.581
-408.151
-384.793
-384.828
-330.297
-342.028
-244.959
-343.881
-174.623
-464.838
142.876
-1903.93
-1538.96
-394.024
-255.334
-465.679
-408.349
-385.187
-385.432
-331.204
-343.23
-246.163
-346.877
-179.061
-486.384
103.582
-1852.3
-1539.08
-393.979
-255.427
-465.858
-408.606
-385.567
-385.996
-332.108
-345.159
-249.57
-355.894
-186.979
-470.272
70.1911
-1784.76
-1539.18
-393.919
-255.438
-465.892
-408.665
-385.726
-386.279
-332.641
-345.936
-251.361
-357.176
-182.905
-471.894
39.5668
-1713.34
-1539.32
-394.014
-255.513
-465.992
-408.761
-385.81
-386.358
-332.656
-346.251
-251.295
-360.532
-186.626
-496.904
40.7038
-1728.06
-1539.44
-394.093
-255.488
-465.947
-408.663
-385.651
-386.125
-332.15
-345.24
-248.449
-354.614
-180.593
-512.801
65.9505
-1831.57
-1539.61
-394.306
-255.543
-465.971
-408.608
-385.437
-385.738
-331.407
-343.981
-246.329
-349.205
-176.018
-485.37
113.055
-1918.92
-1539.74
-394.439
-255.481
-465.857
-408.426
-385.156
-385.45
-331.025
-343.933
-246.672
-349.485
-174.089
-463.403
159.351
-1902.42
-1539.92
-394.746
-255.543
-465.848
-408.302
-384.803
-384.995
-330.344
-344
-246.811
-353.615
-173.934
-465.032
145.707
-1850.44
-1540.01
-394.863
-255.463
-465.74
-408.157
-384.59
-384.887
-330.239
-345.003
-247.715
-361.835
-174.605
-501.117
128.775
-1812.17
-1540.19
-395.233
-255.556
-465.721
-408.001
-384.152
-384.374
-329.429
-345.735
-247.644
-372.763
-176.255
-530.353
137.063
-1802.14
-1680.85
-441.361
-276.787
-505.393
-446.18
-422.169
-436.054
-377.932
-431.684
-300.636
-538.745
-207.231
-880.008
73.9088
-2279.64
-1680.89
-441.208
-276.773
-505.491
-446.366
-422.582
-436.305
-378.571
-429.049
-300.564
-513.842
-212.508
-726.133
97.6487
-2371.75
-1680.99
-441.136
-276.835
-505.616
-446.503
-422.776
-436.283
-378.616
-427.121
-299.407
-497.985
-203.861
-636.468
134.428
-2465.55
-1681.05
-440.999
-276.845
-505.723
-446.682
-423.155
-436.632
-379.317
-426.451
-300.383
-493.111
-214.142
-699.361
11.6464
-2473.59
-1681.16
-440.962
-276.93
-505.898
-446.9
-423.479
-436.896
-379.767
-425.962
-300.183
-487.054
-209.403
-769.684
-70.5774
-2292.57
-1681.25
-440.896
-276.959
-506.004
-447.066
-423.811
-437.367
-380.621
-427.108
-302.222
-493.574
-210.163
-800.136
-67.2987
-2122.74
-1681.36
-440.921
-277.04
-506.165
-447.279
-424.128
-437.81
-381.46
-428.798
-306.128
-504.804
-227.142
-802.452
-66.3874
-2010.45
-1681.46
-440.948
-277.066
-506.23
-447.368
-424.297
-438.085
-381.969
-429.53
-307.639
-506.38
-223.209
-796.875
-77.479
-1928.48
-1681.57
-441.055
-277.136
-506.331
-447.477
-424.4
-438.187
-382.02
-429.729
-307.528
-507.534
-226.037
-811.698
-68.7178
-1945.89
-1681.67
-441.148
-277.146
-506.338
-447.465
-424.347
-438.122
-381.675
-429.133
-304.809
-502.908
-211.556
-802.855
-81.7327
-2065.49
-1681.8
-441.31
-277.202
-506.386
-447.479
-424.241
-437.916
-381.073
-427.962
-302.138
-491.891
-209.373
-778.501
-99.7347
-2265.31
-1681.89
-441.427
-277.186
-506.343
-447.418
-424.108
-437.895
-380.856
-428.742
-302.345
-498.516
-214.072
-718.666
-31.2737
-2477.97
-1682.01
-441.636
-277.244
-506.364
-447.392
-423.916
-437.742
-380.364
-429.303
-301.452
-500.539
-204.049
-640.96
117.207
-2482.01
-1682.07
-441.733
-277.213
-506.317
-447.35
-423.833
-437.896
-380.446
-431.366
-302.807
-516.259
-214.823
-726.056
93.8416
-2368.34
-1682.17
-441.966
-277.291
-506.329
-447.306
-423.597
-437.829
-380.058
-434.024
-303.365
-539.807
-212.271
-879.439
66.4755
-2285.95
-1830.96
-493.268
-303.028
-554.969
-496.068
-472.921
-502.208
-440.306
-532.291
-366.41
-714.973
-245.727
-1277.03
95.3587
-3072.19
-1831.06
-493.21
-303.044
-555.082
-496.219
-473.237
-502.152
-440.628
-527.947
-365.573
-673.914
-243.525
-912.592
137.23
-3229.96
-1831.19
-493.15
-303.085
-555.182
-496.299
-473.354
-501.949
-440.504
-525.045
-363.393
-648.614
-221.547
-780.578
172.924
-3293.71
-1831.32
-493.098
-303.115
-555.302
-496.451
-473.659
-502.112
-441.112
-524.042
-365.94
-648.412
-249.401
-900.377
-215.334
-3273.55
-1831.45
-493.101
-303.179
-555.453
-496.616
-473.904
-502.235
-441.483
-523.334
-366.376
-645.002
-250.711
-967.86
-267.658
-2867.01
-1831.58
-493.113
-303.22
-555.576
-496.781
-474.197
-502.608
-442.238
-524.113
-368.451
-648.42
-247.1
-979.154
-166.205
-2461.69
-1831.7
-493.173
-303.289
-555.725
-496.968
-474.466
-502.953
-442.921
-525.247
-371.504
-655.397
-261.526
-1023.93
-139.475
-2284.27
-1831.82
-493.244
-303.331
-555.824
-497.101
-474.669
-503.254
-443.417
-525.894
-372.839
-656.847
-266.422
-1026.85
-122.344
-2209.47
-1831.94
-493.35
-303.393
-555.934
-497.236
-474.811
-503.412
-443.542
-526.042
-372.594
-656.357
-262.923
-1023.15
-126.758
-2269.65
-1832.04
-493.457
-303.427
-555.992
-497.312
-474.881
-503.53
-443.457
-525.866
-370.644
-652.091
-248.784
-974.178
-158.22
-2433.88
-1832.14
-493.593
-303.483
-556.062
-497.393
-474.896
-503.553
-443.134
-525.468
-368.545
-647.764
-249.468
-965.66
-266.469
-2844.41
-1832.23
-493.711
-303.501
-556.083
-497.446
-474.921
-503.794
-443.15
-526.791
-368.378
-653.289
-248.305
-918.564
-247.316
-3277.67
-1832.3
-493.863
-303.556
-556.127
-497.503
-474.883
-503.967
-442.912
-528.073
-366.048
-652.301
-220.222
-784.292
159.644
-3338.75
-1832.35
-493.956
-303.56
-556.132
-497.555
-474.928
-504.389
-443.263
-531.37
-368.605
-678.437
-242.349
-915.457
145.542
-3263.28
-1832.41
-494.105
-303.627
-556.162
-497.597
-474.867
-504.77
-443.356
-536.182
-370.186
-720.385
-246.41
-1285.15
96.7935
-3111
-1985.66
-551.705
-333.026
-613.634
-558.017
-537.159
-584.655
-519.217
-648.043
-445.422
-875.785
-264.062
-1483.15
306.201
-4218.12
-1985.81
-551.718
-333.062
-613.756
-558.151
-537.394
-584.412
-519.267
-643.254
-444.006
-833.083
-255.678
-1066.14
378.174
-4424.25
-1985.99
-551.667
-333.081
-613.831
-558.182
-537.437
-584.11
-519.036
-640.338
-441.786
-808.501
-239.927
-945.804
428.336
-4354.93
-1986.17
-551.671
-333.125
-613.959
-558.315
-537.68
-584.166
-519.57
-639.424
-445.756
-808.773
-275.58
-1029.29
-90.4106
-4411.41
-1986.34
-551.699
-333.176
-614.085
-558.431
-537.845
-584.224
-519.934
-639.499
-448.463
-819.976
-303.299
-1270.35
-461.283
-3890.16
-1986.51
-551.76
-333.228
-614.222
-558.596
-538.106
-584.553
-520.631
-640.323
-451.529
-821.746
-315.37
-1221.88
-223.479
-3307.03
-1986.67
-551.842
-333.292
-614.362
-558.76
-538.321
-584.826
-521.133
-641.194
-453.616
-826.04
-316.929
-1247.17
-154.749
-2800.98
-1986.83
-551.952
-333.353
-614.495
-558.934
-538.557
-585.171
-521.643
-641.988
-455.048
-828.622
-324.067
-1267.11
-120.383
-2722.56
-1986.97
-552.074
-333.42
-614.619
-559.09
-538.727
-585.36
-521.806
-642.021
-454.421
-826.912
-315.846
-1250.87
-139.688
-2881.77
-1987.1
-552.215
-333.482
-614.73
-559.248
-538.912
-585.624
-521.967
-642.148
-453.208
-824.587
-313.378
-1229.7
-215.405
-3421.1
-1987.2
-552.357
-333.549
-614.828
-559.387
-539.028
-585.796
-521.837
-641.957
-450.508
-821.836
-299.919
-1261.96
-406.425
-3951.04
-1987.3
-552.504
-333.605
-614.913
-559.543
-539.2
-586.206
-521.996
-642.838
-448.488
-814.436
-274.276
-1043.91
-51.7415
-4437.99
-1987.36
-552.644
-333.673
-614.99
-559.677
-539.298
-586.616
-521.975
-644.468
-444.872
-814.562
-237.448
-952.833
450.991
-4406.17
-1987.41
-552.756
-333.711
-615.045
-559.813
-539.466
-587.218
-522.516
-648.037
-447.456
-841.25
-252.271
-1076.91
410.752
-4469.39
-1987.44
-552.876
-333.788
-615.105
-559.928
-539.562
-587.918
-523.019
-653.692
-449.733
-886.256
-261.172
-1508.86
324.997
-4239.37
-2145.42
-623.096
-367.679
-681.096
-630.697
-611.046
-677.691
-607.986
-775.42
-533.748
-1065.79
-290.933
-1843.24
539.322
-5592.5
-2145.61
-623.151
-367.729
-681.245
-630.867
-611.298
-677.474
-607.82
-770.48
-530.576
-1019.78
-282.962
-1391.43
683.248
-5880.94
-2145.82
-623.091
-367.731
-681.309
-630.878
-611.295
-677.157
-607.412
-767.639
-527.59
-994.06
-268.475
-1245.33
683.842
-5805.38
-2146.04
-623.124
-367.783
-681.461
-631.04
-611.54
-677.253
-607.728
-766.608
-529.609
-985.827
-277.389
-1208.95
554.939
-5834.15
-2146.23
-623.155
-367.819
-681.578
-631.145
-611.662
-677.351
-607.949
-767.166
-532.019
-996.978
-301.762
-1365.81
-281.794
-5855.29
-2146.45
-623.241
-367.879
-681.743
-631.356
-611.955
-677.83
-608.708
-769.458
-536.948
-1019.28
-346.996
-1630.54
-499.42
-5111.89
-2146.63
-623.33
-367.934
-681.889
-631.534
-612.162
-678.163
-609.13
-770.549
-539
-1021.78
-354.512
-1576.25
-199.233
-4132.88
-2146.81
-623.462
-368.009
-682.063
-631.776
-612.482
-678.642
-609.782
-771.71
-540.883
-1026.09
-357.521
-1586.9
-125.831
-3895.65
-2146.97
-623.589
-368.077
-682.21
-631.974
-612.708
-678.921
-609.993
-771.793
-539.641
-1024.33
-351.423
-1594.48
-221.74
-4453.45
-2147.12
-623.753
-368.162
-682.379
-632.227
-613.042
-679.318
-610.436
-771.733
-538.34
-1021.13
-340.937
-1635.78
-460.536
-5383.4
-2147.22
-623.893
-368.236
-682.507
-632.424
-613.27
-679.615
-610.538
-771.086
-534.353
-1002.77
-297.05
-1348.35
-119.758
-5969.23
-2147.33
-624.06
-368.323
-682.661
-632.688
-613.624
-680.221
-611.102
-772.008
-532.947
-995.693
-276.075
-1225.38
611.711
-5950.45
-2147.37
-624.188
-368.394
-682.77
-632.885
-613.865
-680.892
-611.653
-774.772
-531.992
-1007.18
-267.236
-1267.11
745.896
-5900.38
-2147.43
-624.319
-368.454
-682.878
-633.102
-614.177
-681.697
-612.589
-778.894
-535.672
-1037.29
-280.369
-1424.78
733.504
-5962.12
-2147.43
-624.412
-368.528
-682.963
-633.27
-614.406
-682.682
-613.73
-785.732
-540.845
-1087.65
-290.484
-1851.55
592.797
-5638.47
-2294.75
-705.224
-407.55
-756.581
-719.379
-701.721
-795.832
-717.893
-940.973
-644.279
-1304.79
-346.6
-2068.12
937.315
-7712.09
-2295
-705.332
-407.615
-756.764
-719.503
-701.943
-795.288
-717.174
-935.748
-639.112
-1272.9
-339.924
-1902.93
1071.28
-7955.33
-2295.27
-705.278
-407.6
-756.818
-719.437
-701.86
-794.766
-716.48
-932.907
-636.154
-1254.23
-332.256
-1836.46
1035.82
-7964.18
-2295.56
-705.356
-407.662
-756.998
-719.554
-702.047
-794.605
-716.123
-930.888
-634.016
-1236.9
-318.93
-1671.27
1149.12
-8027.67
-2295.82
-705.42
-407.689
-757.109
-719.586
-702.056
-794.526
-715.771
-931.27
-633.322
-1242.19
-307.416
-1664.34
638.448
-8098.15
-2296.1
-705.559
-407.764
-757.302
-719.789
-702.306
-794.944
-716.033
-933.88
-635.692
-1274.44
-340.885
-2095.44
-230.596
-7515.46
-2296.35
-705.696
-407.826
-757.455
-719.941
-702.445
-795.256
-716.069
-935.771
-636.462
-1288.16
-362.48
-2162.68
-33.9516
-6352.81
-2296.6
-705.89
-407.928
-757.674
-720.229
-702.813
-795.799
-716.647
-936.807
-636.994
-1285.54
-352.715
-2069.9
141.53
-6014.15
-2296.81
-706.072
-408.019
-757.852
-720.465
-703.086
-796.22
-716.96
-937.928
-635.896
-1293.46
-351.267
-2160.98
-27.6135
-7082.59
-2297.02
-706.303
-408.149
-758.09
-720.825
-703.601
-796.807
-717.943
-937.381
-635.482
-1273.93
-321
-1959.02
11.0211
-8098.83
-2297.16
-706.499
-408.261
-758.267
-721.119
-703.992
-797.403
-718.746
-937.555
-633.851
-1253.3
-287.618
-1631.89
963.252
-8364.8
-2297.31
-706.732
-408.404
-758.497
-721.538
-704.596
-798.419
-720.189
-939.711
-635.954
-1257.44
-302.241
-1699.97
1295.6
-8263.14
-2297.38
-706.903
-408.525
-758.659
-721.877
-705.048
-799.656
-721.77
-945.095
-639.592
-1287.89
-314.106
-1894.11
1192.56
-8117.71
-2297.45
-707.085
-408.632
-758.825
-722.228
-705.551
-800.87
-723.245
-950.113
-643.391
-1314.97
-320.38
-1993.19
1232.46
-8013.33
-2297.46
-707.211
-408.758
-758.959
-722.542
-705.974
-802.479
-725.301
-958.582
-650.686
-1359.81
-326.641
-2209.94
1112.81
-7631.7
-2443.03
-809.372
-455.018
-842.558
-819.609
-799.67
-921.39
-836.225
-1120.83
-781.374
-1619.32
-455.027
-3019.02
1342.55
-11061.1
-2443.28
-809.492
-455.062
-842.791
-819.718
-800.006
-920.706
-835.47
-1115.71
-774.259
-1603.89
-409.854
-3153.72
1243.28
-10481.1
-2443.54
-809.416
-455.007
-842.828
-819.536
-799.761
-919.81
-833.846
-1112.19
-765.627
-1589.53
-369.115
-3134.48
1150.02
-10599.2
-2443.83
-809.488
-455.04
-843.033
-819.595
-799.892
-919.388
-832.69
-1109.89
-760.219
-1579.62
-367.969
-2970.16
974.599
-10612.3
-2444.08
-809.527
-455.021
-843.124
-819.514
-799.671
-918.849
-830.763
-1107.5
-749.068
-1545.36
-298.319
-2376.63
1331.28
-11071.3
-2444.36
-809.653
-455.073
-843.339
-819.701
-799.842
-919.201
-830.185
-1110.93
-747.996
-1583.52
-346.186
-2560.79
633.06
-11271.4
-2444.6
-809.764
-455.106
-843.495
-819.827
-799.859
-919.448
-829.298
-1113.32
-744.329
-1611.58
-378.546
-3037.22
256.96
-9533.68
-2444.86
-809.948
-455.207
-843.763
-820.181
-800.311
-920.111
-829.85
-1114.55
-743.325
-1602.86
-349.126
-2842.15
652.737
-9298.98
-2445.06
-810.11
-455.293
-843.974
-820.484
-800.648
-920.781
-830.11
-1117.25
-740.828
-1625.47
-341.389
-3053.56
388.517
-10477.1
-2445.27
-810.338
-455.449
-844.294
-820.985
-801.462
-921.641
-832.248
-1116.26
-744.753
-1581.55
-315.641
-2350.33
874.862
-12103.7
-2445.41
-810.512
-455.576
-844.522
-821.404
-802.072
-922.707
-833.955
-1118.66
-746.067
-1583.7
-286.44
-2444.29
1458.91
-11444.5
-2445.55
-810.748
-455.762
-844.857
-822.021
-803.055
-924.384
-837.061
-1124.2
-756.176
-1626.32
-323.986
-3114.66
1061.2
-11178.8
-2445.61
-810.893
-455.891
-845.06
-822.5
-803.713
-926.256
-839.73
-1132.29
-764.274
-1663.46
-329.86
-3319.57
1241.42
-10797.6
-2445.68
-811.078
-456.035
-845.299
-823.016
-804.474
-928.064
-842.217
-1139.91
-772.669
-1704.51
-355.634
-3486.43
1269.11
-10522.1
-2445.66
-811.144
-456.171
-845.439
-823.43
-804.96
-930.242
-844.882
-1151.4
-784.271
-1754.01
-401.622
-3469.93
1289.49
-10693
-2525.98
-943.97
-518.088
-920.504
-950.296
-923.11
-1092.97
-972.17
-1368.99
-886.614
-2060.73
-333.981
-4657.38
1753.97
-14779.2
-2526.34
-944.238
-518.17
-920.977
-950.294
-924.164
-1091.19
-972.988
-1356.28
-878.796
-1990.67
-320.195
-4526.59
1192.85
-15262.5
-2526.72
-944.242
-518.084
-921.113
-949.993
-924.229
-1089.97
-972.554
-1353.21
-879.001
-1985.03
-360.504
-4558.24
1095.89
-16577.6
-2527.16
-944.456
-518.142
-921.509
-949.99
-924.788
-1089.1
-971.458
-1347.53
-864.519
-1931.19
-248.851
-3521.6
2104.52
-17136.6
-2527.56
-944.633
-518.116
-921.697
-949.846
-924.755
-1088.78
-969.968
-1349.99
-859.222
-1958.36
-250.677
-3577.81
2490.54
-17157
-2527.98
-944.916
-518.204
-922.029
-950.049
-925.063
-1089.24
-968.39
-1354.39
-843.865
-2020.26
-181.503
-4225.56
1939.07
-15770.2
-2528.37
-945.186
-518.265
-922.243
-950.176
-925.089
-1089.75
-966.938
-1359.04
-835.813
-2044.08
-144.637
-4178.93
1292.44
-14227.6
-2528.75
-945.527
-518.423
-922.58
-950.569
-925.626
-1090.38
-967.08
-1360.01
-829.86
-2056.62
-96.8813
-4250.08
2092.1
-14077.1
-2529.09
-945.847
-518.567
-922.816
-950.927
-925.918
-1091.5
-966.531
-1367.04
-822.494
-2093.19
-121.543
-4427.55
1694.43
-15253.7
-2529.4
-946.22
-518.801
-923.191
-951.484
-926.95
-1092.01
-969.798
-1360.7
-834.799
-2002.82
-183.078
-3829.85
1917.51
-17757.9
-2529.64
-946.538
-519.008
-923.42
-952.015
-927.614
-1093.62
-972.15
-1367.09
-839.015
-2013.55
-127.94
-3582.78
3294.68
-17574.5
-2529.86
-946.897
-519.289
-923.779
-952.793
-928.792
-1095.57
-976.232
-1371.62
-852.44
-2032.44
-226.5
-3915.56
1867.04
-18318.9
-2529.99
-947.161
-519.53
-923.944
-953.5
-929.407
-1098.78
-979.316
-1389.46
-862.322
-2142.32
-263.127
-5002.94
1319.62
-17087.7
-2530.11
-947.433
-519.763
-924.171
-954.23
-930.2
-1101.65
-981.698
-1402.15
-864.156
-2189.79
-200.989
-4956.33
1854.85
-15941.9
-2530.14
-947.613
-520.027
-924.239
-954.929
-930.437
-1105.74
-983.619
-1426.7
-871.105
-2325.43
-184.225
-5494.74
2770.65
-15278.6
-2781.32
-3774.53
-4622.66
-5695.75
-6943.04
-8471.71
-10359.8
-12787.1
-15946.5
-20081.4
-26734.6
-31262.3
-56554.3
-46338
-147387
-1060.25
-1229.39
-1298.59
-1537.47
-1829.54
-2240.38
-2830.44
-3604.77
-4860.25
-6307.32
-9472.67
-12002
-17077.6
-27516.3
-19558.1
-643.943
-805.136
-945.303
-1200.38
-1476.61
-1865.67
-2353.39
-3077.74
-4010.06
-5563.6
-7367.51
-11407.5
-14240
-30145.9
-5317.51
-1045.31
-1327.04
-1580
-1929.13
-2321.15
-2844.97
-3500.81
-4442.17
-5708.61
-7506.76
-9837.93
-12405.9
-15011.5
-17422.6
-7930.45
-1085.79
-1347.61
-1583.03
-1915.23
-2299.18
-2809.54
-3447.52
-4367.93
-5574.34
-7101.18
-8778.19
-10045.8
-10662.4
-8897.27
-6022.62
-1046.27
-1295.23
-1513.93
-1810.47
-2145.53
-2591.8
-3148.59
-4035.14
-5218.44
-6678.76
-8100.44
-8606.35
-9949.76
-4385.68
-4292.22
-1243.57
-1530.89
-1805.36
-2188.85
-2616
-3178.9
-3884.27
-5081.5
-6423.7
-7767.64
-8465.53
-8988.66
-9446.09
-8860.29
-10507.1
-1114.02
-1351.92
-1555.83
-1821.25
-2082.59
-2468.46
-2990.4
-4167.02
-5412.17
-6802.42
-7465.64
-7919.27
-7402.37
-8316.77
388.145
-1556.59
-1839.25
-2203.98
-2712.76
-3113.37
-3830.6
-4952.73
-7157.94
-9130.44
-9825.56
-9051.07
-8579.02
-8887.29
-3919.04
-16991.7
-1154.07
-1341.88
-1626.27
-1926.79
-2373.25
-4181.14
-4064.27
-5460.47
-5930.12
-7403.29
-7178.82
-10027.6
-6293.75
-7798.09
-1893.83
-2229.96
-2311.93
-3796.46
-4830.29
-6371.52
-6021.55
-5904.73
-11196.6
-14670.5
-14756.1
-11600.2
-13584.1
-5641
-9899.04
-19957.3
-871.376
-1311.72
-1970.28
-1394.24
-3164.51
-2952.58
-2197.65
-5519.34
-6236.77
-8780.29
-8913.98
-10549.5
-9550.92
-11221.7
-15651.4
-7039.29
-4096.77
-9289.32
-11505.6
-9855.6
-1069.08
-13022.8
-35166.8
-30016.3
-25897
-17101.9
-24455
-27464
-14797.1
-34342.2
1340.66
1963.7
1510.54
-2605.02
-97.2244
162.372
195.874
1509.22
68.984
39.5742
1942.24
-13742.1
-15012.6
-9403.5
-25477.7
-25056.8
-34974
-33289.2
-25020.6
-33205
-45453
-41015.7
-30366.3
-39121.4
-61532.9
-95191.2
-133542
-151307
-147920
-59861.2
-2781.5
-3775.32
-4623.01
-5697.76
-6942.46
-8478.78
-10353.2
-12811.6
-15926.4
-20150.6
-26668.8
-31377.2
-56686.2
-46311.1
-144838
-1060.44
-1230.03
-1299.12
-1539.15
-1830.07
-2244.72
-2827.21
-3613.94
-4840.7
-6330.93
-9426.82
-12062.5
-17172.4
-27327.6
-19446.2
-643.858
-805.039
-945.011
-1199.91
-1474.99
-1864.3
-2347.63
-3074.45
-3997.72
-5567.61
-7359.93
-11436.4
-14263.4
-30145.9
-7282.7
-1045.92
-1328.35
-1582.07
-1931.76
-2323.69
-2846.63
-3494.63
-4433.74
-5680.84
-7503.23
-9793.81
-12540.7
-14932.4
-18679.5
-5006.73
-1085.05
-1346.82
-1580.55
-1909.38
-2287.44
-2784.95
-3397.3
-4298.83
-5482.86
-7048.8
-8746.23
-10220.3
-10906.5
-9734.02
-3138.68
-1047.48
-1299.76
-1519.65
-1816.45
-2147.74
-2571.98
-3097.05
-3963.13
-5122.23
-6614.07
-8052.59
-8795.95
-9972.16
-5238.09
-8356.25
-1238.67
-1524.6
-1781.8
-2143.44
-2527.58
-2991.81
-3559.5
-4677.18
-6006.39
-7491.93
-8302.78
-8933.52
-8902.5
-8786.45
-12174
-1115.29
-1365.49
-1559.48
-1826.65
-2016.18
-2213.15
-2653.25
-3865.74
-5192.77
-6614.3
-7329.78
-7759.32
-7214.63
-8349.69
-4571.27
-1534.74
-1789.37
-2022.76
-2443.74
-2583.98
-3213.42
-4680.53
-7217.42
-8951.74
-9531.73
-8650.89
-8136.82
-9333.5
-4844.18
-23546.7
-1151.6
-1327.67
-1575.35
-1881.38
-1982.54
-4042.43
-4699.91
-6228.58
-6048.66
-6854.27
-6301.82
-8993.71
-7611.99
-9302.43
-5902.44
-2168.82
-1959.12
-2905.53
-3624.77
-5605.03
-7160.32
-7341.46
-11966.7
-15028.6
-14672
-12254.5
-14431.4
-8495.99
-11875.7
-22880.1
-963.181
-1201.33
-1547.44
-841.54
-3999.17
-4192.09
-2897.64
-5771.95
-6211.03
-8198.69
-8896.02
-10774.4
-8069.7
-12211
-11809.5
-4370.04
-3923.19
-7319.38
-14363.4
-15439.3
-3654.48
-12962.9
-33017.7
-29324.1
-26059.1
-21572.9
-25528
-31941.1
-13721
-23248.7
2936.29
4841.88
3557.59
-3993.96
-2859.87
-24.7963
672.823
1236.85
-237.121
-820.894
1726.71
-12072
-27843
-23064.4
-12161.5
-28538.1
-32972.6
-32548.8
-30299.2
-31987.7
-43360.3
-39767.3
-30920.4
-37037.5
-51672.1
-65687.3
-83708.3
-109607
-147402
-51207.7
-2781.67
-3776.12
-4623.3
-5700.06
-6941.42
-8487.09
-10344.5
-12842.4
-15903.7
-20234.6
-26642.3
-31398.6
-57302.6
-46295.2
-145893
-1060.42
-1230.1
-1299.01
-1539.52
-1829.32
-2246.12
-2823.53
-3615.76
-4830.18
-6327.15
-9435.84
-11985.9
-17067.3
-27610.1
-19670.1
-643.665
-804.694
-944.493
-1199.11
-1473.4
-1862.86
-2344.2
-3072.99
-3994.64
-5572.2
-7361.74
-11427.7
-14168.5
-29984.8
-6430.18
-1046.04
-1328.7
-1582.69
-1932.41
-2324.02
-2847.29
-3492.21
-4435.31
-5671.17
-7522.05
-9782.73
-12659.2
-15057.7
-19061.1
-4765.36
-1084.1
-1345.43
-1577.77
-1904.04
-2278.17
-2769.2
-3370.66
-4269.76
-5442.97
-7053
-8740.3
-10413
-10912.4
-10487
-4051.02
-1047.07
-1300.32
-1520.29
-1816.5
-2146.38
-2567.81
-3088.97
-3952.22
-5103.86
-6637.85
-8038.03
-8937.66
-9644.12
-5909.07
-7823.76
-1234.72
-1519.29
-1767.58
-2117.39
-2479.47
-2884.27
-3376.28
-4468.28
-5790.72
-7347.04
-8215.09
-8948.44
-9020.82
-8367.54
-12536
-1111.55
-1366.41
-1557
-1823.13
-1984.23
-2178.55
-2684.57
-3888.92
-5173.82
-6609.67
-7300.51
-7915
-7916.43
-8146.21
-5294.73
-1520.23
-1770.55
-1961.46
-2358.68
-2408.01
-2914.4
-4225.61
-6596.69
-8136.06
-9200.77
-8436.01
-8374.27
-9004.73
-4770.34
-22628.2
-1125.49
-1320.61
-1573.27
-1917.55
-1893.1
-3494.85
-4346.1
-5873.55
-5480.33
-6058.5
-5509.09
-8398.59
-7529.35
-10006.9
-4768.04
-2053.96
-1891.61
-2411.68
-2913.19
-4259.81
-6537.4
-7451.91
-12106
-14695.8
-14225.8
-12307.1
-14738.8
-11011.3
-11811.3
-19354.4
-755.966
-829.688
-1320.56
-1356.23
-3840.38
-4489.25
-3318.27
-5992.78
-6375.62
-7961.43
-9019.03
-11083.1
-7867.89
-10616.3
-312.82
-3494.58
-4544.23
-5566.11
-6895.76
-11087.5
-6545.06
-14706.7
-29768.8
-30069
-26529.8
-23349.9
-21193.8
-19675.6
-14821.1
-15612.1
4253.17
-414.293
76.4717
-2060.34
-686.811
2783.04
746.535
2721.02
750.911
-252.347
2728.94
-5782.47
-13245.9
-24059.9
-7411.19
-29517.6
-34742.1
-34978.9
-39593.9
-40852.8
-40372.1
-41760.1
-33332.2
-37075.5
-49208.2
-58301.5
-73610.7
-105971
-146824
-65446.4
-2781.87
-3777.1
-4623.6
-5702.73
-6940.13
-8497.02
-10334.3
-12879.4
-15873.2
-20336.1
-26606.1
-31410.7
-57701
-46444.7
-146097
-1060.54
-1230.58
-1299.26
-1540.94
-1829.14
-2250.31
-2819.51
-3625.39
-4814.58
-6342.88
-9433.89
-11965.8
-17122.9
-27783.9
-19726.4
-643.57
-804.571
-944.215
-1198.75
-1472.02
-1862.72
-2341.09
-3075.87
-3990.69
-5589.36
-7373.3
-11429.9
-14174.1
-29567.1
-5838.17
-1046.48
-1329.63
-1584.24
-1934.2
-2325.57
-2850.27
-3491.27
-4441.21
-5659.5
-7556.07
-9774.64
-12856
-15333.3
-19880.7
-6514.23
-1083.43
-1344.45
-1575.48
-1898.58
-2269.03
-2756.45
-3348.32
-4246.45
-5402.22
-7074.38
-8741.77
-10740
-11080
-11812.4
-2841.05
-1047.24
-1302.51
-1523.68
-1818.55
-2148.18
-2570.23
-3079.71
-3934.39
-5073
-6664.15
-8046.76
-9240.37
-9671.13
-7153.92
-5952.64
-1231.59
-1514.91
-1753.05
-2084.57
-2434.32
-2811.86
-3251.91
-4314.7
-5627.83
-7261.27
-8168.3
-9174
-9363.31
-9119.76
-11851.8
-1107.11
-1370.11
-1559.04
-1819.4
-1988.72
-2178.54
-2663.76
-3856.27
-5187.21
-6720.64
-7333.77
-8317.4
-8609.2
-8777.13
-4010.01
-1515.38
-1764.2
-1912.27
-2256.65
-2311.19
-2781.18
-3952.6
-6277.44
-7890.25
-9065.11
-8187.08
-8698.28
-8676.18
-5201.12
-18903.9
-1094.81
-1319.66
-1581.56
-1965.78
-1828.37
-2912.4
-3970.34
-5588.64
-5211.09
-5732.2
-5177.66
-8235.57
-6754.98
-10941.6
-4421.36
-2118.8
-2024.8
-2351.02
-2674.16
-3184.68
-5710.02
-7856.76
-12002.7
-13753.6
-14620.3
-14238.5
-17314.5
-11542.8
-11787.4
-16329.5
-698.696
-563.382
-1251.58
-1645.38
-3102.38
-4141.06
-4266.04
-5915.9
-6082.32
-8544.17
-11091.5
-13216.5
-8277.77
-8604.96
8930.44
-4486.6
-8197.17
-7568.91
-3239.94
-7537.23
-9176.92
-15015.2
-22981
-27358
-26734.1
-26776.1
-21950.7
-13484.3
-18164.8
-13554.7
3819.48
-745.484
-1376.78
1917.53
5258.23
799.33
-2470.77
474.133
622.698
520.17
3519.57
-8867.8
-14208.3
-15235.7
-5964.42
-27492.5
-25501
-28995.8
-36470.3
-36846
-41570.8
-43479.2
-40000.3
-43620.9
-54615.8
-55775.6
-75503.4
-112385
-140102
-73858.5
-2782.06
-3778.01
-4623.89
-5705.38
-6938.39
-8506.76
-10322.7
-12918.6
-15839.8
-20450.3
-26586.5
-31409.9
-58187.1
-46456.4
-146154
-1060.62
-1230.99
-1299.4
-1542.38
-1828.76
-2255.3
-2815.65
-3640.17
-4802.8
-6368.39
-9456.97
-11951.3
-17306.4
-28055.7
-20592.5
-643.44
-804.348
-943.888
-1198.41
-1470.91
-1863.28
-2340.28
-3083.56
-3994.53
-5616.77
-7404.82
-11430.2
-14240
-29111.7
-5627.16
-1046.65
-1330
-1585.06
-1935.1
-2326.18
-2853.53
-3495.8
-4463.61
-5669.95
-7628.69
-9795.13
-13115.5
-15793.7
-20819.4
-9956.59
-1082.7
-1343.25
-1573.45
-1894.2
-2262.41
-2753.55
-3353.87
-4273.3
-5419
-7159.92
-8777.84
-11167.3
-11356.6
-13231.1
-3004.87
-1046.5
-1302.29
-1524.73
-1817.73
-2147.72
-2584.35
-3127.18
-4022.95
-5155.97
-6782.83
-8098.76
-9645.97
-9565.88
-8335.05
-3632.59
-1228.99
-1510.73
-1745.15
-2062.13
-2414.86
-2861.76
-3400.24
-4459.45
-5679.19
-7276.6
-8094.35
-9453.67
-9194.44
-10573.4
-11002.1
-1101.21
-1365.17
-1559.26
-1803.5
-2022.82
-2362.28
-2934.95
-4110.28
-5289.5
-6717.11
-7201.39
-8578.6
-8223.76
-9973.29
-3112.82
-1509.92
-1750.42
-1904.91
-2162.09
-2384.41
-2987.27
-4071.75
-5935.93
-7259.75
-8260.66
-7524.1
-8597.16
-7884.67
-5566.89
-13428.5
-1071.63
-1284.24
-1538.55
-1859.14
-1893.68
-2584.46
-3482.6
-4775.42
-4668.82
-5658.7
-5288.17
-8140.59
-6486.75
-11275.5
-66.2362
-2048.27
-1973.56
-2255.95
-2450.35
-2767.44
-4832.84
-7151.52
-10844.3
-13396.6
-14650
-11820.4
-17252.6
-12007.1
-12926.1
-12263.9
-571.266
-284.19
-1061.1
-1800.46
-1978.78
-3368.76
-3043.65
-4984.73
-5751
-8382.79
-8896.84
-14067.1
-4221.33
-9585.62
14368.4
-5938.94
-7563.92
-8448.27
-4735.69
-7927.82
-14951.2
-19653.5
-22050.5
-26938.2
-28560.5
-27215
-22230.9
-8475.94
-18432
-15613.2
2256.7
-540.687
-2522.37
-1385.23
713.677
-3440.57
-6304.42
-1921.32
-885.56
670.214
2654.04
-9330.21
-4327.96
2093.62
-8453.03
-23689.9
-23931.6
-29389.8
-39368.7
-40621.6
-35102.3
-35102.1
-38106.6
-43165
-50428.8
-56965.7
-83187.8
-112951
-130575
-85408
-2782.26
-3778.98
-4624.25
-5708.26
-6936.9
-8517.23
-10310.7
-12960.2
-15801.2
-20577.8
-26572.1
-31416.1
-58656.8
-46543.2
-146043
-1060.79
-1231.59
-1299.67
-1544.28
-1828.56
-2261.96
-2811.71
-3661.36
-4787.8
-6408.5
-9468.65
-11964.5
-17551.1
-28206.7
-21245.1
-643.448
-804.354
-943.878
-1198.57
-1470.54
-1865.3
-2340.77
-3094.62
-3997.63
-5654.59
-7440.83
-11456.3
-14440.8
-28751.2
-5567.71
-1046.99
-1330.64
-1586.17
-1936.17
-2327.02
-2857.51
-3500.14
-4486.95
-5676.83
-7722.09
-9816.14
-13478.4
-16374.3
-22274.6
-14257.9
-1082.51
-1342.92
-1572.63
-1891.52
-2259.32
-2756.17
-3365.04
-4306.84
-5441.17
-7277.06
-8841.31
-11756
-11854.2
-15333.3
-5646.39
-1046.13
-1303.31
-1526.26
-1816.02
-2145.76
-2592.32
-3152.3
-4067.95
-5198.74
-6903.78
-8199.29
-10245.5
-9575.56
-9982.98
-1316.31
-1228.3
-1510.07
-1738.21
-2043.4
-2406.93
-2905.51
-3525.07
-4608.2
-5777.99
-7379.88
-8135.12
-9972.2
-8709.74
-13442.8
-10101.1
-1093.53
-1368.03
-1557.24
-1783.18
-2017.11
-2414.2
-3001.74
-4107.84
-5256.49
-6734.38
-7164.59
-8919.63
-7517.39
-13041.2
-4408.91
-1521.96
-1770.38
-1860.8
-2068.08
-2432.73
-3216.99
-4359.82
-6279.65
-7038.23
-7460.53
-7177.12
-8538.3
-7130.35
-7130.37
-12728.9
-1001.6
-1323.82
-1505.15
-1787.7
-1990.85
-2754.68
-3477.63
-4811.96
-5173.06
-5657.16
-5350.24
-7730.8
-6749.82
-11355.6
3445.97
-2319.07
-2345.65
-1992.95
-2479.56
-3330.63
-5497.22
-7845.07
-11037.2
-10030.4
-11961.5
-11492.7
-15108.6
-11609.3
-15385
-9002.21
-295.281
-1295.25
-1524.33
-1906.59
-2191.05
-3458.58
-3917.78
-5785.3
-6148.36
-7680.34
-8980.04
-13910.2
-2706.12
-11839.1
13443.8
-5776.25
-6066.25
-5664.55
-5186.03
-10603.9
-13424.6
-13408.7
-25265.1
-35134.5
-34538.3
-32834.6
-20720.9
-10209.5
-18925.3
-19892.2
1488.56
-508.155
593.875
4365.1
2021.67
-1264.82
-518.736
1652.14
-1484.99
219.243
-1480.25
-4446.54
16716.1
11886.9
-10622.1
-20505.6
-25461.5
-31384.8
-34608.7
-34091.1
-31992.7
-41312.8
-36240.6
-42444.5
-51982.9
-57896.1
-92736.9
-96617.6
-125210
-89141.6
-2782.45
-3779.91
-4624.61
-5710.97
-6935.42
-8527.21
-10299.3
-13002.4
-15758.3
-20717.1
-26561.3
-31469.2
-59082.4
-46461.6
-145771
-1060.95
-1232.18
-1299.94
-1546.26
-1828.3
-2269.48
-2807.73
-3688.64
-4773.27
-6464.76
-9475.39
-11988.4
-17902.7
-28337.6
-21780.7
-643.472
-804.373
-943.934
-1198.81
-1470.39
-1867.52
-2341.33
-3107.28
-3999.84
-5699.11
-7476.86
-11485.7
-14762.3
-28618.5
-5893.45
-1047.21
-1331.02
-1586.94
-1936.98
-2327.99
-2861.79
-3505.4
-4515.88
-5686.93
-7838.92
-9836.62
-13904.3
-17090.9
-24185.3
-18978.1
-1082.37
-1342.62
-1572.04
-1889.5
-2256.76
-2757.38
-3373.63
-4340.99
-5460.27
-7405.88
-8900.49
-12452.2
-12360
-18515.9
-11673.6
-1045.6
-1303.19
-1526.45
-1813.76
-2143.64
-2597.33
-3179.33
-4126.66
-5251.95
-7026.03
-8316.56
-10952.1
-9492.75
-12666.4
-2691.64
-1227.57
-1508.92
-1733.51
-2027.84
-2389.72
-2906.48
-3583.53
-4679
-5765.27
-7394.73
-8166.26
-10622.9
-8076.46
-17982.5
-11526.9
-1088.48
-1366.03
-1548.34
-1750.6
-1985.11
-2431.46
-3089.61
-4213.76
-5103.95
-6498.6
-7155.11
-9388.62
-7134
-18638.3
-6295.92
-1518.83
-1767.4
-1821.11
-1942.54
-2339.66
-3140.24
-4238.58
-5528.63
-6021.43
-7458.35
-7593.19
-8701.65
-6517.55
-11423.7
-10977.2
-982.115
-1334.57
-1350.99
-1528.09
-1819.89
-2561.09
-3454.22
-4196.22
-4769.33
-6828.74
-6325.3
-7590.82
-6396.93
-11936.5
2333.67
-2277.74
-2309.9
-1810.68
-2256.03
-3187.51
-4678.55
-5991.77
-8429.96
-10271.9
-12129.3
-10078
-11139.2
-10265
-15915.8
-9186.83
-592.862
-879.708
-922.961
-744.734
-1369.15
-3456.96
-4259.43
-5890.93
-7550.99
-10117.3
-9598.06
-12143.4
-6501.87
-12590.9
7182.83
-5050.68
-4963.16
-4858.69
-5954.63
-8174.63
-13063.7
-14998.7
-20578.1
-28296.6
-29184.9
-24588.8
-22230.2
-18793.4
-19430.5
-24038
1705.72
-52.2338
-1866.78
-4189.94
-3787.9
-4304.52
448.34
4301.3
4169.75
6025.34
9813.88
14401.3
21516.7
18976
-16259.6
-22264.1
-31055.9
-36938.3
-40713.5
-41253.5
-38412.8
-42936.2
-41593.2
-48772.9
-59364.8
-67030.5
-82082.8
-91616.3
-123570
-93170.5
-2782.65
-3780.81
-4625.03
-5713.6
-6934.45
-8536.65
-10290.1
-13043.4
-15711.6
-20863.6
-26527.2
-31634.2
-59319.7
-46359.9
-145421
-1061.19
-1232.88
-1300.33
-1548.44
-1828.3
-2277.88
-2803.68
-3720.87
-4758.27
-6545.22
-9466.69
-12075.5
-18369
-28699.8
-21201.9
-643.643
-804.614
-944.334
-1199.53
-1471.1
-1870.95
-2342.81
-3122.04
-3998.9
-5752.86
-7490.19
-11538.4
-15030.5
-28472.9
-6676.62
-1047.62
-1331.59
-1587.84
-1937.78
-2329.25
-2866.29
-3509.19
-4542.47
-5689.5
-7977.07
-9836.03
-14488.5
-18017.5
-26875.5
-22771.2
-1082.7
-1343.06
-1572.55
-1889.56
-2258.44
-2763.85
-3384.94
-4377.51
-5488.18
-7582.59
-8985.96
-13431.3
-13288.2
-23785.8
-18953
-1046.01
-1304.26
-1526.91
-1812.51
-2144.72
-2603
-3193.5
-4156.64
-5298.68
-7186
-8518.88
-11831
-9674.63
-17594.7
-11060.2
-1227.73
-1508.94
-1730.33
-2025.7
-2399.56
-2928.37
-3629.46
-4753.6
-5914.9
-7670.38
-8473.86
-11381.5
-7719.39
-24412.2
-16638.9
-1087.11
-1368.37
-1543.17
-1750.57
-2001.21
-2457.05
-3133
-4262.63
-5339.85
-6789.32
-7386.03
-9512.94
-7001.8
-23695.1
-7524
-1521
-1767.42
-1802.89
-1991.66
-2429.18
-3258.31
-4404.29
-5863.44
-6632.38
-8067.51
-7932.33
-8423.08
-5598.7
-11531.9
-5066.32
-960.451
-1334.94
-1343.33
-1530.32
-1785.19
-2580.51
-3687.15
-4870.4
-5924.26
-7340.01
-6284.17
-7341.78
-6046.06
-13114.7
-1212.11
-2327.7
-2365.66
-1798.74
-2536.28
-3771.41
-5423.98
-7134.82
-9209.39
-10343.6
-11461.7
-8067.23
-9234.26
-9643.64
-15523.9
-11149
-355.146
-883.547
-728.875
-820.03
-2474.17
-4927.45
-6936.49
-7319.74
-8496.76
-9536.09
-8424.75
-11938.9
-10707.2
-14493.1
-2140.76
-6159.38
-8504.38
-11847.6
-14193.4
-16943.3
-18127.7
-15447.6
-13566
-18482.2
-21164.8
-23139.6
-29032.7
-25084.7
-25230.1
-29803.4
2101.61
-932.169
-4124.75
-8062.9
-8979.39
-8475.22
-6347.44
-1137.8
4339.78
11146
20801.1
15481.6
23972.1
19365
-31942.7
-20744.2
-25658.5
-29273.1
-30364.1
-31524.9
-29760.8
-43016
-48734
-51084.9
-59559.2
-61592.5
-80037.7
-84977.2
-121834
-100672
-2782.81
-3781.6
-4625.44
-5715.92
-6933.81
-8544.47
-10283.9
-13080
-15667.2
-20999.8
-26467.2
-31888.9
-59428.8
-46457.3
-146301
-1061.41
-1233.55
-1300.74
-1550.58
-1828.47
-2286.23
-2800.06
-3755.29
-4747.67
-6646.26
-9461.35
-12297.7
-18591.5
-29278.3
-19891.8
-643.843
-804.885
-944.804
-1200.28
-1472
-1874.15
-2343.73
-3136.07
-3993.83
-5811.74
-7462.55
-11719.3
-14854.6
-28517.9
-7474.87
-1047.92
-1331.95
-1588.49
-1938.47
-2331.02
-2870.99
-3513.04
-4568.13
-5689.6
-8119.7
-9792.54
-15236
-18498.6
-29805.2
-25052.5
-1083.18
-1343.72
-1573.46
-1890.28
-2260.85
-2768.28
-3389.78
-4401.37
-5497.18
-7736.66
-9019.07
-14611.3
-14314.6
-30603.4
-22102.7
-1046.19
-1304.07
-1526.33
-1811.89
-2147.97
-2607.01
-3201.09
-4175.06
-5329.52
-7325.37
-8708.2
-12920.4
-10608.9
-25599.3
-22762.9
-1229.45
-1511.3
-1732.34
-2029.54
-2408.38
-2928.69
-3629
-4754.87
-5949.78
-7803.65
-8751.24
-11888.5
-8313.95
-34960.2
-24092.1
-1085.5
-1359.1
-1533.22
-1747.46
-2009.07
-2440.82
-3108.44
-4214.6
-5280.06
-6770.7
-7506.12
-9220.1
-7786.41
-28253.1
-5977.92
-1532.06
-1782.94
-1829.1
-2055.56
-2472.81
-3244.4
-4441.58
-5934.74
-6876.02
-8414.04
-8257.87
-8008.25
-5154.44
-3384.93
2611.84
-955.348
-1241.48
-1326.99
-1543.2
-1691.71
-2397.18
-3612.68
-4869.19
-5792.73
-7711.25
-6757.17
-7305.23
-5858.22
-12819.6
-3632.52
-2381.06
-2503.79
-2157.06
-2917.3
-4009.05
-5415.58
-7115.04
-8562.91
-10731.1
-13871
-9923.11
-10606.2
-10388.3
-15384.6
-12971.7
-263.89
-879.767
-424.232
-417.179
-1809.52
-4695.87
-5929.5
-7297.97
-9815.24
-10965.6
-10686.7
-12789.6
-12478.1
-19191.1
-15045.1
-5782.11
-7775.71
-8714.94
-10041.2
-11907.5
-15581.4
-16415.5
-14898
-19202.1
-21916.8
-26487.3
-35374.3
-34323.1
-34993.3
-39134.1
1548.46
-617.708
-3837.59
-5700.89
-7254.02
-6545.12
-3856.54
-1701.61
1898.93
5958.2
13303.6
6439.98
8904.31
5278.94
-50191.4
-23012.7
-24044.7
-24812.3
-22422.7
-24856.1
-27242.3
-34567.1
-43385.3
-45677.2
-56511.4
-63929.8
-78919.9
-78943
-123720
-105482
-2782.96
-3782.32
-4625.87
-5717.94
-6933.69
-8550.95
-10281
-13109.9
-15628.6
-21113.6
-26398.4
-32214.9
-59498.1
-46823.5
-148003
-1061.7
-1234.3
-1301.35
-1552.78
-1829.09
-2294.45
-2797.67
-3789.98
-4742.21
-6758.95
-9466.79
-12604.3
-18571.6
-29776.4
-18409.9
-644.179
-805.349
-945.609
-1201.43
-1473.67
-1878
-2345.77
-3151.14
-3989.73
-5874.74
-7406.05
-12010.1
-14218.8
-28345.1
-7927.73
-1048.46
-1332.59
-1589.44
-1939.22
-2332.91
-2875
-3515.67
-4589.39
-5688.62
-8255.26
-9733.15
-16014.5
-17966.1
-31863.6
-27097.1
-1083.9
-1344.79
-1575.18
-1892.21
-2265.23
-2774.26
-3394.6
-4424.05
-5509.61
-7884.54
-9022.23
-15685.8
-14655.9
-37119.1
-20021.1
-1047.88
-1306.05
-1527.52
-1812.08
-2150.93
-2607.29
-3195.77
-4175.19
-5346.94
-7445.59
-8907.3
-13855.1
-11602.4
-35869.6
-29285.6
-1229.87
-1511.38
-1732.56
-2032.31
-2415.54
-2918.45
-3592.81
-4730.1
-6022.69
-7997
-9154.33
-12168.3
-9295.4
-50723.9
-29558
-1093.62
-1366.46
-1534.63
-1754.53
-2019.77
-2425.07
-3083.03
-4220.38
-5358.46
-6825.68
-7618.23
-8689.78
-8533.01
-35160.1
5037.29
-1523.05
-1753.42
-1815.86
-2082.2
-2511.66
-3215.53
-4447.11
-6058.14
-7293.11
-8762.9
-8550.83
-7974.3
-5837.73
1210.08
11414.5
-1008.4
-1258.41
-1379.7
-1637.96
-1791.09
-2456.7
-3799.28
-5061.44
-5939.23
-7694.41
-6954.58
-7622.83
-6474.57
-11737
-4286.92
-2220.5
-1948.8
-2102.05
-3045.36
-4063.04
-6115.85
-8306.36
-9460.41
-10535.6
-12762.3
-10034.1
-11292.7
-11538.1
-16658.1
-16463.1
-422.395
-217.85
120.846
-545.005
-1620.99
-4933.51
-5912.48
-7060.7
-9518.44
-9457.06
-8161.25
-12590.3
-16974.7
-22786.3
-28326
-2961.01
-5882.88
-8320
-11000.6
-11097.6
-14526.5
-15945.2
-16410.7
-14609
-18656.1
-30000.4
-42379.7
-43382.1
-37114.4
-43394.5
3230.92
-1135.18
-2941.75
-5823.59
-5053.03
-6328.93
-3992.36
-3786.95
-216.966
5371.72
7553.6
-4863.43
-2585.57
-10973.2
-55989.7
-29934.7
-30120.4
-31161.6
-24774.3
-22817.5
-25813.6
-30914.7
-37877.8
-45541.2
-59006.6
-60437.4
-71765.2
-66062.5
-121537
-107183
-2783.04
-3782.92
-4626.2
-5719.5
-6933.74
-8555.65
-10280.7
-13129.3
-15613.6
-21200.8
-26293.9
-32563.7
-59621.5
-47368.4
-149848
-1061.93
-1234.97
-1301.93
-1554.7
-1829.82
-2301.68
-2797.31
-3820.32
-4736.12
-6873.97
-9476.04
-12923.5
-18504.9
-30281.6
-17618.1
-644.511
-805.808
-946.441
-1202.57
-1475.5
-1881.49
-2348.15
-3163.88
-3987.61
-5933.73
-7348.92
-12297.8
-13487.2
-28266.8
-8702.52
-1048.79
-1332.93
-1590.02
-1939.72
-2334.99
-2878.6
-3519.04
-4607.99
-5694.04
-8374.3
-9673.5
-16635
-16424.5
-32464
-29752.6
-1084.74
-1346.1
-1577.33
-1894.99
-2270.83
-2779.29
-3396.45
-4437.79
-5510.37
-7989.44
-8927.44
-16421.6
-14155
-42160.8
-16216.9
-1048.83
-1306.81
-1527.66
-1812.44
-2155.26
-2603.88
-3183.17
-4164.77
-5344.52
-7563.06
-9101.74
-14757.2
-12283.7
-48788.8
-22802
-1232.02
-1515.24
-1737.95
-2041.14
-2423.34
-2878.74
-3495.22
-4643.67
-6027.31
-8072.83
-9368.88
-11683.3
-9233.52
-69333.7
-11182.2
-1097.19
-1367.19
-1531.14
-1756.46
-2017.2
-2351.47
-2987.82
-4124.72
-5328.11
-6842.51
-7501.32
-7464.53
-6191.91
-29758.6
22325.4
-1524.54
-1767.04
-1817.62
-2099.19
-2459.51
-3012
-4212.99
-5914.49
-7318.89
-8851.87
-8500.08
-7930.86
-5013.17
-1467.85
16491.8
-1023.12
-1227.62
-1372.61
-1676.53
-1781.74
-2457.05
-3975.13
-5525.14
-6357.1
-7859.6
-7037.51
-7383.39
-6043.65
-9331.23
-3654.77
-2179.02
-2031.23
-2241.07
-2894.29
-3667.18
-5872.04
-8162.43
-8734.2
-9976.19
-12998.3
-12053.9
-12685.8
-12302.8
-16218.4
-17434.7
-479.134
189.222
-81.5777
-814.427
-1905.57
-4623.38
-6180.8
-6358.07
-8863.88
-10106.7
-7898.22
-10794.5
-13574
-20407.8
-28528.3
-5455.29
-9073.83
-8412.91
-11639.4
-14194.6
-14433.7
-11531.6
-15138.9
-21803.2
-35022.5
-36693.8
-37404.9
-34660.1
-33643.1
-44499.4
3547.55
-620.011
-816.509
-6145.14
-8459.32
-7279.73
-4560.04
-2177.93
574.157
3543.95
2587.94
-5756.85
1338.13
-25362
-41377
-24114.7
-22353.7
-26088.5
-29139.2
-28938.4
-30870.2
-43119.4
-44926.5
-47736.4
-49623.9
-49495.5
-59224
-50235.2
-118141
-96627.3
-2783.14
-3783.42
-4626.48
-5720.66
-6934.32
-8559.64
-10282.5
-13139.6
-15619.9
-21252.5
-26253.3
-32881.7
-59744.4
-47973.1
-151612
-1062.24
-1235.71
-1302.67
-1556.55
-1831.21
-2308.57
-2799.65
-3846.03
-4729.96
-6974.87
-9454.2
-13280.7
-18413.3
-30646
-17140.1
-644.968
-806.417
-947.598
-1203.92
-1477.75
-1885.24
-2352.16
-3175.49
-3989.4
-5975.05
-7303.43
-12537.6
-13055.9
-28471.7
-9565.03
-1049.33
-1333.55
-1590.97
-1940.53
-2337.18
-2881.49
-3523.27
-4622.16
-5707.6
-8458.26
-9652.21
-17066.5
-14686.1
-32118.8
-32754.4
-1085.9
-1347.88
-1580.38
-1899.03
-2277.76
-2786.39
-3405.61
-4455.65
-5526.74
-8065.56
-8808.04
-17135.6
-14178.1
-47635.5
-19009.4
-1050.62
-1309.16
-1529.77
-1814.21
-2158.01
-2597.3
-3167.32
-4146.38
-5336.31
-7684.29
-9313.81
-16691.3
-17143.2
-68478.9
-8873.51
-1234.66
-1519.44
-1745.18
-2052.51
-2428.04
-2849.76
-3448.89
-4623.22
-6111.83
-8282.32
-9781.06
-12472.8
-10724.2
-75946.7
22303.1
-1104.36
-1377.53
-1538.34
-1763.47
-2002.5
-2266.92
-2899.4
-4048.37
-5275.41
-6815.8
-7328.7
-6624.14
-2614.9
-5296.27
30335.3
-1527.93
-1770.03
-1826.05
-2130.1
-2353.88
-2795.44
-4049.24
-5852.21
-7480.09
-9253.21
-8703.62
-8270.3
-2270.38
-4405.64
13869.5
-1046.74
-1282.1
-1430.86
-1718.33
-1659.52
-2450.62
-4094.77
-5493.82
-6400.08
-7638.25
-6706.59
-6038.29
-3244.26
-5949.24
-3426.34
-2150.28
-2044.38
-2191.66
-2390.56
-2943.06
-5510.9
-8159.73
-9084.91
-11517.7
-13882.4
-12078.9
-11689.9
-12064.2
-14984
-19388
-461.485
74.5352
50.1016
-778.931
-2510.76
-5564.82
-6047.64
-4795.86
-5979.36
-6932.85
-7070.85
-10739
-16409.8
-20163.1
-24692.7
-3462.31
-7779.05
-9679.51
-7300.71
-10141
-11200.6
-11656.2
-16544.4
-33658.4
-34617.6
-30111.1
-34066
-35834.6
-36980.4
-44833
4925.75
-337.037
-2101.94
-3130.44
-6645.62
-4633.5
2000.5
3427.94
181.17
-352.806
2446.96
-5822.02
617.715
-32940.2
3765.8
-31346
-32057
-33823.8
-40958
-43206.5
-44322.4
-45550.8
-45001.2
-44351.2
-45570
-47349.6
-50881.4
-34277.4
-84471.6
-44760.7
-2783.13
-3783.74
-4626.61
-5721.61
-6934.57
-8561.72
-10284.4
-13143.4
-15634.4
-21263.7
-26287.4
-33116.3
-59784.2
-48672.2
-153709
-1062.37
-1236.25
-1302.97
-1557.97
-1832.45
-2313.96
-2803.51
-3865.18
-4738.89
-7045.5
-9430.77
-13635.9
-18299.4
-30993.2
-17592.6
-645.372
-806.975
-948.704
-1205.34
-1480.47
-1889.43
-2358.45
-3186.93
-4002.2
-5992.92
-7302.33
-12607.4
-12871.2
-29443.6
-10544.7
-1049.54
-1333.66
-1591.23
-1940.73
-2338.78
-2884.29
-3530.96
-4641.32
-5741.35
-8497.14
-9716.22
-16982
-13952.7
-32816.4
-34458.9
-1087.07
-1349.69
-1583.91
-1904.59
-2287.58
-2801.31
-3433.57
-4500.63
-5584.42
-8071.1
-8777.66
-16979.1
-14488.2
-53301.1
-27671.3
-1051.34
-1309.58
-1530.24
-1814.79
-2159.33
-2596.07
-3176.54
-4181.23
-5356.39
-7736.14
-9287.86
-17589.1
-22149.4
-79875.2
-726.456
-1239.19
-1527.06
-1760.68
-2075.62
-2453.16
-2895.7
-3553.86
-4772.58
-6275.32
-8412.7
-9666.69
-12655.9
-12956.1
-64153.4
42752
-1108
-1381.66
-1543.71
-1763.52
-1978.83
-2211.37
-2853.7
-4019.91
-5183.7
-6702.01
-6828.33
-6228.37
-1375.03
16878.5
35149.4
-1547.37
-1804.14
-1881.47
-2152.31
-2262.12
-2734.96
-4098.1
-6080.25
-7747.76
-9352.05
-8685.89
-8454.67
-1017.72
-5724.67
14868.2
-1064.28
-1307.82
-1400.06
-1529.38
-1606
-2462.73
-3892.15
-5244.81
-5766.42
-6516.43
-6059.2
-5492.74
-2562.27
-3711.56
-3072
-2230.34
-2068.72
-1986.69
-2115.4
-2715.39
-4718.56
-7686.86
-10028.1
-12768
-14380.5
-12902.6
-12128
-14286.7
-14677.1
-22444.9
-543.139
-745.892
-556.945
-1822.96
-3364.81
-4916.7
-4807.96
-4050.2
-5046.45
-7644.22
-8786.62
-12751
-19643.9
-22457.2
-27371.2
-4090.45
-4643.03
-5022.68
-5901.53
-6962.82
-9448.11
-10830.7
-23195
-32984.7
-27770.5
-28579.1
-32638.4
-34537.7
-29408.7
-37438.5
4101.8
2665.97
3204.04
6842.98
5837.05
3877.44
3526.42
-1073.44
-2120.04
-1122.74
79.0366
-5771.56
-3328.67
-14301.4
2323.09
-31856.5
-36890.4
-41253.4
-40322.9
-41181.5
-42960.6
-46294.4
-49695.9
-40204.3
-45250.6
-42918.8
-41250.5
-18114.6
-30906.2
-11012.4
-2783.15
-3784
-4626.79
-5722.27
-6935.12
-8563.49
-10287
-13146.6
-15645.9
-21264
-26298.1
-33305.6
-59516.5
-49187.9
-155045
-1062.55
-1236.79
-1303.42
-1559.29
-1833.8
-2318.27
-2807.63
-3880.61
-4750.65
-7104.1
-9424.77
-13964.9
-18198.9
-31225.2
-17729.4
-645.773
-807.471
-949.771
-1206.49
-1482.8
-1892.34
-2363.18
-3193.58
-4012.2
-5982.96
-7299.1
-12546.4
-12648
-30621.1
-11103.3
-1049.87
-1334
-1591.91
-1941.38
-2340.43
-2886.54
-3537.69
-4651.34
-5779.3
-8495.96
-9883.38
-16467.6
-13043.6
-35882.6
-36257.4
-1088.22
-1351.49
-1587.3
-1909.51
-2295.94
-2814.16
-3460.49
-4526.36
-5643.75
-7922.69
-8741.62
-14524.6
-14188.4
-60811.4
-42012.9
-1052.3
-1311.01
-1532.9
-1817.56
-2163.93
-2599.02
-3183.06
-4180.75
-5385.12
-7702.71
-9357.75
-19793.8
-39846.3
-93757.8
-6480.12
-1243.56
-1534.95
-1775.84
-2096.16
-2482.86
-2960.31
-3695.78
-4950.77
-6550.31
-8533.62
-10622.8
-15392.2
-21331.6
-46521.2
54276.9
-1109.81
-1388.37
-1558.19
-1776.9
-2015.31
-2217.06
-2802.17
-3999.19
-5169.49
-6759.99
-6410.44
-6568.88
-564.661
34312.5
43885.2
-1569.76
-1854.09
-1961.93
-2229.07
-2328.35
-2858.17
-4331.3
-6541.66
-8405.6
-9725.49
-8628.5
-8375.16
-922.963
-5307.87
15426
-1061.69
-1364.43
-1486.87
-1590.13
-1912.83
-2808.89
-4002.21
-5505.75
-6100.3
-6575.73
-5991.52
-5191.4
-2646.36
-1504.06
-481.391
-2439.34
-2362.69
-2451.23
-2612.54
-3505.79
-4692.84
-7477.85
-11277.6
-13991.6
-14626.9
-12626.9
-11007.5
-12155.4
-9518.87
-20077.9
-538.88
-1387.56
-1320.86
-2051.45
-4627.45
-4685.11
-4154.58
-4014.07
-5352.45
-7485.46
-8446.5
-11161
-16595.8
-14970.3
-28078.2
-5784.78
-4447.89
-4921.65
-6685.19
-6378.84
-7532.06
-12035.8
-26374.2
-27519.5
-25812.7
-26533
-27181
-27416.3
-14896.9
-10871.3
1454.89
4619.32
7680.43
8634.94
6649.76
3367.32
1130.27
-4648.08
-523.297
-310.163
2024.97
-940.575
2931.37
7458.13
-1216.23
-30546.4
-35054.8
-38213.5
-39517.7
-40037.3
-41935.8
-46156.6
-45955.2
-39530.6
-41703.2
-36801.7
-32989.3
-13546.8
-10701.2
-8163.91
-2783.05
-3784.09
-4626.61
-5722.59
-6935.03
-8563.99
-10288.8
-13145.6
-15661.4
-21246.6
-26340.1
-33345.4
-59417.5
-50078
-157157
-1062.52
-1237.15
-1303.34
-1560.24
-1834.3
-2321.73
-2813.39
-3892.06
-4776.13
-7137.28
-9494.16
-14171.3
-17922.7
-31180.7
-19292.9
-646.166
-808.1
-950.921
-1208.13
-1486.08
-1897.28
-2372.1
-3208.16
-4035.82
-5987.69
-7339.33
-12464.3
-12429.5
-32690.9
-12638.1
-1049.89
-1333.74
-1591.69
-1941.02
-2341.43
-2890.91
-3548.24
-4677.86
-5820.01
-8511.61
-10030
-16274.5
-12356.9
-37427.3
-37107.5
-1089.41
-1353.19
-1591.05
-1916.13
-2308.58
-2839.2
-3506.43
-4596.34
-5743.22
-7752.42
-8863.72
-10043.8
-9110.43
-71333.9
-50914
-1052.19
-1309.82
-1532.4
-1817.29
-2170.23
-2624
-3227.99
-4256.25
-5402.81
-7516.72
-8913.04
-12414.3
-26965.8
-91871.1
-19985
-1249.66
-1545.07
-1799.81
-2137.04
-2556.39
-3098.56
-3926.64
-5227.92
-6821.65
-8496.87
-10368.5
-13780.2
-16923.6
-19345.3
37505.6
-1109.11
-1387.33
-1571.17
-1791.04
-2107.52
-2428.32
-3051.37
-4210.92
-5346.49
-6961.95
-6471.5
-8185.48
-3131.57
34381.9
44849.9
-1607.54
-1939.5
-2134.52
-2483.61
-2735.42
-3319.99
-4610.56
-6707.47
-8805.49
-10169.7
-8949.21
-8752.73
-2787.11
-1666.69
16850.3
-1047.4
-1408.28
-1584.82
-1806.21
-2591.11
-3161.96
-3562.5
-4955.01
-5876.43
-6792.9
-6553.45
-5469.24
-4693.2
763.401
7505.45
-2701.17
-2862.95
-3346.9
-3764.04
-4093.4
-3856.75
-6035.72
-10888.1
-13982.2
-14397.4
-12813.9
-11025.5
-12075
-3351.62
-20945.2
-430.446
-1607.83
-2397.24
-3716.79
-4470.23
-3272.72
-3293.78
-4593.72
-6038.89
-7631.66
-7739.61
-9655.56
-14680.2
-10098.9
-43430.8
-8647.47
-5842.96
-7271.04
-7000.96
-2766.14
-4685.35
-12891.8
-32997
-25337.1
-24501.5
-23637.8
-24487
-26154.2
-11109.8
-32476.9
760.927
1874.39
6752.7
12950.3
11699.5
5395.29
334.493
-5898.56
164.723
3839.52
5576.29
2351.53
3729.9
8208.4
12788.7
-26044.9
-37180.6
-41363.3
-44204.6
-43780.5
-42344.1
-45028.3
-38716.1
-40251.3
-38033.9
-31502.4
-27126.1
-9048.6
-11428.6
-15415.9
)
;

boundaryField
{
    outletsourceFace
    {
        type            zeroGradient;
    }
    outletdestinationFace
    {
        type            zeroGradient;
    }
    outletFace
    {
        type            zeroGradient;
    }
    outletWall
    {
        type            fixedValue;
        value           uniform 0;
    }
    inletFace
    {
        type            zeroGradient;
    }
    inletWall
    {
        type            fixedValue;
        value           uniform 5;
    }
    inletsourceFace
    {
        type            zeroGradient;
    }
    inletdestinationFace
    {
        type            zeroGradient;
    }
}


// ************************************************************************* //
