/*--------------------------------*- C++ -*----------------------------------*\
| =========                 |                                                 |
| \\      /  F ield         | OpenFOAM: The Open Source CFD Toolbox           |
|  \\    /   O peration     | Version:  4.1                                   |
|   \\  /    A nd           | Web:      www.OpenFOAM.org                      |
|    \\/     M anipulation  |                                                 |
\*---------------------------------------------------------------------------*/
FoamFile
{
    version     2.0;
    format      ascii;
    class       volScalarField;
    location    "9";
    object      p;
}
// * * * * * * * * * * * * * * * * * * * * * * * * * * * * * * * * * * * * * //

dimensions      [0 2 -2 0 0 0 0];

internalField   nonuniform List<scalar> 
6750
(
-601.023
-151.327
-628.287
-706.501
-697.673
-587.722
-408.34
-259.204
-176.462
-122.021
-112.5
-98.6676
-116.001
-69.079
-137.466
-598.176
-149.527
-631.379
-706.719
-698.295
-589.912
-410.987
-261.007
-177.1
-123.547
-111.539
-97.8936
-112.285
-66.1175
-136.296
-596.266
-149.095
-632.815
-706.469
-698.413
-590.589
-411.933
-261.828
-177.595
-124.811
-110.314
-97.7491
-108.157
-64.3581
-134.828
-593.615
-148.677
-635.064
-706.624
-698.992
-592.289
-414.016
-263.453
-178.335
-125.924
-108.837
-98.0737
-103.642
-61.7679
-132.839
-591.312
-148.704
-636.448
-706.445
-699.1
-593.077
-415.144
-264.489
-178.927
-126.984
-108.718
-97.3678
-99.9525
-59.3568
-130.601
-588.991
-148.865
-637.878
-706.422
-699.322
-594.043
-416.487
-265.69
-179.61
-127.924
-108.794
-96.2075
-94.3565
-57.5729
-128.282
-587.118
-149.117
-638.663
-706.234
-699.212
-594.303
-417.078
-266.35
-180.062
-128.577
-108.744
-94.5252
-89.8005
-56.7849
-126.42
-586.39
-149.296
-638.89
-706.225
-699.252
-594.503
-417.398
-266.677
-180.268
-128.746
-108.588
-93.5495
-88.9255
-56.801
-126.012
-587.222
-149.079
-638.561
-706.263
-699.241
-594.283
-417.067
-266.428
-180.221
-128.643
-108.942
-94.4079
-89.5129
-56.7896
-126.605
-589.133
-148.822
-637.73
-706.469
-699.355
-593.994
-416.493
-265.868
-179.921
-128.079
-109.228
-96.1096
-93.776
-57.6498
-128.635
-591.494
-148.671
-636.26
-706.5
-699.127
-592.986
-415.149
-264.739
-179.34
-127.187
-109.305
-97.231
-99.8532
-59.5665
-131.171
-593.82
-148.665
-634.858
-706.685
-699.009
-592.167
-414.033
-263.768
-178.805
-126.109
-109.277
-97.9781
-104.054
-62.151
-133.595
-596.491
-149.123
-632.595
-706.528
-698.406
-590.414
-411.942
-262.195
-178.128
-125.067
-110.831
-97.6664
-108.706
-64.8986
-135.762
-598.414
-149.584
-631.151
-706.779
-698.279
-589.718
-411.007
-261.417
-177.656
-123.81
-112.052
-98.0291
-112.983
-66.8237
-137.348
-601.272
-151.439
-628.055
-706.551
-697.623
-587.464
-408.348
-259.673
-177.098
-122.397
-113.068
-99.0004
-116.802
-69.9685
-138.667
-811.796
-188.923
-427.029
-559.705
-519.661
-431.416
-323.928
-231.786
-181.882
-136.59
-127.343
-105.47
-136.801
-60.185
-200.267
-808.854
-184.112
-431.266
-563.178
-523.634
-435.366
-326.653
-233.22
-182.508
-137.612
-126.054
-104.234
-131.995
-58.7828
-198.031
-807.071
-182.571
-434.149
-564.435
-525.042
-436.812
-327.728
-233.972
-183.266
-138.611
-125.456
-103.683
-127.67
-56.9349
-196.542
-804.412
-179.784
-437.411
-566.779
-527.869
-439.739
-329.861
-235.25
-184.062
-139.352
-125.034
-103.474
-123.815
-55.0993
-192.989
-802.132
-178.508
-440.165
-568.296
-529.599
-441.466
-331.13
-236.089
-184.794
-140.321
-125.489
-102.923
-120.581
-53.3281
-189.138
-799.669
-177.439
-442.564
-569.801
-531.465
-443.379
-332.598
-237.092
-185.577
-141.246
-126.482
-101.282
-117.221
-51.4776
-185.38
-797.308
-177.616
-444.215
-570.713
-532.626
-444.501
-333.456
-237.739
-186.211
-142.033
-127.519
-99.0793
-114.576
-49.2763
-183.012
-796.145
-178.087
-444.671
-570.981
-533.03
-444.929
-333.841
-238.079
-186.52
-142.298
-127.829
-97.9305
-113.935
-48.3426
-182.619
-797.32
-177.81
-444.015
-570.587
-532.468
-444.353
-333.425
-237.864
-186.432
-142.231
-127.98
-99.0697
-114.759
-49.2114
-183.456
-799.683
-177.709
-442.235
-569.572
-531.196
-443.145
-332.592
-237.354
-185.996
-141.651
-127.382
-101.418
-117.502
-51.4756
-186.193
-802.153
-178.828
-439.73
-567.96
-529.214
-441.134
-331.12
-236.45
-185.346
-140.866
-126.365
-103.312
-121.22
-53.4532
-190.337
-804.434
-180.126
-436.894
-566.354
-527.394
-439.342
-329.871
-235.7
-184.714
-140.005
-125.8
-104.055
-124.714
-55.3419
-194.525
-807.093
-182.932
-433.564
-563.917
-524.457
-436.317
-327.72
-234.474
-184.019
-139.436
-126.473
-104.35
-128.798
-57.3208
-198.368
-808.875
-184.479
-430.633
-562.602
-522.991
-434.828
-326.655
-233.765
-183.32
-138.532
-127.22
-104.965
-133.22
-59.2491
-200.086
-811.814
-189.297
-426.346
-559.037
-518.894
-430.757
-323.894
-232.364
-182.812
-137.656
-128.649
-106.408
-138.078
-60.8887
-202.545
-851.66
-247.951
-238.056
-389.375
-362.026
-313.757
-268.387
-218.093
-188.536
-147.469
-145.515
-116.131
-175.242
-40.8453
-321.665
-850.817
-245.185
-239.051
-390.786
-363.393
-315.336
-269.556
-219.12
-189.29
-148.002
-143.517
-113.566
-167.489
-41.2628
-319.571
-850.345
-244.191
-240.248
-391.507
-363.982
-316.018
-270.038
-219.687
-190.143
-148.54
-142.534
-112.276
-163.788
-38.986
-317.738
-849.635
-242.139
-241.14
-392.485
-365.009
-317.238
-270.955
-220.467
-190.754
-148.786
-141.285
-110.75
-159.718
-36.6282
-313.314
-849.105
-240.959
-242.258
-393.357
-365.757
-318.041
-271.504
-220.924
-191.244
-149.411
-141.069
-109.396
-157.24
-34.8447
-307.983
-848.564
-239.645
-243.069
-394.108
-366.473
-318.855
-272.153
-221.462
-191.715
-150.223
-141.346
-107.897
-154.32
-32.3694
-302.104
-848.117
-238.945
-243.852
-394.794
-367.052
-319.392
-272.542
-221.8
-192.101
-151.144
-141.933
-106.323
-151.533
-30.0724
-297.197
-847.761
-238.831
-244.052
-394.962
-367.212
-319.563
-272.738
-222.015
-192.318
-151.483
-142.215
-105.377
-150.358
-29.4333
-296.018
-847.8
-239.293
-243.761
-394.68
-366.961
-319.298
-272.558
-221.925
-192.316
-151.349
-142.444
-106.443
-152.006
-30.0084
-298.028
-848.208
-240.049
-242.91
-393.916
-366.327
-318.727
-272.231
-221.724
-192.131
-150.625
-142.297
-108.222
-155.123
-32.3399
-303.505
-848.731
-241.344
-242.057
-393.097
-365.552
-317.867
-271.614
-221.288
-191.817
-150.012
-142.219
-109.961
-158.529
-34.9856
-309.859
-849.238
-242.495
-240.91
-392.17
-364.76
-317.041
-271.113
-220.925
-191.449
-149.574
-142.587
-111.581
-161.288
-36.9539
-315.551
-849.928
-244.515
-239.982
-391.128
-363.663
-315.763
-270.192
-220.188
-190.936
-149.523
-144.076
-113.313
-165.447
-39.4744
-320.339
-850.387
-245.482
-238.769
-390.372
-363.043
-315.061
-269.724
-219.649
-190.128
-149.164
-145.181
-114.665
-169.028
-41.7473
-322.438
-851.22
-248.201
-237.736
-388.896
-361.585
-313.382
-268.496
-218.615
-189.448
-148.816
-147.362
-117.519
-176.587
-41.4022
-325.152
-892.073
-292.855
-199.701
-350.107
-324.992
-287.516
-264.74
-229.761
-209.836
-168.887
-175.456
-126.355
-223.801
-42.7508
-480.259
-891.605
-291.463
-199.384
-350.293
-325.488
-288.55
-265.763
-231.201
-210.531
-170.304
-173.077
-122.698
-211.049
-37.6714
-483.918
-891.296
-290.85
-199.646
-350.589
-325.786
-288.983
-266.03
-231.835
-211.266
-171.207
-171.426
-121.347
-208.023
-34.7482
-480.394
-890.826
-289.791
-199.559
-350.76
-326.173
-289.729
-266.69
-232.732
-211.656
-171.66
-169.267
-119.616
-205.025
-31.7762
-474.429
-890.438
-289.158
-199.747
-351.043
-326.518
-290.21
-266.983
-233.176
-211.929
-172.452
-168.839
-119.317
-203.962
-29.4491
-467.746
-890.033
-288.515
-199.738
-351.158
-326.764
-290.667
-267.383
-233.659
-212.219
-173.38
-169.303
-119.363
-202.647
-24.9324
-460.326
-889.719
-288.183
-199.817
-351.3
-326.966
-290.941
-267.573
-233.898
-212.438
-174.484
-170.327
-119.252
-199.39
-25.1675
-453.587
-889.503
-288.091
-199.795
-351.285
-327.001
-291.021
-267.702
-234.063
-212.599
-174.929
-170.756
-118.851
-197.33
-25.6799
-452.288
-889.458
-288.351
-199.787
-351.218
-326.909
-290.877
-267.624
-234.015
-212.681
-174.717
-170.803
-119.818
-199.715
-25.1402
-454.884
-889.628
-288.756
-199.682
-351.008
-326.656
-290.58
-267.501
-233.903
-212.689
-173.848
-170.267
-120.233
-203.45
-25.4993
-462.108
-890.012
-289.366
-199.662
-350.823
-326.348
-290.088
-267.136
-233.517
-212.595
-173.156
-170.138
-120.257
-205.175
-30.2089
-469.972
-890.379
-289.944
-199.451
-350.487
-325.953
-289.595
-266.886
-233.165
-212.482
-172.586
-170.858
-120.687
-206.281
-32.5943
-477.017
-890.811
-290.956
-199.51
-350.251
-325.487
-288.796
-266.205
-232.305
-212.216
-172.325
-173.339
-122.632
-209.223
-35.4303
-483.392
-891.093
-291.539
-199.237
-349.922
-325.148
-288.348
-265.94
-231.701
-211.527
-171.632
-175.112
-124.126
-212.005
-38.2363
-487.081
-891.54
-292.871
-199.512
-349.664
-324.537
-287.198
-264.813
-230.224
-210.889
-170.365
-177.63
-128.015
-224.553
-43.465
-483.687
-929.985
-313.877
-183.661
-324.727
-300.735
-273.164
-263.963
-244.451
-239.376
-204.778
-217.702
-155.899
-245.719
-8.10637
-761.091
-929.763
-313.297
-183.61
-325.137
-301.518
-274.298
-265.545
-246.134
-238.671
-205.808
-214.629
-154.794
-234.16
12.0472
-766.309
-929.63
-313.031
-183.804
-325.475
-301.882
-274.669
-265.99
-246.707
-238.841
-207.519
-213.092
-154.397
-231.419
14.4843
-760.775
-929.406
-312.572
-183.84
-325.817
-302.423
-275.401
-266.858
-247.594
-238.453
-207.924
-210.397
-151.211
-233.682
8.13676
-747.134
-929.229
-312.297
-183.989
-326.155
-302.811
-275.812
-267.222
-248.013
-238.201
-208.622
-209.643
-149.551
-239.327
-0.795659
-732.718
-929.033
-312.01
-184.021
-326.379
-303.129
-276.238
-267.66
-248.485
-238.043
-208.927
-209.447
-147.568
-248.902
-8.28599
-711.705
-928.88
-311.865
-184.07
-326.541
-303.334
-276.479
-267.851
-248.753
-237.911
-209.453
-210
-148.181
-249.123
-8.54819
-707.028
-928.754
-311.808
-184.049
-326.538
-303.366
-276.563
-267.97
-248.93
-237.98
-209.758
-210.375
-148.609
-247.221
-6.61799
-708.103
-928.694
-311.892
-184.037
-326.44
-303.243
-276.428
-267.876
-248.832
-238.225
-209.776
-210.581
-148.891
-249.118
-8.01241
-708.589
-928.679
-312.042
-183.962
-326.198
-302.969
-276.168
-267.723
-248.685
-238.631
-209.58
-210.511
-148.928
-248.201
-7.39097
-715.09
-928.754
-312.307
-183.899
-325.893
-302.573
-275.706
-267.293
-248.318
-239.044
-209.548
-211.125
-151.477
-238.32
1.22966
-736.877
-928.86
-312.538
-183.731
-325.494
-302.128
-275.279
-266.941
-248.014
-239.514
-209.042
-212.201
-153.429
-232.519
10.5877
-751.503
-929.027
-312.935
-183.66
-325.074
-301.5
-274.484
-266.018
-247.204
-240.11
-208.712
-215.18
-156.794
-230.43
17.102
-764.747
-929.108
-313.168
-183.46
-324.695
-301.09
-274.093
-265.544
-246.722
-240.074
-207.19
-216.889
-157.375
-232.95
15.0623
-770.293
-929.284
-313.678
-183.466
-324.2
-300.178
-272.831
-263.8
-245.055
-241.098
-206.571
-220.147
-158.955
-243.926
-4.27774
-765.967
-968.263
-327.831
-179.903
-319.304
-295.744
-273.262
-270.423
-266.945
-281.371
-262.786
-277.32
-212.299
-262.921
123
-1138.17
-968.276
-327.698
-179.998
-319.813
-296.857
-274.689
-273.148
-268.155
-277.917
-260.103
-275.321
-212.346
-259.885
133.898
-1135.61
-968.294
-327.617
-180.127
-320.144
-297.363
-275.136
-273.976
-268.021
-276.36
-261.118
-276.066
-213.804
-257.847
133.316
-1133.8
-968.275
-327.505
-180.248
-320.554
-298.122
-275.985
-275.247
-268.308
-274.252
-260.236
-274.908
-213.581
-258.389
128.427
-1126.87
-968.265
-327.429
-180.376
-320.879
-298.631
-276.449
-275.821
-268.383
-272.907
-261.101
-275.66
-214.546
-259.429
117.58
-1121.33
-968.242
-327.332
-180.451
-321.137
-299.073
-276.941
-276.415
-268.748
-272.048
-261.714
-276.528
-214.409
-264.624
99.7829
-1105.4
-968.223
-327.254
-180.499
-321.301
-299.324
-277.21
-276.719
-269.058
-271.304
-262.636
-278.382
-215.647
-264.211
97.4155
-1102.33
-968.196
-327.172
-180.483
-321.331
-299.37
-277.304
-276.869
-269.275
-271.24
-263.344
-279.357
-215.633
-264.088
100.043
-1101.55
-968.169
-327.116
-180.432
-321.229
-299.181
-277.139
-276.704
-269.157
-271.786
-263.107
-278.892
-216.202
-264.576
97.6723
-1102.26
-968.137
-327.068
-180.328
-321.001
-298.823
-276.832
-276.407
-269
-272.929
-262.626
-277.515
-215.476
-265.002
101.535
-1106.8
-968.098
-327.055
-180.204
-320.662
-298.273
-276.287
-275.797
-268.798
-274.191
-262.316
-276.848
-215.936
-260.124
119.169
-1121.63
-968.039
-327.046
-180.048
-320.267
-297.68
-275.789
-275.2
-268.916
-275.964
-261.862
-276.391
-215.291
-259.27
129.283
-1127.09
-967.976
-327.08
-179.887
-319.761
-296.807
-274.857
-273.833
-268.803
-278.527
-263.285
-277.703
-215.828
-258.851
133.419
-1133.3
-967.865
-327.14
-179.758
-319.375
-296.234
-274.367
-272.924
-269.089
-280.475
-262.671
-277.02
-214.69
-260.762
133.922
-1135.17
-967.756
-327.205
-179.616
-318.769
-294.959
-272.767
-269.927
-267.919
-284.151
-266.076
-279.123
-215.307
-263.615
124.258
-1137.76
-1006.26
-335.049
-180.479
-316.845
-289.597
-271.783
-273.08
-294.72
-336.057
-337.14
-327.847
-288.71
-333.304
162.969
-1563.8
-1006.44
-335.184
-180.72
-317.569
-291.238
-273.732
-277.42
-292.318
-326.639
-334.223
-330.028
-288.75
-331.651
165.057
-1559.99
-1006.56
-335.237
-180.858
-317.996
-291.995
-274.313
-278.808
-289.541
-323.53
-333.963
-331.763
-289.737
-330.212
164.175
-1561.67
-1006.67
-335.368
-181.074
-318.578
-293.106
-275.328
-280.723
-287.986
-318.991
-332.51
-333.969
-289.314
-330.982
170.046
-1555.74
-1006.72
-335.475
-181.235
-318.99
-293.849
-275.824
-281.699
-286.547
-315.127
-332.103
-336.713
-289.832
-330.912
169.888
-1555.85
-1006.76
-335.551
-181.37
-319.34
-294.501
-276.364
-282.557
-286.026
-312.676
-332.279
-338.771
-290.716
-334.337
165.575
-1546.58
-1006.76
-335.562
-181.452
-319.537
-294.869
-276.653
-283.079
-285.769
-310.817
-332.454
-340.522
-292.855
-334.56
160.748
-1544.56
-1006.75
-335.491
-181.465
-319.588
-294.946
-276.752
-283.289
-285.762
-310.537
-332.404
-340.519
-293.869
-335.075
157.024
-1541.26
-1006.7
-335.352
-181.405
-319.461
-294.677
-276.576
-283.012
-286.009
-311.487
-332.397
-340.609
-293.363
-335.121
157.213
-1541.19
-1006.62
-335.163
-181.286
-319.188
-294.168
-276.242
-282.453
-286.491
-313.866
-332.361
-338.883
-291.588
-334.602
160.985
-1544.56
-1006.49
-334.946
-181.107
-318.744
-293.38
-275.644
-281.539
-287.315
-316.906
-332.645
-336.885
-291.134
-331.754
164.022
-1550.45
-1006.33
-334.737
-180.916
-318.25
-292.525
-275.096
-280.48
-289.121
-321.393
-333.457
-333.961
-291.037
-331.662
162.792
-1551.73
-1006.12
-334.519
-180.649
-317.56
-291.275
-273.97
-278.423
-291.075
-326.232
-335.317
-332.072
-292.322
-331.218
156.721
-1555.87
-1005.86
-334.445
-180.505
-317.068
-290.432
-273.314
-276.938
-294.392
-330.1
-335.901
-330.363
-291.798
-332.675
157.164
-1554.59
-1005.57
-334.23
-180.208
-316.228
-288.599
-271.127
-272.252
-297.231
-340.082
-338.734
-328.763
-292.594
-334.151
155.921
-1557.68
-1052.65
-340.93
-184.898
-321.041
-289.502
-271.656
-274.912
-314.696
-358.319
-372.095
-380.498
-381.375
-432.212
109.36
-2067.68
-1052.94
-341.253
-185.287
-322.096
-291.782
-275.016
-280.3
-310.828
-351.106
-369.344
-380.906
-380.879
-431.632
109.373
-2066.77
-1053.16
-341.409
-185.467
-322.711
-292.802
-276.143
-281.642
-303.662
-344.699
-367.955
-380.631
-380.995
-431.393
108.37
-2071.43
-1053.36
-341.714
-185.787
-323.548
-294.287
-277.772
-283.82
-300.416
-338.52
-366.392
-381.519
-380.096
-430.487
112.163
-2069.14
-1053.48
-341.961
-186.002
-324.134
-295.299
-278.641
-285.17
-297.006
-332.628
-364.114
-381.488
-379.034
-428.564
114.334
-2073.34
-1053.57
-342.17
-186.196
-324.638
-296.188
-279.461
-286.298
-294.827
-328.18
-362.308
-381.225
-380.097
-430.218
116.137
-2064.78
-1053.59
-342.265
-186.306
-324.916
-296.705
-279.919
-287.051
-293.187
-324.203
-360.381
-379.739
-380.23
-429.209
111.761
-2069.24
-1053.59
-342.218
-186.335
-324.997
-296.834
-280.067
-287.295
-292.59
-322.58
-359.571
-378.188
-381.352
-433.148
106.848
-2061.16
-1053.53
-342.023
-186.258
-324.829
-296.491
-279.832
-286.981
-293.781
-324.89
-360.486
-379.739
-381.042
-432.893
103.793
-2061.53
-1053.42
-341.732
-186.108
-324.457
-295.815
-279.312
-286.166
-295.855
-329.264
-362.417
-380.901
-380.63
-431.512
107.178
-2064.13
-1053.22
-341.363
-185.864
-323.843
-294.769
-278.399
-284.969
-298.555
-334.296
-364.56
-381.777
-381.678
-431.133
103.508
-2065.77
-1052.98
-340.997
-185.613
-323.156
-293.62
-277.41
-283.527
-302.431
-340.799
-367.006
-381.684
-382.974
-432.433
99.9475
-2065.18
-1052.65
-340.589
-185.233
-322.188
-291.967
-275.58
-281.279
-306.083
-347.432
-368.597
-381.262
-384.915
-433.338
97.2019
-2064.73
-1052.29
-340.403
-185.039
-321.488
-290.823
-274.257
-279.892
-313.622
-354.148
-370.429
-381.771
-385.187
-433.244
97.4425
-2061.76
-1051.86
-339.984
-184.582
-320.29
-288.281
-270.515
-273.912
-316.289
-361.636
-373.963
-382.034
-386.361
-433.518
98.39
-2061.04
-1106.97
-346.549
-190.865
-327.962
-288.486
-266.103
-263.559
-292.551
-350.117
-375.57
-419.17
-456.485
-567.603
50.0745
-2692.75
-1107.36
-347.02
-191.416
-329.451
-291.869
-271.202
-275.533
-293.1
-344.846
-372.812
-418.521
-458.629
-570.269
59.9371
-2687.19
-1107.67
-347.27
-191.698
-330.355
-293.65
-273.365
-279.451
-286.519
-337.62
-368.352
-414.972
-453.969
-561.603
63.5655
-2706.7
-1107.95
-347.716
-192.157
-331.537
-295.91
-275.929
-283.012
-282.832
-331.163
-365.4
-414.21
-456.504
-568.916
63.4852
-2680.32
-1108.13
-348.084
-192.472
-332.378
-297.501
-277.482
-285.447
-280.362
-324.86
-360.797
-410.602
-452.677
-556.2
57.0392
-2691.47
-1108.26
-348.401
-192.755
-333.095
-298.851
-278.871
-287.362
-279.282
-320.161
-356.7
-409.509
-456.697
-560.354
58.5838
-2675.91
-1108.3
-348.563
-192.916
-333.5
-299.647
-279.744
-288.559
-278.654
-315.325
-351.745
-405.49
-452.145
-555.2
54.5993
-2687.84
-1108.3
-348.531
-192.963
-333.624
-299.856
-280.037
-288.901
-278.22
-313.331
-349.823
-405.338
-454.266
-564.663
47.9372
-2672.08
-1108.23
-348.286
-192.863
-333.398
-299.408
-279.641
-288.567
-279.579
-316.31
-352.4
-406.848
-452.856
-565.79
42.965
-2676.37
-1108.09
-347.903
-192.658
-332.881
-298.427
-278.681
-287.295
-280.713
-321.797
-357.345
-411.032
-456.355
-559.353
51.495
-2682.24
-1107.84
-347.404
-192.318
-332.037
-296.891
-277.16
-285.264
-282.155
-327.139
-361.785
-413.382
-456.895
-563.571
44.8801
-2676.49
-1107.52
-346.901
-191.959
-331.076
-295.122
-275.428
-282.609
-284.848
-334.058
-366.551
-417.004
-459.925
-569.215
47.6064
-2676.14
-1107.09
-346.338
-191.43
-329.741
-292.649
-272.589
-278.665
-288.623
-340.58
-369.659
-418.764
-460.582
-564.599
48.9949
-2690.11
-1106.63
-346.049
-191.132
-328.734
-290.707
-270.149
-274.076
-294.673
-347.731
-374.282
-422.266
-465.091
-571.609
42.8109
-2674.42
-1106.1
-345.469
-190.506
-327.085
-287.074
-264.624
-261.581
-293.016
-351.368
-377.105
-423.485
-464.354
-568.378
36.2754
-2674.25
-1173.31
-356.243
-200.029
-341.805
-295.589
-267.651
-260.457
-269.757
-328.438
-378.735
-486.267
-509.13
-744.078
29.7759
-3421.7
-1173.73
-356.799
-200.681
-343.558
-299.365
-273.744
-272.208
-277.914
-329.014
-374.823
-483.098
-505.225
-746.63
34.2217
-3414.31
-1174.08
-357.117
-201.044
-344.69
-301.555
-277.014
-277.921
-276.261
-324.501
-369.347
-479.549
-503.077
-731.117
37.8606
-3453.09
-1174.42
-357.654
-201.611
-346.176
-304.389
-280.903
-284.338
-275.866
-321.698
-365.148
-478.52
-507.094
-724.447
41.239
-3437.02
-1174.63
-358.103
-202.018
-347.271
-306.486
-283.416
-288.86
-274.74
-318.853
-359.103
-474.947
-505.268
-706.062
46.2839
-3481.16
-1174.79
-358.496
-202.383
-348.21
-308.31
-285.567
-292.765
-273.767
-318.447
-354.504
-476.84
-510.387
-734.356
38.6141
-3436.08
-1174.84
-358.709
-202.598
-348.76
-309.428
-286.936
-294.895
-271.702
-316.762
-348.232
-473.777
-502.076
-712.275
36.7142
-3481.44
-1174.85
-358.692
-202.67
-348.938
-309.748
-287.385
-295.268
-270.801
-315.832
-346.513
-477.816
-504.194
-754.821
13.2229
-3419.7
-1174.77
-358.422
-202.556
-348.668
-309.235
-286.867
-295.093
-272.654
-318.042
-349.132
-477.704
-498.726
-753.915
9.75658
-3429.29
-1174.61
-357.984
-202.306
-348.016
-307.962
-285.419
-292.906
-275.249
-320.456
-355.688
-481.364
-504.232
-733.336
35.966
-3487.96
-1174.33
-357.405
-201.888
-346.96
-305.986
-283.137
-288.898
-276.552
-321.536
-361.542
-482.249
-509.118
-729.108
35.7432
-3458.56
-1173.97
-356.818
-201.444
-345.758
-303.739
-280.436
-284.027
-277.591
-324.764
-368.122
-485.26
-510.176
-733.688
26.729
-3451.81
-1173.49
-356.161
-200.812
-344.136
-300.745
-276.325
-277.465
-277.662
-327.676
-373.422
-488.59
-512.815
-742.721
28.2695
-3451.46
-1172.98
-355.804
-200.439
-342.92
-298.451
-272.908
-271.632
-278.606
-332.023
-379.09
-491.746
-515.423
-750.66
21.0764
-3424.96
-1172.41
-355.135
-199.717
-341.032
-294.504
-266.579
-259.916
-269.593
-331.051
-383.499
-496.129
-522.272
-750.822
16.8568
-3419.6
-1251.69
-373.413
-213.9
-366.597
-318.387
-288.293
-289.859
-278.284
-366.453
-420.124
-600.764
-524.373
-985.743
-2.54799
-4346.58
-1252.09
-373.97
-214.544
-368.283
-321.759
-293.724
-298.67
-286.849
-365.977
-417.51
-600.638
-551.473
-961.157
55.6804
-4401.98
-1252.42
-374.308
-214.919
-369.415
-323.824
-296.914
-303.751
-288.326
-362.223
-412.675
-593.779
-541.125
-878.169
90.121
-4535.29
-1252.75
-374.855
-215.502
-370.941
-326.645
-301.022
-310.228
-291.254
-360.496
-410.201
-601.613
-559.232
-940.616
78.4639
-4493.08
-1252.97
-375.314
-215.929
-372.096
-328.783
-303.802
-314.747
-292.513
-357.85
-403.631
-598.656
-548.003
-895.388
51.0228
-4518.68
-1253.12
-375.715
-216.32
-373.112
-330.744
-306.417
-319.517
-294.254
-358.452
-400.496
-607.258
-567.659
-942.491
29.1017
-4366.53
-1253.18
-375.929
-216.553
-373.731
-332.01
-308.246
-322.983
-292.928
-356.25
-393.597
-601.092
-548.525
-887.998
12.9334
-4461.07
-1253.18
-375.908
-216.636
-373.941
-332.426
-308.877
-323.963
-292.155
-356.208
-391.784
-615.268
-553.292
-960.007
-3.39129
-4380.83
-1253.1
-375.628
-216.518
-373.662
-331.894
-308.263
-323.389
-293.819
-358.095
-393.499
-610.891
-542.765
-935.079
-4.98174
-4398.38
-1252.93
-375.175
-216.254
-372.964
-330.534
-306.423
-320.035
-295.645
-361.41
-401.669
-615.869
-558.117
-947.172
30.4507
-4461.35
-1252.63
-374.577
-215.817
-371.852
-328.487
-303.768
-315.421
-294.322
-361.994
-406.302
-612.512
-552.207
-945.866
58.2263
-4507.69
-1252.27
-373.974
-215.358
-370.614
-326.258
-300.869
-310.727
-292.924
-365.4
-413.883
-613.609
-560.738
-939.431
66.2393
-4546.47
-1251.78
-373.299
-214.714
-368.976
-323.347
-296.66
-304.409
-290.008
-368.043
-418.191
-608.929
-553.448
-898.847
86.3955
-4523.7
-1251.28
-372.924
-214.337
-367.787
-321.247
-293.451
-299.489
-288.388
-372.186
-423.611
-614.862
-564.202
-961.831
44.7193
-4410.58
-1250.72
-372.248
-213.628
-365.997
-317.782
-287.983
-291.026
-279.936
-373.168
-427.284
-616.659
-543.305
-982.183
0.432026
-4340.74
-1340.91
-401.861
-233.13
-403.503
-358.672
-329.443
-352.81
-329.061
-457.629
-482.759
-759.93
-605.087
-1153.44
87.6429
-5614.04
-1341.23
-402.358
-233.685
-404.893
-361.24
-333.424
-358.005
-334.443
-455.812
-477.394
-746.731
-586.028
-1136.68
155.244
-5588.44
-1341.51
-402.674
-234.014
-405.852
-362.869
-335.903
-361.555
-335.525
-452.75
-471.969
-744.728
-553.406
-1061.2
29.9648
-5882.28
-1341.79
-403.168
-234.533
-407.186
-365.231
-339.36
-366.533
-338.324
-451.447
-467.393
-761.734
-502.522
-1506.53
-219.9
-5316.47
-1341.98
-403.583
-234.918
-408.217
-367.045
-341.796
-369.937
-339.63
-449.243
-462.224
-766.991
-537.969
-1200.04
-32.7027
-5624.69
-1342.11
-403.942
-235.279
-409.156
-368.818
-344.327
-374.322
-342.278
-451.7
-459.398
-779.818
-555.781
-1275.48
-39.8803
-5518.86
-1342.16
-404.126
-235.497
-409.74
-369.993
-346.166
-378.014
-342.317
-449.672
-452.793
-766.917
-536.321
-1113.13
0.383724
-5852.54
-1342.16
-404.096
-235.583
-409.956
-370.466
-346.89
-379.89
-342.41
-452.163
-450.225
-803.81
-505.426
-1447.94
-196.947
-5474.85
-1342.08
-403.834
-235.479
-409.715
-369.997
-346.324
-378.775
-343.257
-453.152
-451.298
-795.215
-524.658
-1207.47
-14.1314
-5751.32
-1341.91
-403.414
-235.245
-409.093
-368.825
-344.586
-375.446
-343.67
-456.029
-459.202
-789.673
-521.768
-1270.35
-88.771
-5802.6
-1341.63
-402.862
-234.851
-408.098
-367.067
-342.156
-371.644
-341.703
-456.135
-464.234
-797.028
-487.555
-1466.75
-128.73
-5370.26
-1341.29
-402.31
-234.448
-407.021
-365.242
-339.709
-368.316
-340.422
-459.134
-470.405
-784.085
-491.026
-1541.93
-225.593
-5436.11
-1340.84
-401.692
-233.878
-405.61
-362.871
-336.286
-363.803
-338.145
-462.283
-478.126
-772.884
-557.028
-1154.67
-20.1176
-5858.73
-1340.39
-401.348
-233.557
-404.622
-361.262
-333.868
-360.542
-337.211
-465.886
-484.004
-771.019
-594.239
-1156.44
108.182
-5596.49
-1339.9
-400.736
-232.944
-403.156
-358.663
-329.987
-355.878
-332.399
-468.813
-491.126
-786.053
-626.8
-1168.23
68.5013
-5622.02
-1435.39
-446.663
-261.426
-456.551
-425.083
-398.287
-456.918
-412.787
-599.563
-542.654
-943.976
-516.008
-1187.9
31.4118
-7233.9
-1435.6
-447.04
-261.825
-457.548
-426.775
-400.87
-459.574
-415.902
-600.594
-542.483
-961.669
-539.944
-1382.87
73.645
-7373.63
-1435.79
-447.293
-262.063
-458.252
-427.88
-402.59
-461.797
-416.739
-598.96
-539.407
-957.339
-534.115
-1286.55
-92.5255
-7772.72
-1435.97
-447.668
-262.443
-459.254
-429.582
-405.123
-465.35
-418.862
-602.481
-535.854
-1007.87
-474.068
-1886.58
-544.388
-6642.28
-1436.09
-447.972
-262.72
-460.039
-430.878
-406.982
-467.617
-419.846
-600.351
-535.504
-982.213
-563.361
-1366.7
-76.6913
-7458.13
-1436.17
-448.219
-262.987
-460.766
-432.254
-409.033
-471.544
-422.269
-607.308
-532.678
-1020.27
-568.37
-1603.73
-27.8009
-7005.66
-1436.19
-448.308
-263.139
-461.215
-433.123
-410.452
-474.427
-423.044
-604.424
-526.865
-980.732
-527.069
-1358.21
-249.807
-7645.22
-1436.17
-448.225
-263.197
-461.385
-433.566
-411.108
-476.891
-424.339
-612.714
-520.166
-1067.01
-504.501
-1951.43
-466.152
-6738.04
-1436.08
-447.966
-263.101
-461.186
-433.196
-410.682
-475.725
-424.116
-611.8
-522.349
-1047.92
-519.12
-1836.86
-361.723
-6909.48
-1435.91
-447.59
-262.911
-460.695
-432.369
-409.394
-473.445
-423.49
-614.184
-530.611
-1025.82
-473.649
-1670.89
-317.52
-7485.79
-1435.64
-447.109
-262.591
-459.9
-431.056
-407.512
-470.616
-422.02
-612.683
-536.441
-1025.83
-558.898
-1576.68
-73.4271
-6942.97
-1435.33
-446.64
-262.28
-459.066
-429.78
-405.691
-468.655
-421.121
-615.488
-538.316
-1042.93
-464.564
-1956.79
-693.597
-6723.36
-1434.92
-446.118
-261.827
-457.972
-428.09
-403.247
-465.856
-419.877
-615.12
-546.272
-1000.01
-544.185
-1385.47
-203.751
-7677.39
-1434.53
-445.835
-261.592
-457.234
-427.017
-401.597
-464.011
-419.277
-617.619
-550.692
-1003.14
-562.951
-1453.09
-79.3811
-7308.91
-1434.11
-445.321
-261.111
-456.144
-425.287
-399.12
-462.021
-416.92
-618.793
-553.246
-992.483
-553.992
-1267.21
-67.2221
-7193.45
-1531.41
-509.35
-296.399
-521.024
-506.994
-481.873
-586.452
-523.388
-814.235
-665.539
-1396.61
-786.982
-2361.06
-548.238
-9050.2
-1531.52
-509.605
-296.626
-521.634
-507.805
-483.114
-586.444
-522.772
-807.105
-657.967
-1368.4
-742.189
-2519.76
-532.131
-8707.96
-1531.62
-509.783
-296.75
-522.07
-508.284
-483.95
-586.459
-522.16
-797.509
-650.671
-1303.61
-709.251
-2204.96
-421.419
-9129.28
-1531.72
-510.032
-296.967
-522.706
-509.188
-485.314
-587.741
-521.804
-796.67
-640.094
-1322.22
-697.153
-2193.59
-407.723
-8741.53
-1531.78
-510.221
-297.112
-523.208
-509.809
-486.337
-587.867
-521.166
-786.056
-633.005
-1235.63
-621.219
-1720.37
-268.154
-9881.04
-1531.82
-510.351
-297.265
-523.681
-510.65
-487.602
-590.637
-522.67
-795.346
-627.156
-1321.94
-657.448
-2262.69
-310.125
-8688.65
-1531.81
-510.358
-297.334
-523.964
-511.076
-488.398
-591.559
-523.269
-785.753
-617.247
-1213.98
-558.822
-1755.12
-741.917
-9954.43
-1531.77
-510.244
-297.357
-524.065
-511.428
-488.857
-594.117
-525.003
-800.549
-613.875
-1345.34
-631.606
-2499.25
-877.097
-8228.88
-1531.66
-510.008
-297.268
-523.903
-511.15
-488.55
-593.121
-524.055
-795.356
-615.668
-1299.8
-626.798
-2322.84
-843.671
-8541.65
-1531.49
-509.693
-297.136
-523.554
-510.754
-487.807
-592.868
-523.174
-803.213
-625.912
-1323.06
-642.879
-2160.48
-819.633
-9912.5
-1531.23
-509.302
-296.905
-522.984
-509.97
-486.642
-591.424
-522.295
-799.59
-633.408
-1236.46
-623.142
-1833.12
-37.3143
-9546.5
-1530.95
-508.934
-296.705
-522.412
-509.372
-485.639
-591.849
-522.879
-812.327
-641.578
-1350.87
-707.29
-2253.89
-622.015
-8888.03
-1530.59
-508.521
-296.391
-521.658
-508.482
-484.341
-591.648
-524.034
-818.654
-654.979
-1350.02
-730.962
-2259.21
-438.143
-9164.03
-1530.25
-508.308
-296.255
-521.175
-508.036
-483.551
-592.16
-524.795
-829.991
-663.775
-1419.82
-768.425
-2555.89
-588.801
-8781.08
-1529.9
-507.9
-295.923
-520.449
-507.177
-482.385
-593.11
-526.244
-842.011
-673.932
-1466.44
-815.641
-2456.9
-571.074
-9033.12
-1596.28
-609.881
-353.068
-596.956
-636.023
-608.41
-791.045
-676.385
-1128.22
-735.313
-1886.24
-645.816
-3644.64
186.819
-11045.5
-1596.3
-609.962
-353.014
-597.205
-635.736
-608.759
-787.609
-675.899
-1105.22
-739.279
-1753.98
-634.345
-3186.29
60.3157
-11178.8
-1596.32
-610.003
-352.933
-597.401
-635.41
-609.123
-785.273
-676.869
-1092.39
-746.677
-1735.81
-670.005
-3522.47
-1226.91
-12075
-1596.34
-610.039
-352.861
-597.667
-635.238
-609.657
-783.608
-677.392
-1081.11
-752.961
-1627.99
-693.948
-2580.91
-354.878
-13065.7
-1596.33
-610.019
-352.759
-597.878
-634.92
-610.055
-781.423
-677.197
-1069.91
-754.54
-1618.61
-753.674
-2446.98
363.424
-12964.3
-1596.3
-609.948
-352.682
-598.042
-634.971
-610.546
-782.605
-678.441
-1080.77
-751.794
-1717.98
-688.485
-3391.18
-312.999
-10602.6
-1596.23
-609.813
-352.57
-598.102
-634.741
-610.789
-781.276
-678.486
-1065.03
-741.128
-1584.45
-650.571
-2409.51
-591.018
-12690.9
-1596.11
-609.613
-352.481
-598.026
-634.858
-610.811
-783.819
-679.125
-1085.95
-739.419
-1755.55
-653.972
-3397.87
-684.898
-10155.1
-1595.93
-609.347
-352.342
-597.807
-634.567
-610.496
-782.807
-677.798
-1073.87
-735.262
-1649.69
-600.063
-2911.47
-640.553
-10560.4
-1595.71
-609.048
-352.237
-597.472
-634.582
-609.918
-784.839
-676.58
-1090.01
-740.886
-1732.87
-612.131
-3605.96
-1056.29
-11537.7
-1595.43
-608.713
-352.082
-597.01
-634.343
-609.141
-785.032
-674.964
-1083.42
-736.132
-1572.3
-582.961
-2548.25
-44.5894
-12668.5
-1595.13
-608.423
-352.002
-596.58
-634.488
-608.519
-788.084
-675.146
-1100.65
-745.009
-1642.58
-668.447
-2622.89
-784.903
-12877.6
-1594.79
-608.103
-351.832
-596.028
-634.464
-607.783
-791.118
-675.581
-1120.96
-747.405
-1795.05
-674.163
-3774.29
-1542.73
-11830.6
-1594.47
-607.96
-351.812
-595.695
-634.718
-607.336
-794.366
-675.092
-1139.32
-747.428
-1841.64
-682.143
-3338.68
-146.291
-11029.8
-1594.16
-607.638
-351.623
-595.185
-634.768
-606.748
-798.911
-675.821
-1170.93
-745.982
-2021.15
-705.456
-3919.01
-9.11289
-10894.1
-1755.9
-2418.75
-3024.74
-3817.17
-4779.9
-5982.47
-7533.61
-9388.84
-11941.8
-14731.2
-20448
-21751
-42656.2
-35482.1
-119373
-700.046
-857.079
-957.554
-1188.34
-1463.64
-1832.01
-2309.59
-2917.38
-3829.36
-4884.49
-7292.51
-10263
-12621.3
-23361.1
-17683.7
-449.837
-598.55
-739.451
-975.469
-1231.51
-1592.66
-1999.72
-2630.36
-3292.51
-4624.1
-5913.86
-9250.29
-10550.2
-20378.4
3386.17
-691.667
-935.768
-1176.4
-1515.75
-1895.76
-2421.61
-2975.21
-3828.19
-4644.24
-6222.89
-7705.67
-10072.5
-12471.2
-10824.4
-15094.8
-753.712
-1022.23
-1289.33
-1660.7
-2088.17
-2679.98
-3258.88
-4170.07
-4859.99
-6595.48
-7323.95
-10773.5
-10392.3
-16832.7
-15995
-713.651
-990.524
-1265.39
-1635.68
-2059.81
-2606.44
-3094.99
-3985.54
-4676.87
-6735.61
-7524.01
-11800.4
-11623.9
-19711.5
-17466.3
-962.744
-1347.17
-1729.64
-2224.47
-2831.67
-3615.98
-4391.97
-5658.16
-6583.24
-9026.61
-9292.88
-14199.7
-12840.4
-24984.7
-15653
-815.201
-1159.8
-1484.68
-1928.98
-2487.62
-3030.29
-3642.65
-5194.06
-6505.29
-9262.95
-9786.86
-15845.8
-15374.2
-26855.2
-10419.6
-1456.35
-1944.73
-2485.3
-3212.99
-4147.17
-5289.84
-7359.68
-9863.13
-11182.6
-13841.1
-13220.7
-18102.8
-12611.7
-22886.3
-3803.22
-961.699
-1307.76
-1663.44
-2356.63
-3193.76
-3734.49
-4909.58
-6302.68
-7745.68
-9671.32
-9756.68
-14933.4
-12102.5
-24976.9
2135.04
-2623.95
-2617.7
-3792.18
-5154.17
-6198.84
-7737.25
-13003.2
-15304.5
-15787.5
-16987.3
-15913.7
-18987.2
-19408.4
-30602.2
-3269.21
-1105.59
-1435.33
-1850.7
-2823.83
-3855.4
-3280.95
-3353.72
-4876.86
-5244.93
-6766.82
-6805.45
-9760.8
-5835.53
-11388.4
22177.6
-4872.49
-1908.81
-5634.62
-9762.63
-7843.15
-13244.3
-24494.7
-25227.1
-22924.9
-21254
-18697.1
-15468
-19057
-22877.4
13821.7
-2137.49
213.742
1577.07
-859.725
-3892.65
2669.12
122.909
1847.45
7798.97
12980.2
18071.2
17737.1
25492
-5793.68
5828.88
-14714.8
-22214.3
-22759.1
-19253.9
-26564.3
-22319.7
-17311.7
-33030.5
-47600.6
-54454
-53113
-60135.5
-52334.6
-46574.6
17397.6
-1755.91
-2418.62
-3024.34
-3816.56
-4778.01
-5979.29
-7525.13
-9376.88
-11907.8
-14689
-20340.5
-21679.1
-42313.3
-34997.9
-114996
-700.02
-856.709
-956.523
-1186.42
-1459.27
-1824.64
-2292.71
-2890.96
-3766.47
-4801.9
-7100.6
-10030.3
-12425
-22814.9
-18760
-449.49
-597.513
-737.36
-971.707
-1224.65
-1580.91
-1977.76
-2592.58
-3217.9
-4518.73
-5733.34
-9026.18
-10368.8
-19628.6
3621.21
-691.771
-935.17
-1174.91
-1512.65
-1889.04
-2407.96
-2943.51
-3757.88
-4496.62
-6010.49
-7314.97
-9697.07
-11577.2
-10162.3
-17902.2
-752.324
-1018.22
-1281.85
-1647.24
-2063.21
-2634.42
-3168.22
-3995.32
-4550.17
-6182.21
-6682.99
-10228.9
-9369.86
-16577.3
-20617.1
-713.506
-987.83
-1260.36
-1625.85
-2040.48
-2567.25
-2997.52
-3733.58
-4232.85
-6137.05
-6690.28
-11184.5
-10162.3
-20711
-20756.3
-953.826
-1328.54
-1701.36
-2179.81
-2755.52
-3473.31
-4066.55
-5040.26
-5713.13
-7932.8
-8055.15
-13232.2
-11371.3
-28614.5
-17973.5
-814.433
-1147.67
-1465.81
-1891.17
-2427.58
-2923.92
-3430.31
-4787.61
-5880.32
-8297.34
-8848.82
-15064.9
-15621.9
-31580.1
-9980.46
-1394.84
-1851.73
-2374.33
-3086.17
-4003.77
-5031.96
-6969.05
-9579.76
-11294.2
-13348.9
-12651.5
-17611.3
-12868.2
-24578.1
5371.78
-983.641
-1270.82
-1628.63
-2254.6
-3055.94
-3842.35
-5304.15
-7145.83
-8195.7
-9699.37
-9840.59
-15366.3
-13375.9
-22605.4
-2699.97
-2283.88
-2245.21
-3353.3
-4896.96
-6328.47
-7940.37
-12050.9
-14263.5
-14801
-16252.1
-16088.4
-21019.2
-24854.3
-35795.3
-10412.6
-1044.1
-1274.1
-1679.37
-2493.17
-3782.48
-3661.97
-4245.63
-5478.81
-6196.2
-8082.02
-8689.68
-13277.7
-12177.5
-15984.6
18342
-5019.71
-2684.79
-6905.32
-9902.06
-10037
-12334.3
-23041.9
-26578.2
-24828.7
-23140
-21210.6
-17483.1
-19405.8
-23149.3
-1701.66
-2020.39
257.354
-112.332
-3051.97
-4494.71
-952.406
1651.82
2778.02
7694.83
12754.8
16991.9
15851.5
21346.7
-3783.96
27.6714
-15307.2
-19459.9
-19876.3
-14609.2
-18700.7
-20621.1
-18103.9
-29577.9
-42690.8
-50031.7
-49107.9
-57061.4
-48928.1
-52873.1
-9925.4
-1755.91
-2418.48
-3023.85
-3815.8
-4776.14
-5976.69
-7517.88
-9367.09
-11876.2
-14654.2
-20250
-21597.7
-42146.6
-34725
-115319
-699.963
-856.341
-955.614
-1184.67
-1455.61
-1818.62
-2279.93
-2871.25
-3720.74
-4742.4
-6965.29
-9858.94
-12182.4
-22466.8
-17753.1
-449.191
-596.685
-735.813
-968.846
-1219.71
-1572.57
-1963.46
-2567.71
-3169.41
-4454.59
-5610.46
-8923.98
-10178.5
-19434.8
3717.43
-691.9
-934.758
-1173.95
-1510.46
-1884.51
-2398.71
-2921.84
-3707.66
-4394.38
-5874.06
-7035.32
-9498.62
-10793.4
-10276.9
-17375.1
-751.127
-1014.94
-1276.03
-1636.71
-2044.96
-2602.87
-3108.75
-3879.99
-4352.1
-5933.85
-6287.73
-10013.2
-8434.64
-17333
-19342.2
-713.527
-986.166
-1257.74
-1620.26
-2030.75
-2546.36
-2935.74
-3542.52
-3950.53
-5793.85
-6262.91
-10843.7
-8975.37
-23160.1
-21488.1
-947.352
-1315.7
-1681.69
-2146.46
-2701.73
-3376.06
-3848.55
-4665.84
-5245.69
-7342.6
-7452.08
-12658.4
-11057.9
-33624.2
-17616.8
-814.135
-1141.33
-1457.1
-1872.38
-2408.47
-2878.8
-3307.29
-4631.97
-5787.51
-8031.51
-8553.35
-14697.3
-17470.1
-36874.8
-6586.76
-1353.53
-1799.91
-2308.63
-2997.39
-3918.89
-4965.86
-7417.07
-10742.5
-11373.9
-12724.1
-12211.9
-17800.3
-14552.2
-22431.5
12833.3
-989.784
-1242.03
-1589.91
-2227.14
-2987.15
-3852.09
-5484.53
-7384.37
-7919.71
-9439.48
-9773.48
-15810.2
-14523.7
-20809.5
4858.65
-1973.96
-2091.36
-3170.11
-4671.12
-6131.84
-8398.03
-12440.2
-14455.1
-15931
-18443.6
-19004.7
-23887.8
-27814.7
-35232.3
-6275.87
-1050.36
-1072.2
-1525.94
-2407.62
-3757.05
-3504.23
-4276.48
-6572.46
-8460.61
-10539.1
-11772
-16406
-14946.2
-14722
22064.6
-4414.7
-3294.11
-6750.77
-9900.89
-9440.77
-12925.9
-23191.2
-28650.4
-27330.5
-25540.1
-22859.1
-19640.9
-19409.4
-22978.5
-11002.9
-715.919
989.322
-1386.74
-3081.52
-2107.82
1719.19
2288.35
4020.9
7833.93
13019.3
17826.5
15849.8
19753.6
2872.75
-2410.18
-17165.2
-19056.5
-19785.1
-12724.7
-16284.3
-18892.7
-19499.2
-28735.2
-41303.6
-49496.8
-50174.9
-58152.8
-52343.1
-60970.7
-23482.4
-1755.91
-2418.28
-3023.24
-3814.78
-4773.24
-5972.11
-7506.3
-9351.52
-11830.8
-14602.6
-20118
-21454.7
-41854.6
-34405.3
-114458
-699.868
-855.833
-954.441
-1182.47
-1450.93
-1810.59
-2262.75
-2844.38
-3659.99
-4662.42
-6781.54
-9632.44
-11781.8
-21914.2
-16610.7
-448.817
-595.569
-733.641
-964.822
-1212.49
-1559.93
-1940.72
-2528.16
-3096.18
-4354.47
-5428.66
-8733.41
-9905.17
-19162.1
3003.62
-692.009
-934.136
-1172.57
-1507.41
-1877.86
-2384.99
-2889.74
-3634.49
-4253.23
-5673.78
-6645.24
-9149.35
-9769.28
-10053.2
-16779.7
-749.836
-1011.04
-1268.71
-1622.79
-2018.63
-2556.61
-3015.07
-3702.23
-4058.31
-5548.54
-5695.88
-9537.78
-6985.71
-17837.1
-19013.4
-713.243
-984.014
-1254.8
-1613.92
-2016.6
-2517.08
-2836.91
-3250.15
-3562.98
-5292.84
-5564.67
-10081.2
-6918.15
-26630.4
-23710.8
-940.548
-1302.33
-1659.92
-2104
-2619.18
-3236.11
-3411.68
-3981.98
-4508.59
-6414.11
-6269.56
-11297.3
-10431.5
-41990.2
-20062
-809.694
-1134.17
-1452.71
-1855.52
-2392.98
-2800.03
-3119.04
-4287.77
-5160.66
-7253.98
-7587.01
-13699.5
-21565.7
-46237.6
319.729
-1310.46
-1764.37
-2259.53
-2877.64
-3790.46
-4589.79
-6988.47
-9730.75
-9829.09
-11218.5
-10577.3
-17821.3
-17672.6
-18045.6
27027.9
-956.545
-1255.23
-1620.75
-2237.33
-2863.73
-4087.11
-6050.85
-7405.21
-7862.86
-10051.6
-10184.7
-16077.9
-15803.7
-19350.6
3689.3
-1720.3
-2184.67
-3078.18
-4412.02
-6183.43
-8499.73
-11830.4
-13464
-14246.1
-15660.8
-16301.4
-21288.4
-24473.5
-29078.1
-2725.37
-781.11
-1015.54
-1830.69
-2199.95
-4066
-4109.07
-5159.75
-6373.01
-7912.85
-10892.8
-12050.6
-15734.8
-15673.8
-13631.5
17453.4
-3354.73
-4199.87
-6667.45
-8429.85
-9853.47
-11583.5
-25291.4
-33299.3
-30080.6
-27940.4
-24739.5
-19919.7
-17460
-20247.8
-21111.8
693.192
-773.473
-1951.93
-2981.14
-3890.01
1753.73
3745.78
3292.88
3243.68
11431.2
18107
16002.7
16676.9
8603.85
-10479.7
-18575.9
-19717.2
-17375
-13896.8
-17375.7
-22829.3
-22019.5
-28093.6
-40352.8
-48937.1
-49732.2
-56469.7
-52936.7
-62604.7
-35186
-1755.89
-2418.03
-3022.49
-3813.5
-4770.16
-5967.46
-7494.41
-9335.42
-11785.1
-14554.5
-19988
-21307.4
-41559.3
-34064.5
-113608
-699.734
-855.302
-953.326
-1180.32
-1446.72
-1803.38
-2248.1
-2821.6
-3610.72
-4598.57
-6630.91
-9453.31
-11382.9
-21414.7
-15933.1
-448.451
-594.533
-731.704
-961.085
-1206.11
-1548.76
-1921.85
-2495.51
-3040.49
-4278.91
-5279.36
-8593.72
-9606.14
-19187.9
1789.12
-692.132
-933.611
-1171.43
-1504.5
-1872.24
-2373.38
-2863.54
-3579.58
-4157.73
-5532.42
-6329.97
-8854.22
-8728.53
-10088.4
-17073.7
-748.606
-1007.38
-1262.02
-1609.74
-1996.36
-2518.03
-2942.39
-3572.43
-3870.8
-5288.15
-5244.7
-9104.76
-5330.98
-18902.5
-20288.1
-713.345
-982.795
-1252.85
-1608.31
-2007.35
-2497.77
-2750.09
-3080.78
-3439.24
-5024.62
-4983.19
-9116
-4341.99
-32039
-27596.6
-935.592
-1290.47
-1638.19
-2062.35
-2548.94
-3117.03
-3049.11
-3635.18
-4161.34
-5827.66
-5241.56
-9136.11
-11361.1
-55821.2
-25841.5
-809.208
-1132.35
-1448.19
-1842.98
-2397.64
-2693.81
-2892.63
-3828.03
-4678.23
-6445.06
-6207.97
-11925.9
-29449.3
-59907.9
19212.7
-1297.94
-1733.76
-2195.51
-2765.09
-3592.51
-3972.91
-5755.55
-7498.82
-7768.54
-9567.4
-8819.69
-17653.5
-21744.1
-16307.3
33056.2
-969.478
-1262.8
-1594.81
-2269.64
-2925.13
-4008.93
-5417.14
-6791.07
-7743.1
-10295.6
-10177.2
-17102.9
-18516.7
-20328.8
4842
-1796.47
-2314.21
-3159.45
-4187.81
-5802.07
-7489.17
-10040.8
-11810.8
-12831.4
-14172.6
-14590.5
-18593.1
-19683.9
-22653.7
2002.46
-725.648
-832.826
-1679.74
-2305.05
-4293.33
-3693.34
-4644.04
-4410.97
-5443.38
-9252.61
-10704.2
-13496.3
-14101.2
-11589.8
9686.54
-4277.55
-5412.31
-6262.4
-9406.48
-8138.02
-10238.7
-22587.9
-31119.7
-25903.6
-22008.2
-19803.8
-16530.3
-14230.3
-18991.1
-27395.9
-6.28378
-2176.3
-3335.34
-5096.46
-2635.84
3727.68
4474.83
4990.64
3150.25
9935.05
17422.8
14268.5
13806.2
6450.03
-7544.85
-16893.9
-16445.4
-15836
-14898.9
-19279.6
-21413.4
-24663.4
-26682.8
-39163.5
-50901.5
-51874.6
-57068.7
-55018.5
-64960.1
-37523.7
-1755.84
-2417.73
-3021.66
-3812.04
-4766.65
-5961.93
-7481.27
-9317.89
-11736.7
-14501.3
-19837.4
-21139
-41177.2
-33715.2
-112846
-699.548
-854.732
-952.215
-1178.17
-1442.59
-1796.06
-2233.78
-2799.53
-3564.87
-4537.65
-6481.25
-9282.87
-10937.8
-20870.7
-15015.2
-448.131
-593.567
-729.851
-957.406
-1199.76
-1536.75
-1901.62
-2461.99
-2988.21
-4202.02
-5124.59
-8424.46
-9212.42
-19276
1123.48
-692.145
-932.983
-1170.25
-1501.57
-1866.73
-2360.4
-2837.96
-3530.52
-4076.39
-5392.56
-6017.89
-8494.49
-7613.58
-9996.42
-17352.6
-747.891
-1004.68
-1256.76
-1598.45
-1976.5
-2476.29
-2873.14
-3477.5
-3770.16
-5080.23
-4792.97
-8465.03
-3210.61
-19567.6
-21788.6
-713.081
-981.346
-1251.54
-1604.48
-1999.79
-2471.63
-2712.14
-3050.7
-3349.78
-4682.22
-4258.74
-7474.56
-858.321
-37063.3
-31319.6
-934.181
-1285.57
-1627.86
-2033.85
-2493.45
-2960.15
-2842.94
-3467.1
-4039.54
-5241.8
-3989.58
-4940.97
-9782.66
-68867.4
-25495.2
-805.341
-1127.01
-1450.5
-1840.68
-2377.07
-2569
-2830.49
-3769.32
-4351.9
-5163.92
-3515.6
-7891.61
-27388.2
-63831.7
52822.9
-1298.86
-1743.58
-2192.9
-2703.17
-3321.14
-3390.5
-4153.24
-5579.84
-6307.98
-7954.56
-6682.22
-16185
-24538.8
-34741.3
22778.2
-932.887
-1225.5
-1646.49
-2250.44
-2872.8
-3489.15
-4110.72
-6032.92
-7696.2
-10059.7
-9620.21
-18438.5
-22334.3
-24522.7
4607.77
-1971.2
-2513.71
-3214.64
-3748.32
-4857.51
-5304.04
-7304.13
-10660.8
-12631.9
-13479.8
-12663.1
-15465.1
-16045.2
-20248.4
2332.42
-568.268
-1089.27
-2098.44
-2675
-3689.95
-3148.34
-4620.71
-5669.56
-7296.17
-10506.8
-10484.7
-11892.9
-12456.6
-12269.4
2196.7
-4263.61
-4702.98
-5330.77
-7755.75
-8427.75
-9868.15
-16968.4
-32227.1
-27918.9
-20953.9
-18657.3
-17053.7
-14411.6
-21985.8
-26469
-657.215
-1536.98
-1760.25
-2547.93
-877.957
-1650.25
3472.86
5489.12
6723.13
10159.5
16923.7
14382.1
15581.7
4451.27
14969.8
-14219.6
-15714.3
-17488.7
-18835.6
-20693.2
-24077.1
-25342.9
-24436.1
-35620.9
-49221.2
-52019.5
-55876.3
-54786.7
-67616.7
-37729
-1755.75
-2417.33
-3020.79
-3810.55
-4763.35
-5956.29
-7467.83
-9299.43
-11690.9
-14456.4
-19696.2
-20989.6
-40783.2
-33414.8
-112295
-699.32
-854.146
-951.153
-1176.15
-1439.13
-1789.96
-2222.65
-2782.15
-3530.6
-4492.06
-6368.96
-9153.7
-10541.5
-20354.2
-13869.3
-447.817
-592.71
-728.278
-954.261
-1194.63
-1526.96
-1886.65
-2436.71
-2952.39
-4143.59
-5009.01
-8280.27
-8859.76
-19539.2
835.51
-692.107
-932.408
-1169.09
-1498.51
-1861.59
-2348.63
-2821.89
-3503.2
-4037.62
-5301.64
-5797.81
-8155.59
-6598.68
-9860.72
-17507.4
-747.017
-1002.19
-1252.13
-1589.16
-1961.66
-2448.75
-2848.81
-3451.27
-3765.77
-4971.14
-4484.85
-7722.35
-1255.28
-19391
-22364.3
-713.097
-980.837
-1249.96
-1598.64
-1990.08
-2456.91
-2746.3
-3162.63
-3418.15
-4464.26
-3646.7
-5186.72
2616.78
-36314.3
-30707.6
-930.971
-1278.28
-1612.79
-2007.14
-2455.86
-2931.27
-3076.31
-3728.15
-4123.38
-4780.4
-2530.15
42.0579
-2844.47
-71104.2
-2807.52
-805.59
-1130.4
-1446.08
-1821.37
-2342.48
-2750.34
-3162.81
-3842.65
-4051.7
-4366.35
-1323.85
-3919.29
-16048.3
-45161.4
74395
-1285.03
-1716.83
-2117.64
-2598.88
-3256.2
-3710.32
-4057.55
-4972.96
-5285.87
-6611.45
-5813.68
-14934.7
-28018
-60850.2
3289.82
-942.076
-1264.75
-1578.32
-2088.32
-2922.68
-3610.36
-3983.99
-5407.7
-6697.64
-8958.28
-9357.42
-18654.3
-24652
-26553.3
5323.72
-1800.65
-2132.2
-2669.36
-3464.06
-4889.6
-4940.88
-6298.65
-9593.95
-11416.8
-11886.5
-10765.6
-13623.9
-13444.5
-19352.9
3608.86
-744.422
-806.144
-1378.25
-1966.01
-2721.99
-3128.73
-4513.88
-7038.53
-8413.08
-9554.09
-8808.48
-9109.19
-8957.14
-11758.9
2878.25
-2932.24
-3788.71
-5190.72
-6559.41
-9082.62
-12549.1
-10201.8
-25267.9
-24837.1
-17818.5
-15260
-14103
-13352.3
-26336.1
-17473.8
-983.866
-1824.05
-720.646
99.084
-2724.88
-5402.58
-1702.66
6044.72
10675.1
9697.08
14653.7
12524.5
11337
3435.44
33549.5
-17867.7
-18897.2
-18518.1
-19016.9
-19453.3
-19391.3
-30520.9
-30208.2
-37306.7
-50438.3
-55632.3
-58791.2
-60031.2
-62904
-38245.1
-1755.61
-2416.92
-3019.97
-3808.96
-4759.77
-5950.19
-7454.97
-9282.35
-11648.2
-14411.6
-19543.1
-20841.2
-40349.7
-33163.1
-111800
-699.036
-853.556
-950.209
-1174.45
-1436.27
-1784.72
-2213.28
-2767.23
-3501.53
-4450.71
-6271.5
-9033.23
-10189.5
-19821.3
-12434.4
-447.59
-592.081
-727.122
-951.826
-1190.47
-1518.16
-1872.09
-2410.02
-2912.15
-4073.22
-4896.76
-8121.91
-8589.51
-19887.8
366.265
-691.894
-931.761
-1167.98
-1495.95
-1857.12
-2337.39
-2802.1
-3461.99
-3971.37
-5167.46
-5587.18
-7790.11
-5765.28
-9741.38
-17484.1
-746.879
-1001.24
-1249.9
-1583.79
-1951.93
-2424.22
-2805.98
-3366.98
-3643.92
-4723.55
-4144.4
-6824.75
-38.1737
-19202.5
-20593.7
-712.591
-979.922
-1248.86
-1596.79
-1983.38
-2429.91
-2686.66
-3058.03
-3255.76
-4107.38
-3114.54
-3043.56
3960.89
-32023.5
-22017.5
-933.419
-1280.98
-1613.77
-2002.39
-2435.67
-2850.56
-2931.52
-3431.63
-3731.21
-4189.81
-1384.39
2249.36
4171.34
-56799.5
26605.6
-802.197
-1127.7
-1448.7
-1836.23
-2327.1
-2617.48
-2831.31
-3529.56
-3771.02
-3903.36
-449.781
-1821.95
-8356.26
-44358.6
58529.4
-1310.95
-1764.1
-2170.8
-2640.43
-3158.42
-3431.33
-3776.91
-4740.39
-5247.3
-6597.08
-6210.07
-15100.3
-30491.3
-67956.1
-15646.3
-902.944
-1242.34
-1637.29
-2187.8
-2883.94
-3261.72
-3721.99
-5025.57
-6433.3
-8819.15
-10067.5
-16877.4
-22186.4
-26518.2
2138.44
-2117.97
-2602.62
-3157.49
-3732.36
-4870.75
-5171.81
-6054.76
-8855.28
-11222.4
-12932
-12065.9
-13736.5
-13275.1
-22182
387.131
-785.698
-1159.72
-2068.47
-3246.61
-3892.92
-3599.83
-4108.28
-7099.82
-8990.2
-9949.04
-9273.06
-8348.29
-6422.13
-9875.83
7262.31
-4529.48
-5709.12
-7095.1
-9176.71
-10365.5
-11213.9
-9966.71
-17705.3
-21579.6
-19210.3
-17140.1
-19668.6
-22007.2
-28162.9
-2125.61
-1095.41
-2686.12
-2572.58
-2962.1
-2898.66
-1451.13
-1002.48
4766.38
11452
7818.39
10261.7
6819.17
6226.17
6029.48
25780.9
-12940.1
-13647.6
-13720.2
-15357.5
-16586
-18319.9
-29801.6
-36032.6
-36795.7
-41629.4
-46615.7
-50063.7
-52878
-47592.8
-47456
-1755.41
-2416.45
-3019.08
-3807.28
-4756.52
-5944.56
-7443.36
-9266.22
-11612.4
-14374
-19406.7
-20726.6
-39965.6
-32986
-111426
-698.713
-852.991
-949.406
-1173.01
-1434.1
-1780.76
-2206.87
-2756.98
-3484.08
-4426.9
-6220.56
-8951.15
-9964.1
-19340.3
-11038.2
-447.366
-591.605
-726.312
-950.033
-1187.56
-1511.91
-1862.76
-2392.17
-2887.12
-4024.34
-4832.27
-8019.59
-8532.84
-20331.2
-552.034
-691.583
-931.148
-1166.87
-1493.3
-1852.99
-2328.35
-2791.15
-3439.37
-3937.86
-5085.59
-5485.3
-7568.98
-5532.39
-9827.21
-16881.8
-746.414
-1000.38
-1248.3
-1580.47
-1946.75
-2414.23
-2794.82
-3335.83
-3584.31
-4575.97
-3980.29
-6385.17
93.331
-18534.1
-16453.3
-712.193
-979.711
-1247.46
-1591.88
-1975.8
-2418.1
-2674.78
-3008.4
-3165.5
-3921.72
-2873.03
-2505.02
4417.47
-25480.3
-9432.34
-931.777
-1278.56
-1608.22
-1994.02
-2427.48
-2851.91
-2929.85
-3399.39
-3666.42
-3965.5
-797.407
3058.61
9050.99
-41854.8
40327.5
-802.385
-1131.95
-1445.72
-1817.54
-2327.74
-2681.82
-2851.21
-3514.4
-3634.65
-3446.33
341.467
-100.825
-8676.16
-55055.6
27690.8
-1294.81
-1734.4
-2117.69
-2585.97
-3248.4
-3430.72
-3758.96
-4680.66
-5148.37
-6612.73
-5904.61
-15407
-33146.7
-66884.1
-28416.3
-917.678
-1293.51
-1598.63
-2142.62
-3018.22
-3198.03
-3634.43
-5008.79
-6518.24
-9126.77
-10732.3
-16536
-20966.6
-25583.3
3106.86
-1978.55
-2196.52
-2472.35
-3391.28
-4338.62
-4663.05
-5784.78
-8513.35
-10709.2
-12718.7
-12338.4
-14836.1
-14462.6
-21685.1
-1738.25
-941.255
-936.266
-1185.8
-2225.51
-3446.79
-3644.43
-4952.84
-7310.76
-9333.62
-10017.2
-9125.08
-9545.92
-6536.39
-7379.34
7454.5
-3447.71
-3283.53
-5130.24
-6472.32
-11465.3
-15164.7
-12848.1
-16036.8
-20880
-18775.5
-16159.8
-15338.7
-14182.3
-21329.1
5340.42
-520.905
-1899.69
-1065.22
213.475
-1976.61
-4328.6
-1590.3
4307.33
11439.6
10014.3
13952.9
12552.7
11238.1
2892.99
2927.91
-15109.6
-19731.9
-18870.1
-19127
-19196.6
-21206.6
-29600
-38728.8
-39966.7
-46307.7
-51538.3
-57759.3
-60853.3
-55851.4
-61862.5
-1755.18
-2415.96
-3018.21
-3805.74
-4753.64
-5939.26
-7432.91
-9252.54
-11584.1
-14336.4
-19270.2
-20620.4
-39576.2
-32878.7
-111076
-698.375
-852.5
-948.772
-1171.9
-1432.49
-1777.92
-2202.35
-2750.05
-3473.72
-4416.92
-6195.64
-8889.91
-9830.13
-18841.6
-9685.16
-447.246
-591.381
-725.921
-949.018
-1185.94
-1507.5
-1855.46
-2376.15
-2861.95
-3976.43
-4779.62
-7950.3
-8606.51
-20728.2
-1963.58
-691.14
-930.525
-1165.92
-1491.44
-1849.89
-2320.36
-2776.72
-3407.12
-3885.49
-4990.69
-5397.49
-7436.45
-5568.8
-10015.2
-15469.8
-746.676
-1000.99
-1249.05
-1581.22
-1947.29
-2406.88
-2772.6
-3265.79
-3434.92
-4365.92
-3844.4
-6263.66
-239.234
-17765.3
-11969.8
-711.381
-979.032
-1246.4
-1591.72
-1969.35
-2387.17
-2559.46
-2766.91
-2926.53
-3730.06
-2805.86
-2947.15
4611.19
-17401.4
2482.64
-935.245
-1284.63
-1616.92
-2008.01
-2432.08
-2765.09
-2658.28
-3089.86
-3303.47
-3655.52
-774.273
2592.03
9882.62
-37086.3
41968.5
-800.297
-1127.99
-1446.34
-1837.3
-2293.04
-2356.69
-2573.09
-3290.12
-3499.44
-3480.51
258.565
-467.24
-12962.4
-63782.4
3728.26
-1312.4
-1766.05
-2182.98
-2706.27
-3048.75
-3359.01
-4464.94
-5940.21
-6330.77
-7333.43
-6655.08
-15081.2
-33014.3
-64776.4
-36276.4
-916.374
-1241.18
-1677.94
-2266.23
-2670.87
-3551.54
-4368.53
-5712.06
-6977.9
-8923.32
-10819.1
-16253.5
-21030.4
-26539.1
391.247
-2096.78
-2563.13
-3245.95
-3669.09
-4928.18
-5927.09
-7100.91
-9509.45
-11413.9
-12683.9
-13007.9
-15900
-16513.5
-22243.8
-854.605
-641.278
-1189.34
-2122.27
-2766.29
-3859.8
-3551
-4520.19
-6121.6
-7243.69
-8884.97
-11082.5
-13842.6
-11177.6
-10071.9
12234.5
-4739.27
-5229.56
-6600.04
-7311.04
-8101.46
-9911.62
-11426.3
-16895.9
-20436.1
-23618.7
-29577.9
-29232.3
-18036.7
-13499.6
2812.24
-1081.92
-1739.28
-2319.5
-3199.73
-1425.1
-4072.35
1590.07
8258.33
11549.4
11510
12040.1
13377.9
11912.8
5582.29
-6828.57
-13992.6
-15475.2
-16128.3
-19249.8
-22172.3
-30434.3
-33966.2
-36319
-41769.5
-47817.2
-50984.6
-52966
-60677.3
-66447.3
-61719.6
-1754.88
-2415.38
-3017.33
-3804.36
-4751.24
-5934.61
-7424.76
-9242.24
-11563.5
-14292.9
-19160.7
-20566.2
-39278.1
-32849.8
-110954
-698.038
-852.052
-948.226
-1170.96
-1431.52
-1776.31
-2200.73
-2748.95
-3477.87
-4434.21
-6216.77
-8882.07
-9793.84
-18435.3
-8659.07
-447.127
-591.279
-725.823
-948.625
-1185.45
-1505.57
-1854.08
-2373.39
-2862.24
-3970.81
-4781.53
-7970.23
-8823.24
-21132.2
-3526.82
-690.614
-929.953
-1165.04
-1489.66
-1847.31
-2315.52
-2778.4
-3413.06
-3898.88
-5006.33
-5447.62
-7518.94
-5868.27
-10405.7
-13662.9
-746.786
-1001.92
-1250.6
-1584.25
-1952.07
-2420.22
-2804.99
-3306.93
-3467.37
-4406.94
-3948.44
-6453.72
-1025.64
-17331
-7885.21
-710.732
-979.093
-1245.42
-1589.46
-1963.47
-2389.32
-2622.83
-2808.53
-2922.01
-3772.8
-2973
-3755.32
3657.85
-10916.3
14573
-937.164
-1289.51
-1623.82
-2025.2
-2459.13
-2940.15
-2896.11
-3147.4
-3229.25
-3704.89
-1345.1
851.842
8958.03
-35731.6
31663.3
-801.828
-1131.55
-1444.29
-1827.75
-2291.39
-2554.16
-2745
-3430.41
-3567.88
-3937.26
-1303.8
-3504.19
-15445.2
-68380.2
-17773.5
-1316.41
-1767.51
-2198.28
-2731.02
-3396.3
-4136.39
-6243.72
-8056.23
-7917.62
-8522.81
-7934.63
-15409.3
-28835.9
-61899.6
-41483.8
-951.457
-1275.09
-1631.83
-2203.96
-2823.43
-4170.08
-5052.65
-6106
-7270.91
-9036.18
-10545.3
-15737
-21037.7
-28878.6
-4010.03
-1883.78
-2436.79
-3171.6
-4177.92
-5894.58
-6608.04
-8769.14
-11839.1
-13789.1
-14303.2
-14147.3
-17231
-18248.1
-21752.8
-1700.49
-809.651
-978.029
-1642.45
-2561.1
-4477.08
-3539.58
-3178.06
-5303.37
-7552.02
-10130.3
-12820
-19029.5
-17063.8
-8132.19
20707.7
-3966.96
-5199.22
-6067.35
-7762.64
-5817.89
-6753.27
-13430.3
-23246.9
-24672.8
-29360.6
-36724.5
-37605.3
-21672.6
-5782.23
4294.02
321.87
-1816.37
-2734.7
-5912.88
-3742.35
2972.61
6760.18
6602.68
8280
6964.68
4444.93
4779.81
15495
12456.2
-4614.3
-18167.4
-16806.7
-15351
-15971.5
-21996.6
-27879.7
-29523.5
-36346.2
-44394.1
-50184.2
-51522
-54842.2
-57361.4
-65801.5
-49306.7
-1754.54
-2414.85
-3016.75
-3803.37
-4748.85
-5929.92
-7417.32
-9235.05
-11542.8
-14257.7
-19082.4
-20503
-39012.8
-32876.5
-110905
-697.747
-851.688
-947.861
-1170.52
-1431.34
-1775.78
-2200.25
-2751.32
-3485.62
-4450.4
-6260.55
-8900.34
-9784.41
-18053.1
-7774.09
-447.11
-591.357
-726.064
-948.882
-1186.04
-1504.9
-1854.23
-2373.86
-2869.12
-3974.58
-4804.03
-8024.49
-9079.26
-21372.7
-4886.02
-690.109
-929.537
-1164.6
-1488.7
-1846.44
-2312.23
-2781.46
-3427.77
-3929.87
-5050.14
-5513.02
-7672.71
-6186.87
-10729.3
-11587.8
-747.479
-1003.88
-1253.8
-1589.13
-1960.79
-2430.02
-2837.73
-3371.51
-3574.19
-4540.21
-4074.65
-6763.09
-1590.66
-16575.8
-5655.23
-710.041
-979.489
-1246.15
-1590.15
-1963.25
-2382.55
-2668.54
-2950.94
-2997.48
-3879.19
-3092.11
-4639.05
3035.19
-8294.99
21224.3
-942.496
-1300.06
-1639.33
-2047.63
-2498.97
-2987.58
-3217.02
-3478.29
-3543.69
-4145.09
-2009.11
-1817.04
9003.75
-24729.4
11469.9
-801.904
-1135.05
-1451.31
-1838.01
-2271.96
-2587.24
-2860.08
-3890.37
-4201.88
-4790.65
-2932.01
-6877.23
-8855.94
-69619.3
-39232.8
-1334.5
-1802.02
-2249.6
-2783.66
-3456.1
-4378.95
-6731.93
-9578.71
-9742.41
-9866.96
-9270.92
-16098.3
-23333.3
-53511
-43142.6
-957.938
-1294.53
-1675.27
-2204.49
-2775.88
-3689.95
-5105.93
-6841.05
-7691.9
-8973.24
-10430.6
-15570.5
-18360.3
-26617.1
-9095.77
-1826.54
-2315.5
-3139.26
-4037.63
-5261.24
-6503.77
-9502.66
-12438.9
-14827.5
-16098.6
-16155.5
-17698.9
-18899.4
-22616.6
-6575.82
-865.6
-1139.38
-1802.44
-2471.49
-3719.99
-3074.83
-2578.86
-4077.47
-5761.42
-9997.42
-13509.6
-18626.2
-23142.5
-12966.2
16195.2
-3329.13
-4745.69
-7002.69
-7439
-7713.51
-6065.62
-16588.4
-25820.9
-24514.4
-27602.8
-36501.3
-44145.9
-31460.5
-9234.47
2479.89
1147.49
-913.697
-1970.97
-3421.28
-4721.77
-776.137
3870.86
4358.27
3487.39
1485.86
310.1
-4691.22
6714.95
20082.1
3066.58
-18365.5
-19741.3
-16128.5
-14835.2
-20753.8
-29665.7
-29630.2
-30664.3
-38641.7
-45270.1
-48750.4
-51601
-57964.5
-63555.5
-33942.3
-1754.18
-2414.34
-3016.1
-3801.96
-4746.57
-5927.13
-7413.82
-9230.48
-11520.5
-14244.4
-19049.8
-20546.4
-38758
-32982.2
-111062
-697.452
-851.358
-947.634
-1170.18
-1431.25
-1775.62
-2201.86
-2758.08
-3499.55
-4461.82
-6298.18
-8960.49
-9898.37
-17716
-7275
-447.052
-591.498
-726.52
-949.36
-1186.87
-1505.55
-1857.93
-2382.86
-2890.42
-4000.7
-4861.51
-8131.17
-9418.61
-21505.4
-5729.44
-689.545
-929.172
-1164.33
-1488
-1846.39
-2312.43
-2791.37
-3460.28
-3998.65
-5159.59
-5655.37
-7951.38
-6628.03
-11278.3
-11332.4
-748.186
-1006.12
-1257.55
-1594.85
-1971.87
-2448.88
-2883.21
-3467.97
-3744.4
-4789.26
-4341.86
-7263.1
-2211.19
-16069.1
-4923.57
-709.561
-980.558
-1247.64
-1592.04
-1968.15
-2395.07
-2727.03
-3152.48
-3276.23
-4223.13
-3377.83
-5534.09
2595.94
-7883.89
24026.8
-949.549
-1312.84
-1655.64
-2071.54
-2543.59
-3071.31
-3452.76
-3927.52
-4041.47
-4824.64
-2814.78
-4269.81
7137.49
-15729.5
-3057.6
-804.759
-1141.92
-1457.83
-1852.21
-2295.26
-2641.02
-2990.69
-3933.7
-4405.3
-5435.64
-4122.27
-9172.72
-7537.18
-57882.1
-40110.1
-1379.66
-1847.15
-2294.46
-2848.66
-3528.54
-4346.47
-6071.52
-8426.2
-9727.69
-10772.3
-10358.9
-16888.6
-20602.8
-46770.1
-38718.6
-982.457
-1284.68
-1659.79
-2215.9
-2862.84
-3447.49
-4484.47
-6211.15
-7736.76
-9563.64
-10946.2
-15958.1
-16149.2
-25282
-16044.6
-2062.45
-2283.21
-3184.93
-4244.28
-5298.74
-6465.82
-10158.3
-12369.3
-13575.4
-15097.6
-16310.3
-19244.4
-18829.5
-23569.8
-12978.1
-1024.42
-1167.07
-1627.53
-2469.08
-3379.65
-2737.01
-2477.94
-4279.42
-6242.94
-10384.3
-14480
-19029
-23820.6
-17495.3
2398.45
-4335.24
-3872.3
-7099.48
-8222.21
-7534.41
-6761.52
-21083.8
-23189.2
-23333.4
-26978.6
-34461.1
-42419.3
-35335.3
-16110.2
-7748.22
-505.395
734.69
-1044.68
-2732.36
-3119.52
-21.9289
1819.57
3992.89
4799.09
2897.67
4280.28
-533.845
3840.55
20474.6
-2651.48
-17402.6
-19469.3
-19307.8
-16398.1
-23087.7
-27916.3
-21947.1
-32107.1
-39343.9
-44403.9
-48218.7
-54644.8
-62391.1
-71462.5
-48294.6
-1753.86
-2413.88
-3015.53
-3801.03
-4745.27
-5925.28
-7409.04
-9225.54
-11504.8
-14240.3
-19045.1
-20599.5
-38554.9
-32979.9
-110936
-697.324
-851.262
-947.645
-1170.21
-1431.55
-1776.25
-2203.82
-2763.45
-3513.37
-4469.71
-6296.93
-8965.28
-9935.01
-17605.3
-6575.65
-447.112
-591.745
-726.975
-949.897
-1187.89
-1506.9
-1861.22
-2388.62
-2905.74
-4020.97
-4899.86
-8176.83
-9639.61
-21429.3
-6815.39
-689.173
-929.042
-1164.37
-1487.93
-1846.94
-2313.18
-2798.68
-3482.49
-4048.62
-5240.49
-5754.73
-8147.46
-6864.39
-11683.8
-10703.6
-749.031
-1008.33
-1260.94
-1599.82
-1980.19
-2461.94
-2912.02
-3527.93
-3853.41
-4955.09
-4522.1
-7632.2
-2591.79
-16124.4
-6369.7
-709.082
-981.769
-1249.6
-1594.73
-1971.52
-2401.68
-2760.24
-3267.08
-3468.66
-4475.05
-3547.14
-6104.63
2528.58
-7707.03
23735
-956.329
-1325.17
-1669.97
-2090.44
-2571.95
-3127.49
-3584.13
-4153.22
-4279.56
-5208.99
-3290.02
-6024.3
5163.19
-20491.3
-7622.4
-804.215
-1149.85
-1468.31
-1867.89
-2304.17
-2653.29
-3003.51
-3942.04
-4523.62
-5834.59
-4773.3
-10497.2
-7427.36
-50455.4
-30347.9
-1423.42
-1904.59
-2342.24
-2885.4
-3562.77
-4375.88
-5924.92
-7803.81
-8785.81
-10479.9
-10592.9
-17105.6
-19435.5
-43408.8
-27968.9
-979.367
-1335.23
-1702.15
-2257.74
-2870.87
-3245.63
-4058.41
-5496.14
-7154.53
-9715.48
-11189.7
-16431.6
-15980.2
-27895.6
-21106.6
-2375.56
-2549.82
-3344.24
-4270.17
-5157.61
-6129.09
-9953.9
-12473.1
-13735.6
-15862.7
-16568.4
-20345
-19965.2
-25620.8
-18701.3
-1048.49
-1361.2
-1815.88
-2586.2
-3212.73
-3079.19
-3045.54
-3976.81
-5329.05
-8868.21
-12019
-16686.9
-22661.9
-16517.9
-8285.28
-4830.1
-3785.92
-6948.26
-7524.85
-9506.82
-8650.81
-20743.4
-22385.9
-23057.5
-25861.3
-30594.2
-37292.4
-35649.2
-19195.9
-13808
-1870.32
-157.708
177.714
-3274.4
-6265.79
-1681.61
1875.73
2846.51
3094.18
984.042
3119.16
-341.498
3036.32
18927.9
12480.8
-15629.2
-20278.5
-19740.6
-20408.6
-27145.2
-29072.7
-21965.5
-30762.1
-34424.7
-37861.3
-43468.7
-54273.5
-68817
-78123
-62024.5
-1753.54
-2413.43
-3015.06
-3800.19
-4744.28
-5923.93
-7406.67
-9223.67
-11500.2
-14243.3
-19089.6
-20526.2
-38707.7
-33656.9
-111574
-697.035
-850.922
-947.371
-1169.77
-1431.43
-1776.36
-2205.95
-2768.85
-3530.42
-4490.1
-6362.2
-9041.91
-9728.67
-17146.1
-6105.81
-447.063
-591.929
-727.507
-950.698
-1189.49
-1509.29
-1866.67
-2399.67
-2932.02
-4066.24
-4970.76
-8326.29
-9837.92
-21933.8
-6169.11
-688.673
-928.844
-1164.49
-1488.12
-1848.26
-2316.08
-2810.88
-3516.2
-4123.79
-5372.8
-5934.32
-8512.52
-7262.6
-12978.2
-11915.7
-749.905
-1010.95
-1265.27
-1606.28
-1991.97
-2482.25
-2956.96
-3617.26
-4015.52
-5202.54
-4824.49
-8168.49
-3141.24
-17432.2
-5572.73
-708.515
-983.426
-1252.99
-1600.31
-1981.2
-2419.93
-2814.5
-3407.57
-3734.75
-4864.76
-3953.99
-6866.21
2032.61
-7978.05
36513.9
-965.81
-1343.54
-1692.02
-2117.82
-2614.64
-3204.87
-3765.51
-4477.57
-4742.39
-5848.51
-4057.66
-7904.94
3590.82
-23898.3
7753.41
-802.815
-1160.28
-1485.71
-1899.86
-2339.74
-2704.49
-3096.97
-4011.54
-4749.96
-6419.09
-5769.11
-12164.3
-7679.42
-47920
-20642.6
-1492.51
-2011.26
-2430.62
-2955.53
-3623.73
-4478.31
-5984.28
-7561.87
-8386.63
-10289.9
-11011.3
-17651.5
-18584.6
-42631.7
-24156.8
-942.769
-1365.91
-1746.92
-2372.25
-2889.23
-3026.41
-3556.89
-4703.18
-6110.19
-9031.38
-11221.2
-16646.9
-17191.8
-30933.6
-19824.3
-2773.33
-3096.48
-3672.87
-4284.36
-4826.53
-5907.79
-10143.7
-12562.4
-13089.4
-15159.4
-16871.1
-20115.7
-21421.3
-29344.9
-24893
-1033.16
-1704.82
-2021.69
-3011.48
-3089.36
-2449.73
-2081.49
-2920.47
-4440.58
-8227.67
-11305.4
-15390.2
-21108.4
-14695.8
-18943.8
-5133.03
-4241.07
-5983.38
-6771.9
-7012.86
-9334.78
-23248
-22115.1
-22364.2
-25558.2
-29213.1
-32354.7
-32614.1
-14923
-13433.6
-2038.17
-829.919
587.041
-2531.15
-4454.3
1660.68
795.185
3630.95
4030.14
1603.39
5952.09
3258.33
7036.06
32116.4
37263.9
-14708.9
-21414.7
-22438.9
-28441.3
-37492.5
-29452.8
-22138
-32690.9
-36594.8
-37227.2
-42924.7
-57354.8
-83570.3
-87584.6
-102381
)
;

boundaryField
{
    outletsourceFace
    {
        type            zeroGradient;
    }
    outletdestinationFace
    {
        type            zeroGradient;
    }
    outletFace
    {
        type            zeroGradient;
    }
    outletWall
    {
        type            fixedValue;
        value           uniform 0;
    }
    inletFace
    {
        type            zeroGradient;
    }
    inletWall
    {
        type            fixedValue;
        value           uniform 5;
    }
    inletsourceFace
    {
        type            zeroGradient;
    }
    inletdestinationFace
    {
        type            zeroGradient;
    }
}


// ************************************************************************* //
