/*--------------------------------*- C++ -*----------------------------------*\
| =========                 |                                                 |
| \\      /  F ield         | OpenFOAM: The Open Source CFD Toolbox           |
|  \\    /   O peration     | Version:  4.1                                   |
|   \\  /    A nd           | Web:      www.OpenFOAM.org                      |
|    \\/     M anipulation  |                                                 |
\*---------------------------------------------------------------------------*/
FoamFile
{
    version     2.0;
    format      ascii;
    class       volScalarField;
    location    "19";
    object      p;
}
// * * * * * * * * * * * * * * * * * * * * * * * * * * * * * * * * * * * * * //

dimensions      [0 2 -2 0 0 0 0];

internalField   nonuniform List<scalar> 
6750
(
-152.79
-96.3332
-171.37
-173.026
-205.344
-218.448
-232.452
-248.035
-255.735
-233.19
-198.117
-166.532
-204.746
-116.209
-266.457
-152.398
-95.2222
-171.008
-173.448
-206.738
-219.664
-236.272
-248.087
-255.164
-230.079
-198.501
-165.863
-204.024
-115.469
-266.771
-152.056
-94.3232
-170.843
-173.913
-207.902
-220.664
-239.601
-250.144
-256.22
-225.763
-197.606
-163.762
-203.586
-115.089
-267.136
-151.595
-93.1362
-170.596
-174.457
-209.406
-221.473
-244.57
-249.139
-256.054
-220.076
-199.435
-166.043
-204.659
-114.925
-267.502
-151.155
-91.9495
-170.402
-175.033
-210.582
-222.591
-248.062
-249.08
-249.855
-211.34
-199.387
-173.7
-205.128
-115.323
-267.817
-150.742
-90.7801
-170.183
-175.543
-211.457
-223.771
-248.714
-248.77
-243.454
-206.834
-196.073
-176.63
-204.592
-115.254
-268.024
-150.463
-89.8681
-169.986
-175.887
-211.932
-224.897
-247.954
-250.109
-249.444
-207.66
-196.924
-172.09
-203.907
-114.661
-268.082
-150.371
-89.6271
-169.916
-176.026
-212.041
-225.75
-248.11
-250.663
-248.82
-207.882
-192.66
-168.109
-201.561
-114.083
-268.048
-150.489
-90.111
-170.053
-175.927
-211.893
-225.383
-247.769
-250.591
-249.894
-207.422
-194.777
-170.49
-203.186
-114.306
-268.012
-150.806
-91.1495
-170.297
-175.574
-211.434
-223.97
-247.261
-249.318
-247.658
-203.832
-193.502
-178.425
-204.43
-114.986
-267.928
-151.246
-92.4075
-170.561
-175.104
-210.62
-222.773
-247.259
-248.729
-249.383
-208.449
-196.887
-173.586
-204.848
-114.719
-267.648
-151.712
-93.6401
-170.788
-174.538
-209.539
-221.459
-245.027
-248.668
-254.942
-216.93
-198.988
-166.572
-204.81
-114.22
-267.278
-152.189
-94.8454
-171.058
-173.993
-208.068
-220.532
-240.118
-249.615
-256.274
-223.594
-196.903
-163.112
-203.762
-114.194
-266.832
-152.542
-95.7524
-171.234
-173.533
-206.883
-219.577
-236.726
-247.965
-254.491
-228.234
-197.78
-164.917
-204.016
-114.495
-266.382
-152.938
-96.8536
-171.595
-173.095
-205.443
-218.252
-232.72
-247.339
-254.923
-232.07
-197.383
-165.643
-204.725
-115.174
-265.987
-205.309
-72.0266
-170.276
-167.794
-198.926
-211.033
-221.269
-239.694
-243.502
-232.711
-232.323
-195.034
-228.423
-95.6111
-378.847
-204.783
-70.912
-169.718
-167.833
-199.761
-211.344
-223.219
-237.617
-245.608
-233.744
-230.964
-195.714
-227.284
-94.8733
-380.049
-204.361
-70.2154
-169.495
-167.976
-200.226
-211.441
-224.161
-236.287
-250.07
-232.476
-231.307
-196.09
-226.74
-94.1106
-381.632
-203.765
-69.179
-169.071
-168.133
-200.826
-211.561
-223.857
-235.308
-253.623
-229.643
-231.913
-196.689
-227.177
-94.0095
-381.946
-203.203
-68.2498
-168.748
-168.406
-201.248
-212.027
-223.324
-234.457
-245.632
-223.688
-230.032
-196.559
-227.117
-94.0935
-382.428
-202.66
-67.3268
-168.381
-168.639
-201.856
-212.484
-225.389
-231.84
-236.002
-217.143
-225.683
-198.147
-226.361
-93.973
-382.741
-202.291
-66.6358
-168.058
-168.809
-202.329
-212.797
-227.16
-232.667
-238.558
-220.265
-227.824
-197.268
-225.731
-93.6756
-382.889
-202.146
-66.4662
-167.936
-168.859
-202.486
-212.837
-227.794
-232.271
-238.332
-220.741
-224.956
-198.486
-223.915
-93.2041
-383.399
-202.266
-66.8403
-168.153
-168.842
-202.429
-212.827
-227.713
-232.119
-238.508
-220.529
-227.121
-197.678
-225.406
-93.6592
-382.642
-202.673
-67.6356
-168.519
-168.691
-202.089
-212.517
-226.646
-231.151
-236.46
-216.547
-224.607
-197.588
-226.276
-93.9957
-382.305
-203.24
-68.6326
-168.915
-168.503
-201.484
-212.199
-224.657
-232.664
-241.489
-221.437
-229.134
-196.389
-227.16
-93.9528
-381.936
-203.832
-69.5986
-169.249
-168.237
-201
-211.647
-224.434
-233.905
-250.985
-228.717
-232.255
-196.893
-227.649
-93.8521
-381.401
-204.444
-70.6462
-169.674
-168.059
-200.343
-211.404
-224.313
-235.546
-250.37
-231.699
-232.271
-196.38
-227.4
-93.943
-381.019
-204.879
-71.3482
-169.897
-167.9
-199.848
-211.222
-223.466
-236.499
-244.744
-232.814
-232.14
-196.174
-227.962
-94.6996
-379.4
-205.407
-72.4498
-170.44
-167.826
-198.923
-210.769
-221.102
-238.381
-242.233
-231.712
-233.557
-195.605
-229.138
-95.415
-378.147
-284.347
-26.5444
-166.936
-160.477
-188.711
-198.957
-207.188
-219.913
-228.585
-246.846
-259.386
-224.946
-239.772
-17.7273
-590.147
-283.666
-25.6569
-166.142
-159.969
-188.553
-198.55
-206.259
-220.521
-232.446
-247.608
-257.585
-224.613
-237.867
-17.938
-592.133
-283.197
-25.3752
-165.882
-159.849
-188.428
-198.405
-205.186
-223.666
-239.003
-248.03
-255.702
-223.229
-235.98
-17.64
-594.871
-282.473
-24.7398
-165.228
-159.584
-188.252
-198.071
-202.974
-225.81
-247.82
-248.636
-252.165
-221.097
-235.747
-18.4886
-594.855
-281.819
-24.3631
-164.77
-159.57
-188.356
-198.07
-202.439
-224.11
-243.225
-247.096
-250.216
-219.244
-235.364
-19.302
-595.588
-281.146
-23.9527
-164.195
-159.568
-188.774
-198.606
-205.918
-221.52
-237.216
-244.026
-247.921
-219.251
-234.586
-19.7225
-595.991
-280.687
-23.7161
-163.711
-159.645
-189.191
-199.07
-208.671
-222.374
-236.197
-245.987
-250.461
-219.779
-234.13
-19.884
-596.34
-280.439
-23.7097
-163.51
-159.64
-189.371
-198.954
-208.877
-220.197
-236.571
-248.195
-250.115
-221.902
-232.419
-19.4703
-597.465
-280.518
-23.8994
-163.846
-159.705
-189.38
-199.144
-208.981
-220.413
-236.236
-247.59
-251.368
-220.955
-234.183
-19.849
-596.095
-281
-24.2082
-164.373
-159.706
-189.145
-199.141
-208.114
-220.234
-235.469
-245.489
-249.613
-219.341
-234.995
-19.729
-595.469
-281.675
-24.6614
-164.966
-159.757
-188.747
-198.814
-205.061
-221.669
-238.997
-247.083
-250.726
-219.482
-235.805
-19.2562
-594.941
-282.36
-25.058
-165.41
-159.752
-188.543
-198.487
-204.336
-223.616
-245.406
-249.456
-252.919
-221.253
-236.513
-18.5626
-594.01
-283.09
-25.6909
-166.035
-159.964
-188.559
-198.493
-205.562
-222.107
-239.706
-248.715
-256.463
-223.558
-236.836
-17.8907
-593.834
-283.569
-25.9735
-166.274
-160.037
-188.597
-198.393
-206.405
-219.008
-232.128
-248.07
-258.779
-225.463
-238.86
-18.4159
-590.941
-284.242
-26.8428
-167.024
-160.458
-188.6
-198.493
-206.798
-217.609
-227.418
-247.602
-260.951
-226.209
-240.91
-18.338
-588.814
-352.508
9.32969
-157.985
-154.727
-178.385
-186.679
-195.974
-204.915
-223.881
-245.145
-264.427
-252.038
-243.418
45.0258
-786.253
-351.788
9.9458
-157.15
-153.469
-177.243
-184.921
-193.884
-209.607
-228.294
-246.179
-264.274
-252.727
-242
40.4458
-790.553
-351.362
9.94522
-156.928
-152.971
-176.899
-183.571
-194.343
-219.3
-236.066
-246.796
-265.186
-252.896
-239.128
36.9991
-795.831
-350.633
10.1437
-156.209
-152.051
-176.232
-181.509
-193
-224.758
-244.665
-251.444
-264.215
-252.025
-237.669
32.825
-797.812
-350.026
9.89202
-155.707
-151.778
-175.954
-181.116
-190.52
-216.618
-240.131
-254.859
-261.953
-251.7
-236.068
29.0959
-799.859
-349.349
9.59974
-155.006
-151.739
-175.8
-182.849
-190.899
-213.537
-234.948
-254.032
-259.9
-251.976
-234.836
25.9824
-801.376
-348.898
9.13785
-154.401
-151.955
-175.809
-183.67
-191.619
-213.931
-235.812
-252.559
-260.895
-252.996
-233.98
24.2088
-801.762
-348.519
8.78875
-154.131
-152.018
-175.797
-184.3
-191.49
-210.917
-236.662
-252.578
-262.033
-254.239
-232.852
23.0636
-803.288
-348.469
8.82663
-154.554
-152.149
-175.969
-184.529
-191.438
-210.86
-235.815
-252.527
-261.718
-253.438
-234.238
24.7585
-801.769
-348.914
9.24706
-155.162
-152.167
-175.94
-184.153
-190.445
-210.776
-233.514
-253.734
-260.694
-252.079
-235.302
26.5962
-801.09
-349.561
9.54623
-155.898
-152.281
-176.129
-183.543
-189.873
-212.018
-235.965
-254.825
-261.915
-251.647
-236.533
29.459
-799.671
-350.193
9.81103
-156.362
-152.458
-176.281
-183.228
-191.381
-218.264
-242.091
-252.847
-264.255
-251.902
-238.204
32.9934
-797.401
-350.914
9.64898
-157.048
-153.19
-176.892
-184.219
-193.469
-216.73
-236.966
-248.619
-265.473
-252.78
-239.719
36.7366
-795.552
-351.345
9.66284
-157.236
-153.587
-177.125
-185.085
-193.268
-208.036
-228.644
-247.886
-264.731
-252.969
-242.678
39.9342
-790.07
-352.044
9.0826
-158.017
-154.674
-178.139
-186.259
-195.163
-202.57
-223.936
-247.736
-265.237
-252.588
-244.22
44.2623
-785.663
-426.224
14.4759
-148.045
-154.235
-169.823
-175.613
-188.122
-188.647
-204.475
-243.911
-270.575
-295.112
-284.381
27.0578
-987.574
-425.474
15.4908
-147.206
-152.113
-167.739
-171.904
-188.944
-195.434
-207.188
-245.901
-270.384
-293.608
-276.205
18.4091
-995.679
-425.065
15.6958
-146.958
-151.148
-166.671
-169.351
-194.103
-206.852
-211.268
-250.092
-271.071
-292.959
-265.708
13.5275
-1005.1
-424.324
15.996
-146.175
-149.391
-164.381
-163.714
-194.337
-210.921
-219.963
-255.234
-271.344
-293.03
-258.689
5.48553
-1009.75
-423.758
15.5106
-145.641
-148.676
-162.956
-161.647
-184.806
-197.146
-224.419
-256.781
-270.684
-293.13
-252.415
-1.70202
-1012.89
-423.088
14.7779
-145.045
-148.414
-162.989
-163.834
-178.729
-187.936
-224.815
-257.44
-270.439
-293.438
-247.821
-7.66222
-1015.48
-422.646
13.7194
-144.553
-148.84
-163.204
-167.476
-177.424
-185.428
-224.296
-257.58
-270.429
-294.276
-245.446
-11.7807
-1015.28
-422.153
12.9909
-144.336
-148.896
-163.163
-167.422
-175.06
-185.335
-222.006
-257.519
-270.407
-294.143
-243.528
-13.1055
-1017.07
-421.949
13.1491
-144.754
-149.076
-163.506
-168.019
-176.172
-185.182
-220.915
-256.175
-270.068
-293.986
-245.126
-11.0701
-1015.51
-422.32
14.1745
-145.299
-148.963
-163.889
-167.587
-176.712
-184.596
-221.893
-256.144
-270.32
-293.451
-247.817
-7.30321
-1014.91
-422.947
14.9974
-145.926
-149.159
-163.949
-164.784
-181.15
-189.203
-222.712
-255.866
-270.669
-292.907
-251.876
-1.71127
-1012.84
-423.518
15.5629
-146.357
-149.577
-164.648
-164.461
-189.179
-201.721
-220.031
-255.163
-271.685
-293.043
-258.137
4.60028
-1009.25
-424.228
15.356
-147.038
-151.089
-166.458
-168.356
-191.057
-204.662
-213.515
-251.197
-271.879
-292.798
-264.55
11.5828
-1005.05
-424.625
15.1948
-147.213
-151.944
-167.273
-171.124
-186.362
-194.88
-209.737
-247.242
-271.488
-293.545
-274.861
15.4284
-995.579
-425.337
14.2561
-147.957
-153.887
-169.016
-174.51
-184.349
-186.31
-207.763
-245.698
-271.819
-295.032
-283.12
22.9465
-987.657
-517.665
-7.80025
-142.514
-163.191
-166.987
-176.02
-178.775
-184.676
-210.916
-254.119
-306.321
-340.649
-414.61
39.9595
-1182.77
-516.747
-5.97907
-141.391
-160.318
-163.097
-172.39
-183.606
-188.244
-211.128
-254.538
-302.449
-340.958
-399.127
21.8012
-1202.27
-516.212
-5.32628
-140.866
-158.86
-159.739
-172.558
-192.936
-193.399
-212.477
-257.681
-300.877
-343.319
-375.125
12.9405
-1233.71
-515.272
-4.35145
-139.718
-155.994
-153.746
-166.933
-193.876
-196.013
-217.099
-260.906
-297.228
-341.496
-347.351
-6.07887
-1246.49
-514.55
-4.45702
-139.034
-154.2
-149.824
-158.987
-182.676
-189.402
-220.791
-262.54
-295.536
-342.519
-324.459
-23.4905
-1252.66
-513.708
-4.94358
-138.677
-153.835
-151.452
-156.587
-172.63
-182.617
-221.669
-262.383
-292.341
-340.787
-308.203
-38.054
-1258.94
-513.144
-6.02711
-138.7
-154.177
-155.186
-156.862
-169.274
-179.913
-220.477
-262.252
-291.575
-341.973
-300.06
-46.3214
-1257.89
-512.424
-6.91119
-138.689
-154.096
-156.023
-155.809
-167.145
-178.392
-218.82
-261.742
-290.541
-341.128
-294.891
-48.7156
-1263.29
-512.132
-6.96437
-139.054
-154.519
-156.571
-157.072
-168.266
-178.225
-218.414
-261.601
-291.72
-342.8
-299.604
-46.0492
-1258.16
-512.636
-5.93855
-139.243
-154.676
-156.1
-157.1
-170.037
-179.418
-220.467
-261.711
-292.7
-341.75
-307.192
-39.4109
-1257.69
-513.432
-5.25242
-139.475
-154.936
-152.982
-158.665
-176.961
-184.111
-220.473
-261.988
-295.929
-343.151
-321.913
-26.5134
-1253.3
-514.125
-4.97723
-139.88
-155.893
-154.456
-162.919
-189.861
-192.679
-218.347
-261.142
-298.244
-342.702
-343.632
-10.0798
-1246.55
-515.006
-5.78825
-140.827
-158.562
-159.248
-171.125
-192.742
-193.302
-214.661
-258.486
-301.784
-343.697
-371.008
6.44078
-1236.8
-515.509
-6.35595
-141.263
-159.898
-162.493
-171.395
-184.199
-188.26
-214.505
-255.517
-303.722
-342.128
-395.835
15.6118
-1204.08
-516.376
-8.05734
-142.292
-162.655
-166.23
-174.832
-176.835
-182.876
-214.764
-254.883
-307.181
-340.663
-409.918
33.179
-1184.44
-629.502
-38.2135
-146.283
-184.055
-175.061
-185.806
-190.205
-196.794
-246.509
-292.113
-400.092
-377.308
-775.933
33.5887
-1412.88
-628.401
-35.9665
-144.833
-180.839
-170.358
-184.81
-193.989
-198.492
-244.399
-289.628
-384.456
-365.22
-673.479
8.76326
-1447.09
-627.734
-35.043
-144.026
-178.797
-165.651
-188.518
-201.343
-200.651
-245.33
-291.663
-373.844
-366.804
-545.608
11.9636
-1506.83
-626.529
-33.4309
-142.403
-174.354
-156.824
-184.919
-201.703
-204
-247.764
-292.897
-360.672
-375.33
-473.365
-17.6916
-1531.04
-625.543
-32.9222
-141.369
-170.343
-151.185
-173.569
-190.375
-203.191
-249.129
-293.728
-351.779
-381.669
-431.076
-40.5095
-1536.3
-624.373
-32.7149
-140.775
-168.679
-150.819
-166.137
-181.395
-199.878
-249.172
-293.713
-344.546
-382.68
-399.162
-55.8981
-1551.32
-623.547
-33.4197
-140.984
-169.708
-155.36
-163.835
-177.158
-197.435
-248.784
-293.941
-341.549
-387.953
-389.184
-68.8044
-1539.15
-622.449
-34.2902
-141.175
-169.847
-157.648
-162.299
-176.389
-194.741
-248.14
-293.714
-339.52
-386.312
-377.652
-70.5384
-1552.8
-622.139
-34.7018
-141.454
-170.356
-158.127
-163.463
-176.824
-195.007
-247.959
-293.873
-342.475
-390.346
-386.484
-66.9906
-1541.73
-622.991
-34.0106
-141.229
-170.071
-154.745
-164.677
-178.842
-197.715
-248.941
-293.635
-345.292
-386.836
-398.134
-59.5661
-1543.4
-624.116
-33.8685
-141.493
-170.4
-152.496
-169.596
-185.054
-200.873
-249.355
-293.999
-352.793
-384.185
-423.668
-45.4554
-1535.49
-625.051
-34.1681
-142.169
-173.32
-155.245
-179.788
-196.738
-204.236
-249.005
-293.377
-361.681
-379.43
-464.858
-27.9616
-1525.31
-626.185
-35.5891
-143.639
-177.943
-163.36
-188.729
-202.398
-201.939
-247.156
-292.321
-374.28
-368.823
-524.714
-4.34887
-1506.14
-626.818
-36.4239
-144.446
-180.174
-168.96
-184.696
-195.762
-198.967
-246.372
-290.273
-384.596
-366.785
-649.38
-11.2804
-1447.39
-627.865
-38.54
-145.885
-183.462
-174.164
-184.541
-188.742
-195.848
-247.826
-292.052
-399.47
-377.445
-750.539
7.16109
-1414.58
-761.831
-69.2118
-160.245
-218.675
-199.378
-204.322
-224.319
-229.213
-312.085
-348.029
-578.2
-319.502
-1595.6
51.0622
-1427.46
-760.606
-66.9203
-158.671
-215.32
-194.412
-202.952
-224.405
-229.582
-307.38
-345.381
-549.372
-324.99
-1581.77
-45.1546
-1469.24
-759.871
-65.9276
-157.807
-213.227
-189.944
-205.963
-228.653
-232.364
-307.012
-348.693
-523.52
-380.805
-1300.63
47.4259
-1736.14
-758.485
-64.0696
-156.044
-208.816
-180.52
-204.046
-226.831
-238.837
-305.631
-346.952
-473.001
-386.669
-879.453
97.5002
-1866.45
-757.323
-63.2149
-154.801
-204.551
-172.248
-197.286
-215.645
-239.774
-304.842
-348
-451.502
-419.07
-648.91
57.1569
-1891.8
-755.921
-62.4579
-153.778
-201.241
-168.402
-189.987
-205.958
-237.457
-303.078
-345.717
-427.713
-420.82
-553.814
3.01286
-1917.39
-754.894
-62.7193
-153.676
-201.315
-170.202
-187.169
-201.464
-236.427
-302.428
-346.996
-421.341
-430.018
-525.575
-33.119
-1900.48
-753.535
-63.4112
-153.863
-201.445
-173.013
-185.672
-201.482
-234.684
-301.88
-345.776
-414.188
-428.833
-491.029
-29.5794
-1920.91
-753.115
-64.17
-154.192
-202.031
-173.408
-186.015
-201.399
-235.311
-302.726
-348.087
-422.887
-438.034
-516.974
-22.2916
-1899.29
-754.15
-63.948
-154.045
-202.185
-170.46
-188.187
-203.644
-237.086
-303.801
-347.417
-429.915
-429.912
-546.495
-2.43845
-1904.72
-755.583
-64.2634
-154.706
-204.058
-172.028
-193.049
-210.442
-239.447
-306.311
-349.789
-452.968
-425.443
-623.346
50.1742
-1892.41
-756.681
-64.9361
-155.665
-207.844
-177.878
-200.132
-223.291
-242.192
-307.576
-349.04
-474.529
-396.544
-828.517
95.2236
-1868.17
-757.997
-66.6134
-157.366
-212.589
-188.095
-206.616
-231.212
-237.577
-309.181
-350.903
-523.928
-387.604
-1240.58
32.853
-1773.36
-758.699
-67.5314
-158.278
-214.999
-193.794
-204.551
-227.265
-233.257
-308.751
-347.612
-550.722
-334.175
-1581.48
-63.5884
-1479.22
-759.87
-69.6962
-159.884
-218.528
-199.528
-205.293
-225.225
-232.303
-312.98
-349.286
-580.729
-322.625
-1597.26
39.9449
-1429.46
-916.416
-103.99
-180.625
-266.876
-244.236
-251.683
-275.896
-276.163
-396.433
-373.051
-728.897
-280.558
-1467.54
55.2087
-1883.88
-915.117
-101.772
-179.114
-263.483
-239.203
-247.262
-271.991
-275.832
-387.363
-371.754
-718.549
-293.443
-1538.54
-131.432
-1942.46
-914.335
-100.792
-178.358
-261.414
-235.749
-245.309
-273.84
-279.915
-384.681
-384.745
-672.221
-329.241
-1567.37
-79.357
-2190.35
-912.843
-98.9353
-176.745
-257.454
-228.737
-238.216
-274.773
-285.739
-378.323
-386.372
-581.681
-355.426
-1131.84
47.1352
-2338.84
-911.596
-97.9968
-175.597
-253.968
-221.621
-229.151
-268.259
-287.957
-375.932
-393.108
-550.331
-425.588
-830.286
57.0476
-2329.09
-910.119
-97.015
-174.416
-250.641
-215.739
-222.658
-257.462
-284.962
-371.375
-390.635
-513.409
-421.927
-658.53
6.51491
-2425.27
-909.008
-96.9483
-174.063
-249.624
-214.917
-221.185
-252.1
-284.099
-370.5
-395.171
-506.858
-428.773
-734.556
-57.6687
-2325.47
-907.721
-97.2946
-174.049
-249.377
-216.441
-221.827
-251.517
-282.087
-369.668
-391.954
-494.157
-443.16
-613.902
-8.16881
-2425.99
-907.006
-98.3617
-174.506
-250.093
-217.171
-221.366
-251.391
-282.924
-372.889
-397.636
-509.624
-467.819
-658.351
5.98767
-2343.2
-907.766
-98.7081
-174.679
-251.053
-216.922
-222.048
-254.693
-284.366
-374.54
-395.143
-517.214
-449.345
-680.528
9.82648
-2360.27
-909.442
-99.2273
-175.489
-253.642
-221.152
-226.302
-263.451
-287.272
-380.042
-397.297
-552.269
-440.809
-766.421
73.7661
-2326.81
-910.601
-100.001
-176.455
-256.966
-227.495
-234.42
-273.58
-289.874
-383.405
-390.558
-584.433
-380.455
-1086.35
59.7986
-2311.87
-912.008
-101.699
-178.017
-261.116
-235.401
-244.74
-278.362
-286.622
-389.831
-388.957
-673.402
-339.603
-1529.81
-106.712
-2196.83
-912.747
-102.602
-178.813
-263.428
-239.543
-248.642
-276.13
-281.365
-390.987
-376.591
-721.518
-307.456
-1539.76
-160.853
-1905.88
-913.982
-104.677
-180.343
-266.991
-245.224
-253.896
-280.321
-281.245
-400.302
-377.161
-733.769
-290.4
-1441.62
32.5562
-1846.99
-1091.51
-150.354
-206.124
-328.031
-307.38
-325.586
-370.221
-346.542
-497.07
-411.784
-870.716
-398.477
-1544.82
205.725
-2251.43
-1090.28
-148.23
-204.709
-324.855
-302.499
-319.931
-361.758
-340.743
-483.829
-414.124
-859.668
-407.229
-1619.26
-12.4588
-2336.79
-1089.52
-147.273
-204.079
-322.964
-299.603
-316.519
-358.023
-341.203
-480.931
-423.21
-841.885
-399.114
-1771.05
-70.4533
-2565.93
-1088.08
-145.484
-202.64
-319.46
-294.039
-308.821
-349.92
-339.889
-467.403
-427.448
-706.026
-390.245
-1423.88
62.6763
-2841.88
-1086.88
-144.558
-201.678
-316.642
-289.11
-300.307
-338.297
-340.328
-464.355
-438.01
-660.849
-452.621
-1065.9
87.5047
-2801.05
-1085.45
-143.553
-200.539
-313.739
-284.15
-292.283
-326.443
-335.768
-456.279
-435.308
-615.716
-431.213
-829.405
-4.80972
-2981.7
-1084.35
-143.358
-200.09
-312.44
-282.392
-289.843
-322.91
-334.15
-454.999
-442.259
-608.058
-385.002
-1044.04
-196.924
-2686.94
-1083.2
-143.461
-199.877
-311.972
-282.493
-291.178
-323.517
-332.802
-452.758
-440.679
-596.455
-450.041
-782.364
-29.8817
-2994.49
-1082.38
-144.464
-200.283
-312.699
-283.464
-291.587
-323.72
-333.821
-457.695
-445.191
-604.697
-492.889
-839.19
47.6536
-2874.3
-1082.56
-145.279
-200.721
-313.943
-284.849
-292.975
-326.296
-335.243
-461.993
-443.87
-625.884
-487.308
-854.633
54.6329
-2892.55
-1084.02
-146.127
-201.646
-316.534
-289.144
-299.138
-335.528
-339.667
-471.16
-442.988
-661.243
-482.273
-955.679
150.669
-2849.14
-1085.29
-146.796
-202.469
-319.296
-294.045
-307.576
-349.337
-342.322
-476.688
-431.926
-714.285
-426.575
-1388.8
72.4608
-2836.95
-1086.64
-148.382
-203.833
-322.871
-300.09
-316.81
-361.199
-345.688
-489.813
-425.325
-849.366
-411.894
-1725.07
-114.005
-2572.47
-1087.34
-149.264
-204.486
-324.92
-303.402
-321.392
-366.391
-346.563
-491.916
-416.402
-859.518
-429.988
-1595.72
-48.3102
-2302.19
-1088.47
-151.219
-205.885
-328.19
-308.72
-327.866
-376.161
-353.412
-506.17
-415.909
-871.457
-421.178
-1516.74
158.3
-2205.59
-1278.9
-213.597
-236.799
-402.061
-385.726
-414.667
-489.57
-463.533
-652.83
-489.418
-1014.95
-436.304
-1797.77
245.573
-2671.15
-1277.85
-211.63
-235.487
-399.224
-381.232
-409.089
-480.159
-454.455
-631.659
-485.391
-981.91
-431.929
-1819.02
20.3507
-2794.11
-1277.17
-210.706
-234.967
-397.625
-378.766
-405.977
-474.954
-449.979
-621.586
-482.167
-972.31
-410.143
-2098.07
-183.994
-2972.66
-1275.92
-209.024
-233.69
-394.634
-374.021
-399.518
-463.764
-438.517
-587.786
-477.039
-816.014
-417.773
-1793.46
-34.2075
-3447.61
-1274.86
-208.114
-232.904
-392.424
-370.384
-393.882
-453.597
-429.658
-569.351
-486.144
-776.019
-459.758
-1337.01
92.0451
-3391.1
-1273.59
-207.148
-231.89
-389.999
-366.455
-387.796
-442.363
-418.347
-550.247
-487.215
-749.286
-437.799
-1064.88
-78.0767
-3638.61
-1272.56
-206.909
-231.438
-388.799
-364.753
-385.288
-438.831
-416.419
-544.502
-493.6
-755.988
-365.207
-1292.51
-323.375
-3213.7
-1271.57
-206.891
-231.131
-388.23
-364.274
-385.314
-439.553
-418.426
-543.12
-491.792
-739.471
-443.376
-1086.86
-70.7318
-3697.48
-1270.94
-207.617
-231.419
-388.867
-365.31
-386.418
-441.102
-419.459
-546.775
-489.611
-728.96
-492.176
-1078.01
79.6539
-3652.18
-1270.53
-208.59
-231.852
-390.001
-367.004
-388.584
-444.574
-421.504
-557.767
-496.85
-772.569
-526.639
-1106.25
145.2
-3513.31
-1271.08
-209.893
-232.785
-392.263
-370.738
-393.947
-454.283
-430.142
-575.903
-495.847
-807.595
-505.421
-1254.68
198.491
-3511.6
-1272.14
-210.688
-233.534
-394.466
-374.502
-399.729
-465.521
-440.133
-595.296
-488.333
-845.456
-477.199
-1738.61
1.3266
-3444.39
-1273.37
-212.05
-234.724
-397.426
-379.462
-406.727
-478.205
-453.075
-631.582
-488.984
-1002.66
-433.104
-2048.2
-221.37
-2938.25
-1274.03
-212.806
-235.26
-399.112
-382.206
-410.45
-484.556
-459.61
-642.028
-493.234
-989.799
-456.79
-1772.2
4.78069
-2724.63
-1274.97
-214.509
-236.497
-401.923
-386.901
-416.462
-494.934
-470.193
-665.09
-501.887
-1024.84
-452.745
-1775.86
174.217
-2572.19
-1473.75
-298.292
-273.351
-488.935
-478.142
-513.363
-617.324
-589.841
-819.202
-609.313
-1223.79
-461.506
-2147.07
331.559
-3202.73
-1472.89
-296.552
-272.152
-486.462
-474.112
-508.101
-608.029
-578.856
-794.028
-589.72
-1165.51
-440.461
-2153.36
43.6423
-3395.67
-1472.29
-295.686
-271.714
-485.137
-472.026
-505.359
-602.95
-572.63
-779.972
-571.283
-1140.01
-405.598
-2460.36
-301.59
-3639.16
-1471.24
-294.165
-270.589
-482.616
-467.978
-499.866
-592.691
-559.766
-743.708
-540.976
-962.766
-423.561
-2128.86
-46.8028
-4210.01
-1470.32
-293.285
-269.945
-480.88
-465.209
-495.855
-585.272
-550.907
-724.294
-542.088
-906.151
-422.14
-1561.97
145.554
-4239.66
-1469.22
-292.373
-269.072
-478.888
-462.067
-491.29
-576.881
-540.751
-704.307
-540.842
-913.286
-439.108
-1383.91
-151.818
-4536.96
-1468.29
-292.096
-268.665
-477.883
-460.656
-489.261
-573.72
-538.645
-701.073
-541.271
-932.856
-393.581
-1507.89
-349.79
-3899.68
-1467.41
-292.031
-268.333
-477.288
-460.019
-488.63
-573.211
-540.04
-702.963
-543.439
-912.672
-418.442
-1567.09
-277.468
-4153.52
-1466.82
-292.572
-268.513
-477.779
-460.99
-489.83
-575.383
-541.455
-704.749
-538.499
-895.744
-458.008
-1378.33
-82.0878
-4625.92
-1466.41
-293.302
-268.826
-478.665
-462.504
-491.899
-579.252
-544.892
-715.792
-554.624
-941.059
-513.101
-1452.55
224.955
-4305.59
-1466.42
-294.523
-269.595
-480.456
-465.62
-496.24
-587.876
-554.165
-739.425
-562.301
-999.013
-515.244
-1564.28
253.197
-4355.85
-1466.63
-295.584
-270.236
-482.14
-468.527
-500.406
-595.965
-563.279
-756.647
-558.557
-1001.08
-498.4
-2031.23
27.8602
-4258.45
-1467.34
-296.957
-271.261
-484.514
-472.634
-506.026
-607.177
-576.806
-796.524
-583.402
-1199.7
-447.353
-2419.99
-249.06
-3609.71
-1467.85
-297.678
-271.753
-485.875
-474.908
-509.089
-612.902
-583.993
-809.454
-601.236
-1193.61
-470.479
-2087.92
80.6042
-3354.66
-1468.56
-299.042
-272.833
-488.197
-478.951
-514.452
-622.818
-595.81
-836.407
-623.987
-1253.55
-476.677
-2132.69
308.514
-3115.41
-1659.51
-403.396
-317.568
-586.456
-589.822
-627.611
-768.992
-729.151
-1022.55
-732.769
-1492.43
-453.289
-2537.31
814.635
-4214.65
-1658.79
-401.892
-316.469
-584.331
-586.221
-622.849
-760.259
-718.304
-998.175
-707.75
-1435.84
-435.963
-2694.08
310.399
-4376.36
-1658.25
-401.093
-316.077
-583.232
-584.425
-620.575
-755.685
-712.913
-984.366
-691.522
-1393.54
-430.566
-2767.69
-5.11152
-4809.81
-1657.36
-399.75
-315.072
-581.109
-580.921
-615.946
-746.709
-701.859
-952.731
-655.259
-1212.69
-423.923
-2371.42
351.202
-5122.92
-1656.52
-398.907
-314.509
-579.709
-578.703
-613.033
-741.199
-695.717
-938.654
-650.365
-1176.17
-399.318
-1841.01
230.523
-5594.75
-1655.54
-398.047
-313.738
-578.053
-576.106
-609.548
-734.844
-688.438
-925.418
-649.648
-1219.03
-457.765
-1964.51
-291.369
-5673.75
-1654.67
-397.697
-313.359
-577.192
-574.956
-608.038
-732.536
-686.739
-924.096
-654.734
-1231.4
-454.05
-1930.57
-244.441
-4817.81
-1653.83
-397.554
-313.018
-576.58
-574.261
-607.231
-731.619
-686.929
-925.221
-661.97
-1233.64
-469.216
-2000.77
-292.771
-4954.53
-1653.21
-397.901
-313.091
-576.842
-575.06
-608.28
-734.135
-689.091
-930.017
-656.567
-1203.56
-496.349
-1857.37
-12.1062
-5778.37
-1652.7
-398.427
-313.253
-577.415
-576.249
-609.894
-737.589
-692.395
-938.005
-662.708
-1234.22
-525.153
-1978.28
424.604
-5472.17
-1652.5
-399.338
-313.794
-578.719
-578.75
-613.273
-745.23
-700.907
-964.137
-682.046
-1331.89
-548.087
-2072.65
512.107
-5332.71
-1652.39
-400.184
-314.272
-579.932
-580.989
-616.288
-751.498
-707.616
-976.731
-680.102
-1294.88
-515.806
-2427.87
320.087
-5208.56
-1652.58
-401.305
-315.063
-581.704
-584.328
-620.752
-761.379
-719.259
-1014.83
-715.53
-1513.99
-495.601
-2970.68
2.05038
-4398.2
-1652.62
-402.056
-315.5
-582.744
-586.193
-623.194
-766.477
-725.274
-1027.77
-730.783
-1515.72
-490.614
-2634.79
334.049
-4147.52
-1652.92
-403.125
-316.375
-584.517
-589.546
-627.692
-775.573
-736.291
-1054.61
-755.953
-1582.56
-486.476
-2642.39
736.706
-3776.67
-1836.57
-534.403
-371.473
-695.884
-716.651
-750.808
-934.436
-878.424
-1266.08
-899.322
-1903.96
-534.756
-3273.69
1243.91
-6101.84
-1835.93
-533.034
-370.418
-694.014
-713.304
-746.491
-925.995
-868.416
-1242.73
-876.063
-1852.32
-510.506
-3500.27
759.068
-6400.91
-1835.41
-532.263
-370.025
-693.051
-711.594
-744.494
-921.438
-863.885
-1228.49
-865.864
-1800.17
-507.563
-3271.91
714.384
-7176.64
-1834.57
-531.016
-369.065
-691.185
-708.343
-740.398
-912.887
-854.413
-1200.66
-839.714
-1670.67
-496.566
-2856.55
838.015
-7515.74
-1833.75
-530.171
-368.51
-689.955
-706.305
-737.971
-907.82
-849.651
-1187.33
-832.862
-1636.23
-501.907
-2577.91
565.019
-7744.49
-1832.8
-529.315
-367.77
-688.475
-703.903
-734.949
-901.893
-843.345
-1173.22
-824.706
-1640.45
-533.249
-2690.81
17.9029
-7435.27
-1831.92
-528.869
-367.37
-687.638
-702.774
-733.569
-899.691
-841.285
-1170.66
-826.773
-1643.72
-544.568
-2686.89
166.219
-6288.16
-1831.05
-528.616
-366.999
-686.953
-701.919
-732.495
-897.992
-839.631
-1167.49
-827.796
-1643.4
-557.34
-2732.03
125.962
-6404.83
-1830.32
-528.766
-366.964
-686.944
-702.393
-733.085
-900.173
-841.281
-1175.22
-827.974
-1653.65
-560.249
-2708.01
165.927
-7308.08
-1829.7
-529.097
-367.014
-687.174
-703.187
-734.012
-902.606
-842.635
-1179.8
-823.092
-1651.46
-561.432
-2704.27
511.294
-7456.24
-1829.28
-529.751
-367.364
-687.998
-705.144
-736.445
-909.249
-848.877
-1205.68
-841.097
-1758.97
-564.752
-2929.49
552.3
-6773.56
-1828.95
-530.414
-367.687
-688.826
-706.884
-738.503
-914.374
-852.596
-1218.17
-838.656
-1754.63
-526.505
-2960.88
637.321
-7424.42
-1828.86
-531.245
-368.249
-690.087
-709.577
-741.883
-923.145
-861.082
-1251.57
-863.032
-1911.35
-530.912
-3617.17
374.276
-6540.41
-1828.7
-531.88
-368.628
-690.87
-711.128
-743.73
-927.707
-865.031
-1263.89
-869.873
-1923.47
-528.524
-3447.28
570.973
-6124.85
-1828.77
-532.625
-369.305
-692.155
-713.877
-747.296
-936.105
-873.986
-1290.3
-889.544
-1989.83
-521.324
-3393.57
1161.32
-5656.49
-1946.32
-712.703
-447.595
-802.783
-882.955
-901.141
-1158.89
-1034.73
-1592.53
-988.486
-2403.99
-386.921
-4202.09
2202.99
-7701.49
-1945.75
-711.472
-446.468
-801.129
-879.641
-897.609
-1150.43
-1028.32
-1571.02
-982.901
-2385.94
-414.367
-4526.46
1882.02
-7871.74
-1945.24
-710.728
-446.007
-800.327
-877.88
-896.274
-1145.89
-1026.93
-1558.45
-985.847
-2359.9
-436.005
-4601.12
1746.77
-8378.57
-1944.44
-709.565
-444.971
-798.687
-874.605
-893.115
-1137.41
-1021.83
-1532.94
-982.607
-2268
-506.078
-4343.14
1114.68
-9447.62
-1943.62
-708.692
-444.31
-797.588
-872.441
-891.369
-1132.38
-1019.99
-1520.82
-984.687
-2228.72
-573.3
-4174.86
764.288
-9361.53
-1942.68
-707.793
-443.466
-796.212
-869.882
-888.976
-1126.43
-1016.42
-1506.47
-981.029
-2200.77
-620.548
-4195.43
265.098
-9685.58
-1941.75
-707.182
-442.913
-795.308
-868.45
-887.769
-1124.42
-1015.45
-1508.78
-983.283
-2238.77
-593.823
-4097.6
638.592
-8783.98
-1940.82
-706.718
-442.382
-794.477
-867.186
-886.686
-1122.4
-1014.51
-1506.47
-987.055
-2238.95
-619.449
-4134.22
668.454
-8775.25
-1939.98
-706.546
-442.125
-794.123
-867.059
-886.793
-1124.33
-1015.91
-1518.46
-990.946
-2276.37
-605.82
-4151.2
760.228
-9811.75
-1939.21
-706.535
-441.958
-793.956
-867.245
-887.162
-1126.41
-1017.27
-1525.76
-997.078
-2284.18
-691.902
-4131.74
666.611
-10582.4
-1938.59
-706.756
-442.03
-794.201
-868.458
-888.561
-1132.51
-1020.31
-1553.26
-994.54
-2393.35
-608.267
-4797.75
788.528
-9409.45
-1938.07
-707.049
-442.161
-794.529
-869.667
-889.757
-1137.65
-1021.84
-1570.86
-985.096
-2415.54
-488.4
-4604.49
1577.04
-10144.1
-1937.71
-707.454
-442.449
-795.126
-871.647
-891.872
-1146.31
-1026.67
-1610.07
-990.06
-2597.66
-399.03
-5048.79
1649.26
-8846.94
-1937.37
-707.862
-442.69
-795.54
-872.865
-893.045
-1151.2
-1028.56
-1627.73
-987.805
-2633.08
-365.409
-4884.27
1893.56
-8181.18
-1937.2
-708.186
-443.07
-796.211
-874.921
-895.347
-1159.5
-1033.98
-1658.95
-992.157
-2714.06
-311.976
-4894.71
2490.17
-7243.26
-2158.54
-3030.29
-3862.03
-4898.99
-6177.96
-7625.21
-9550.97
-11604.7
-14650.6
-17669.1
-23723.5
-25070.7
-47242.4
-35978.4
-120954
-876.938
-1103.58
-1239.29
-1495.51
-1807.35
-2163.78
-2694.72
-3241.01
-4236.05
-5076.44
-7588.46
-9488.49
-13024.9
-21081.1
-20037.1
-588.087
-775.51
-933.123
-1181.6
-1450.4
-1792.98
-2230.56
-2800.62
-3560.74
-4710.81
-6178.46
-9336.93
-11756.6
-24024.9
-5082.63
-940.283
-1250.1
-1539.45
-1924.64
-2362.59
-2905.18
-3575.28
-4387.28
-5437.02
-6654.18
-8426.07
-10013
-12571.6
-12527.6
-10790
-1043.95
-1360.18
-1647.71
-2020.88
-2435.67
-2948.33
-3567.79
-4293.93
-5202.24
-6147.56
-7476.48
-8906.18
-10247.4
-13425.8
-10419.3
-1042.66
-1356.31
-1647.96
-2035.68
-2465.39
-3009.67
-3633.94
-4342.22
-5212.44
-6010.3
-7344.55
-8239.52
-9801.23
-10551.6
-3314.3
-1363.63
-1758.66
-2129.71
-2562.64
-2999.71
-3591.69
-4220.89
-4966.37
-5764.59
-6311.88
-7427.07
-7465.34
-9443.5
-7674.31
-11362.7
-1186.89
-1517.67
-1818.48
-2236.55
-2684.55
-3352.13
-3911.59
-4563.49
-5100.03
-5524.68
-6590.67
-6330.27
-7751.18
-5734.61
-3810.26
-1938.29
-2450.18
-3039.74
-3540.3
-3931.29
-4701.95
-5251.31
-6234.12
-7036.05
-7168.25
-7481.44
-5956.41
-7809.6
-782.145
-18912.1
-1189.25
-1465.82
-1720.43
-2158.46
-2775.3
-3902
-4195.89
-5176.61
-5800.8
-5347.29
-5983.15
-3442.84
-3106.12
2783.87
-1558.5
-3176.2
-3631.54
-5196.29
-5933.5
-6057.13
-7320.34
-7908.17
-10762.1
-12642.6
-11878.7
-10041.5
-7204.99
-10957.4
-13503.3
-21991.1
-803.771
-986.11
-1269.81
-541.86
-2751.34
-6481.74
-4457.68
-4611.98
-4321.67
-6885.59
-5640.54
-2908.24
-3472.81
2254.52
5692.12
-6084.37
-4565.38
-10502.7
-14081.6
-13110.2
-12058.4
-9438.12
-15844.9
-21972.2
-15346.5
-1354.7
-15016.7
-46638.5
-12406.5
-35691.7
741.719
1080.88
6319.16
6717.91
5203.92
-318.778
-476.978
269.057
-2519.95
-15996.8
8946.26
34072.8
41672.6
44341.6
45500.3
-12295.6
-23201.3
-21844.6
-24758.2
-39853.2
-54154.9
-54718.5
-27862
-27119.8
-70583.5
-124710
-127888
-120048
-163241
-133594
-2157.79
-3029.22
-3860.11
-4896.23
-6172.45
-7617.09
-9535.4
-11583.9
-14610
-17614.7
-23617.3
-24938.4
-46777
-35654.9
-116816
-875.584
-1101.62
-1235.84
-1490.34
-1797.61
-2149.4
-2667.78
-3202.15
-4164.16
-4975.22
-7410.69
-9252.79
-12721.8
-20065.6
-20019.6
-586.694
-773.506
-929.959
-1176.78
-1442.33
-1780.82
-2210.02
-2771.35
-3508.99
-4639.45
-6059.01
-9184.03
-11579
-23675.6
-6573.16
-938.465
-1247.47
-1534.72
-1916.46
-2348.41
-2882.68
-3538.49
-4331.98
-5342.55
-6520.57
-8210.7
-9765.2
-12199.2
-12367.8
-10676.9
-1039.78
-1354.24
-1637.61
-2005.14
-2411.1
-2910.72
-3510.65
-4209.98
-5063.72
-5962.32
-7194.77
-8638.74
-9908.91
-13534
-10467.1
-1038.7
-1351.04
-1636.03
-2013.7
-2429.46
-2953.68
-3554.9
-4221.44
-5023.55
-5771.1
-7044.59
-8038.93
-9585.29
-10699.6
245.192
-1351.38
-1741.78
-2095.86
-2516.01
-2934.44
-3494.39
-4093.04
-4773.55
-5470.57
-5951.71
-7049.35
-7167.27
-9199.4
-6982.39
-4957.66
-1178.92
-1509.59
-1782.17
-2174.47
-2589.31
-3210.34
-3750.65
-4275.89
-4652.66
-5073.74
-6186.21
-6107.83
-7729.18
-5918.67
-10893.3
-1898
-2400.3
-2908.29
-3430.12
-3769.95
-4445.98
-4915.55
-5650.81
-6132.9
-6248.57
-6840.53
-5558.93
-7498.72
-664.88
-27651.5
-1176.01
-1466.25
-1611.8
-2032.27
-2574.07
-3523.52
-3849.85
-4676.97
-5151.59
-4918.1
-5781.61
-2970.3
-2255.83
3422.7
-7694.52
-3067.01
-3556.87
-4731.44
-6194.82
-6389.9
-7220.13
-7787.24
-11119.3
-13127.5
-12518.6
-10323.2
-6216.93
-8219.26
-13798.2
-24701.7
-793.126
-1033.25
-1460.89
-1856.28
-4034.37
-5953.41
-4502.16
-4547.72
-5188.46
-7246.93
-5554.38
-4402.14
-5494.15
868.979
-1253.34
-6188.94
-5779.84
-9841.83
-15800.3
-17951.1
-15598.4
-11981.6
-16127.5
-18769.4
-15510.5
-3284.44
-18183.3
-36654.2
-29157.1
-47610
1234.48
766.615
3574.37
5327.43
220.173
-4450.14
-7618.99
-5200.66
-4869.98
-17614.6
8133.61
30089.3
37793.6
31992.5
22268.5
-12133.2
-19880.7
-23963.4
-23203.9
-29599.9
-38750.5
-45746.9
-33386.6
-37561
-81613.1
-118324
-119694
-115773
-145584
-126507
-2157.12
-3028.31
-3858.47
-4893.97
-6167.72
-7610.46
-9522.64
-11568.2
-14577.5
-17570.6
-23535.2
-24819.9
-46601.8
-35359.1
-116360
-874.688
-1100.26
-1233.42
-1486.75
-1790.81
-2139.41
-2648.85
-3174.69
-4115.11
-4904.68
-7290.63
-9062.49
-12488.6
-19691.5
-19703.9
-585.967
-772.394
-928.251
-1174.11
-1438.08
-1774.37
-2199.95
-2757.13
-3485.27
-4606.16
-5998.14
-9095.16
-11437.7
-23501.6
-6110.05
-937.48
-1245.98
-1532
-1911.58
-2340.01
-2869.5
-3517.53
-4300.88
-5290.47
-6449.11
-8094.24
-9628.33
-12037.1
-12330.4
-10462.7
-1037.16
-1350.53
-1631.28
-1995.28
-2396.43
-2889.48
-3480.07
-4166.83
-4997.06
-5881.21
-7070.64
-8520.2
-9797.29
-13295
-10187.8
-1036.79
-1348.58
-1629.94
-2001.85
-2410.35
-2925.2
-3517.91
-4168.66
-4951.28
-5695.07
-6951.22
-8008.79
-9654.13
-10594.7
-3041.6
-1343.24
-1731.26
-2074.64
-2484.7
-2893.79
-3440.66
-4029.74
-4683.65
-5364.87
-5846.96
-6936.98
-7114.84
-9154.08
-7252.58
-9626.96
-1175.7
-1506.52
-1763.47
-2143.16
-2539.03
-3141.13
-3681.7
-4173.71
-4549.7
-5034.83
-6120.61
-6102.41
-7724.32
-6493.25
-9712.28
-1870.71
-2372.82
-2837.69
-3335.88
-3636.66
-4266.58
-4729.54
-5294.25
-5789.23
-5920.84
-6457.58
-5443.16
-7639.83
-1669.07
-25050.7
-1175.03
-1468.59
-1527.61
-1994.91
-2465.3
-3302.58
-3656.23
-4544.78
-4946.64
-4771.98
-5309.22
-3048.49
-2317.83
2860.39
-5943.74
-2999.68
-3592.65
-4843.89
-6892.24
-5644.05
-6122.38
-6583.04
-10291.6
-13526.6
-12158
-9374.11
-6319.35
-8433.14
-15454.8
-28593.2
-859.836
-1176.8
-1815.68
-2968.49
-3108.32
-4099.01
-4096.56
-4424.15
-4507.11
-6596.46
-5257.34
-5779.63
-8624.38
-49.9607
-7623.2
-6436.83
-6823.1
-7729.58
-15017.7
-17219
-15883.5
-8360.26
-16596.4
-20182.8
-15900.2
-11852.1
-28201.5
-28309.7
-25984
-51147
935.467
672.34
4718.29
7469.63
2190.75
-3185.75
-3114.19
-2990.15
-14087.9
-19703.3
10854.5
19239.5
33058.9
34233.6
33420.3
-13416.4
-19260.4
-28055.8
-26133.8
-30304.4
-38816
-55246.3
-48551.9
-52083.9
-90636
-105636
-115720
-117488
-142524
-119089
-2156.09
-3026.88
-3855.88
-4890.34
-6160.24
-7600.01
-9502.71
-11541.8
-14524.3
-17496.9
-23410.7
-24607.7
-46237.3
-35019
-114628
-873.355
-1098.25
-1229.86
-1481.41
-1780.71
-2124.36
-2620.55
-3133.38
-4041.12
-4798.56
-7110.5
-8794.56
-12097.5
-18949.4
-19255.4
-584.589
-770.323
-924.998
-1169.06
-1429.79
-1761.81
-2179.69
-2727.86
-3435.77
-4534.98
-5878.23
-8918.1
-11192.7
-22987
-5896.48
-935.622
-1243.22
-1527.14
-1903.1
-2325.38
-2846.69
-3480.58
-4245.5
-5198.01
-6319.86
-7884.48
-9385.79
-11722.2
-12198.8
-10309.3
-1032.81
-1344.23
-1620.77
-1978.86
-2371.67
-2853.38
-3426.16
-4088.73
-4874.66
-5723.95
-6823.84
-8276.27
-9495.06
-12935.7
-9676.43
-1033.12
-1343.65
-1619.17
-1980.4
-2375.56
-2874.39
-3447.82
-4066.53
-4804.07
-5519.48
-6717.72
-7878.24
-9617.92
-10787
-4663.4
-1330.19
-1712.7
-2037.62
-2428.99
-2825.97
-3355.59
-3922.18
-4529.91
-5172.57
-5652.53
-6700.46
-6965.43
-8996.1
-7787.89
-10020.4
-1169.61
-1499.65
-1733.4
-2075.92
-2441.3
-3022.45
-3553.88
-3970.66
-4330.89
-4772.41
-5851.82
-5954.66
-7911.33
-6967.39
-7550.91
-1824.99
-2302.37
-2658.82
-3065.91
-3420.77
-4068.95
-4468.45
-4821.87
-5292.3
-5439.93
-6004.54
-5378.25
-8088.81
-2630.99
-22958
-1176.72
-1455.61
-1418.74
-1823.67
-2198.43
-3088.78
-3415.27
-3853.68
-4391.37
-4178.42
-4658.48
-3385.45
-2785.42
2053.95
-7549.23
-2821.13
-3294.4
-4138.61
-5247.68
-4885.32
-5793.18
-5338.06
-7653.54
-10865.3
-9596.33
-8478.21
-8287.5
-10639.9
-16101.6
-32154.8
-966.495
-1346.17
-2039.43
-2173.48
-1670.31
-4340.81
-3189.79
-4347.59
-5186.76
-5385.65
-5390.44
-7952.55
-12646.9
-1480.56
-9212.55
-5445.14
-5439.82
-8492.8
-17147.5
-19726.1
-11552.9
-13522.4
-15089.7
-18328.6
-14831.2
-24883.1
-40248.2
-30380.7
-29289
-45326.3
-4.94108
1271.68
6483.25
6273.44
112.25
41.0864
3673.25
2894.35
-8450.56
-4333.66
11217
-12672.8
14556.4
29876.3
30549.7
-18456.6
-25600.6
-29075.1
-28653.2
-31724.2
-44553.2
-52720.8
-53493.2
-71236.8
-93919.6
-98322.4
-114224
-120789
-130762
-107078
-2155.04
-3025.42
-3853.18
-4886.59
-6152.38
-7589.5
-9482.42
-11514.6
-14468.9
-17419.9
-23283.5
-24385.9
-45905.4
-34578.8
-113026
-872.277
-1096.53
-1226.77
-1476.81
-1771.8
-2111.04
-2595.24
-3096.46
-3974.99
-4702.93
-6945.78
-8552.13
-11738.6
-18384.3
-19442.3
-583.563
-768.646
-922.319
-1164.82
-1422.86
-1751.27
-2163.06
-2703.31
-3394.99
-4474.18
-5774.55
-8751
-10971.7
-22545.9
-5805.56
-934.28
-1241.11
-1523.38
-1896.46
-2313.84
-2828.52
-3450.42
-4199.8
-5120.65
-6211.39
-7697.33
-9168.99
-11454.1
-12173.5
-10529.2
-1029.63
-1339.36
-1612.44
-1965.85
-2352.28
-2825.31
-3383.39
-4027.28
-4779.3
-5605.64
-6618.23
-8089.18
-9245.99
-12619.6
-9049.06
-1030.75
-1340.41
-1611.85
-1965.75
-2352.19
-2839.23
-3396.64
-3996.21
-4705.49
-5409.57
-6541.24
-7822.1
-9555.46
-11239.8
-6161.28
-1321.18
-1699.3
-2008.12
-2386.54
-2776.35
-3291.94
-3840.29
-4424.05
-5067.38
-5587.84
-6569.37
-6949.26
-8651.11
-8345.91
-9130.32
-1165.87
-1495.79
-1712.13
-2032.82
-2383.85
-2938.36
-3458.75
-3896.87
-4312.16
-4678.74
-5600.25
-5708.57
-7840.92
-6936.94
-8081.23
-1796.05
-2251.39
-2482.82
-2859.27
-3254.49
-3889.26
-4266.03
-4543.29
-4937.61
-5062.88
-5682.47
-5266.73
-8645.83
-3740.28
-23420.5
-1176.86
-1438.26
-1325.64
-1749.25
-2060
-2732.19
-3018.91
-3209.51
-3429.17
-3053.85
-3698.26
-3362.15
-3654.19
215.633
-10504.9
-2728.38
-2908.21
-3350.19
-4225.01
-4102.5
-4769.47
-4340.86
-4660.32
-6097.36
-5599.51
-7627.1
-9597.2
-14264.1
-18165.2
-31412.1
-1057.41
-1391.46
-1869.56
-2493.25
-2445.84
-3295.24
-2317.63
-3597.84
-4152.47
-3876.35
-5549.41
-4520.48
-14062.6
-4740.33
-7411.54
-4481.34
-5111.57
-7640.54
-13634.6
-14494.8
-13280.5
-18735.3
-19314.7
-14273.5
-18008.2
-39462.9
-44831.8
-32296.8
-27831.4
-38423.1
2285.31
5415.83
6854.66
7239.59
4183.6
3290.7
-7327.34
-705.397
7014.47
9010.54
6063.65
-22780.8
-11539.1
25652.4
21997.4
-18345.2
-22169.5
-26931.3
-29040
-37545.5
-47665.2
-60310.5
-56173.9
-69354.5
-85603
-88881.4
-86551
-119282
-126036
-92241
-2153.83
-3023.74
-3850.03
-4882.2
-6143.25
-7577.44
-9458.61
-11481.6
-14402.5
-17329.5
-23128.2
-24125.7
-45478.4
-34074.9
-111311
-871.171
-1094.74
-1223.51
-1471.92
-1762.21
-2096.59
-2567.79
-3056.22
-3902.03
-4597.52
-6757.59
-8291.44
-11295.4
-17780.2
-19084
-582.354
-766.649
-919.099
-1159.73
-1414.43
-1738.42
-2142.48
-2671.91
-3343.1
-4393.81
-5643.09
-8527.76
-10697.5
-21994
-5585.53
-932.679
-1238.54
-1519
-1888.92
-2300.64
-2807.61
-3414.97
-4145.07
-5027.84
-6076.03
-7462.82
-8885.12
-11088.5
-12158.5
-10783
-1026.13
-1333.78
-1603.4
-1951.84
-2330.85
-2793.86
-3334.15
-3954.66
-4662.43
-5450.41
-6349.11
-7843.28
-8884.35
-12393
-8377.21
-1027.9
-1336.05
-1603.78
-1950.2
-2326.71
-2800.51
-3336.82
-3909.88
-4578.75
-5256.69
-6303.93
-7750.56
-9287.42
-11772.1
-7389.5
-1311.84
-1683.89
-1981.05
-2346.52
-2726.64
-3228.9
-3760.64
-4323.09
-4941.77
-5489.07
-6427.9
-7182.72
-8101.05
-8906.07
-7998.21
-1161.29
-1487.13
-1692.18
-1987.9
-2325.08
-2864.82
-3367.87
-3781.38
-4232.79
-4614.45
-5626.42
-5944.13
-7302.58
-6646.05
-9092.25
-1769.01
-2194.15
-2359.98
-2704.7
-3121.47
-3785.12
-4209.98
-4563.93
-5087.82
-5264.75
-6017.19
-5654.24
-8924.83
-4655.63
-22098.8
-1175
-1373.81
-1208.99
-1496.09
-1870.03
-2584.94
-2816.38
-2943.64
-3336.33
-3137.2
-3519.9
-3454.17
-4696.47
-1269.56
-8327.32
-2647
-2553.95
-2592.69
-3310.9
-3847.74
-4716.89
-4468.09
-4718.65
-5102.2
-4821.78
-8149.21
-10692.9
-16683.1
-19756.7
-25591.8
-1095.88
-941.819
-1081.86
-1370.49
-1112.72
-2423.63
-1954.01
-3783.75
-5042.92
-3870.82
-7305.59
-4731.44
-12499.6
-7464.51
-5180.53
-3668.59
-4279.2
-6515.83
-10590.4
-11993.4
-18364.2
-26235.5
-29071
-14713.8
-20212.5
-41537.7
-41489.3
-35377
-27120
-35652.2
957.853
832.079
774.381
2303.04
-822.448
-3716.98
-11827
-12815
4028.28
11117.9
5659.09
-6563.88
-18646.2
13632.1
6113.83
-21143.5
-26749.7
-32051.4
-34427.3
-42071.1
-48713.2
-49781.4
-57667.9
-72199.6
-82325.8
-81429.9
-67718.6
-100469
-122036
-74947.9
-2152.66
-3022.08
-3846.81
-4877.73
-6133.9
-7565.37
-9434.02
-11447.2
-14333.2
-17235.4
-22962.6
-23854.6
-45029.3
-33534
-109698
-870.317
-1093.23
-1220.69
-1467.67
-1753.55
-2083.56
-2542.74
-3019.3
-3834.22
-4498.55
-6577.3
-8046.25
-10864.2
-17251
-18585.6
-581.426
-764.928
-916.224
-1155.11
-1406.66
-1726.45
-2123.12
-2641.24
-3293.44
-4311.77
-5511.83
-8278.39
-10412.8
-21408.1
-5353.16
-931.521
-1236.5
-1515.56
-1883.07
-2290.03
-2790.2
-3383.75
-4094.89
-4941.05
-5941.66
-7222.8
-8563.67
-10700.6
-12210.4
-10773.3
-1023.89
-1329.68
-1596.76
-1941.45
-2314.09
-2767.93
-3290.44
-3888.2
-4552.76
-5294.31
-6070.9
-7564.94
-8552.68
-12299.8
-7576.26
-1025.99
-1333.03
-1599.72
-1943.14
-2313.7
-2776.27
-3291.65
-3840.16
-4467.25
-5111.15
-6073.25
-7712.11
-9118.29
-12205.5
-7960.63
-1307.52
-1676.5
-1971.34
-2332.61
-2702.89
-3185.14
-3689.5
-4230.07
-4817.02
-5405.27
-6338.06
-7506.52
-7693.02
-9692.74
-5957.16
-1155.35
-1482.89
-1698.96
-1999.28
-2334.62
-2854.65
-3335.4
-3745.87
-4186.57
-4629.55
-5611.15
-6477.15
-6743.34
-6981.23
-8784.65
-1764.1
-2209.33
-2425.82
-2802.32
-3188.55
-3758.5
-4128.53
-4457.35
-5011.24
-5409.61
-6622.81
-6512.32
-8921.08
-5693.7
-18726.9
-1135.74
-1416.8
-1359.92
-1600.27
-1945.15
-2705.82
-2933.35
-3226.04
-3449.25
-2787.15
-3594.48
-3860.1
-5850.72
-1879.35
-4781.88
-2665.44
-3080.26
-2880.63
-3732.45
-4607.1
-5260.87
-5144.5
-5833.01
-5722.54
-5523.37
-8325.97
-11329.6
-17821.9
-19033.7
-18359.1
-837.31
-1172.19
-1775.01
-2151.15
-2322.37
-4043.91
-3759.69
-4262.2
-4961.84
-3993.93
-10042.6
-10139.1
-13158.6
-6044.36
-5972.08
-5170.12
-7071.38
-10606
-12909.7
-16119.3
-20167.7
-22131.7
-26980.4
-11578.5
-21303.8
-42803
-46995.2
-34501.8
-24148.1
-37540.4
373.367
-1867.22
-4183.59
-4314.33
-6440.43
-5791.41
-5734.45
-9678.76
1695.91
12110.7
-214.892
-6161.73
-17384.9
18977.9
-12229.7
-16969
-21383.4
-27391.6
-33943.4
-35862
-38591.6
-44115.1
-54926.1
-78185.4
-81831.5
-79529.4
-56462.6
-83340.6
-110201
-69409.2
-2151.51
-3020.4
-3843.48
-4873.15
-6124.35
-7553.02
-9407.99
-11410.4
-14260
-17135.7
-22781.8
-23571.4
-44529.2
-32956.8
-108081
-869.606
-1091.9
-1218.1
-1463.75
-1745.33
-2071.26
-2518.7
-2983.61
-3767.98
-4402.21
-6395.96
-7807.95
-10422.3
-16733.6
-17766.1
-580.543
-763.219
-913.314
-1150.39
-1398.68
-1714.09
-2102.74
-2607.87
-3240.48
-4218.55
-5368.18
-7972.85
-10098.2
-20680.5
-5006.92
-930.487
-1234.57
-1512.35
-1877.62
-2279.84
-2773.19
-3352.2
-4042.69
-4851.54
-5792.46
-6957.36
-8156.67
-10264.5
-12260.5
-10436.2
-1021.88
-1325.69
-1590.43
-1931.51
-2297.73
-2742.54
-3246.16
-3818.78
-4436.94
-5110.37
-5746.48
-7195.39
-8258.44
-12282.4
-6383.63
-1024.54
-1330.24
-1596.22
-1937.08
-2301.65
-2753
-3244.85
-3765.97
-4350.18
-4935.32
-5823.96
-7663.18
-9229.92
-12468.9
-7892.29
-1302.97
-1666.98
-1959.46
-2314.94
-2675.29
-3140.39
-3619.86
-4142
-4685.28
-5331.92
-6281.68
-7805.83
-7858.08
-10465.5
-3412.98
-1152.69
-1476.73
-1698.78
-2002.49
-2336.4
-2840.97
-3297.11
-3699.61
-4137.39
-4747.92
-5766.82
-6836.62
-6609.28
-7930.49
-7407.82
-1749.55
-2178.96
-2430.49
-2811.07
-3175.77
-3695.77
-4077.51
-4383.36
-5022.26
-5849.02
-7384.76
-8126.46
-9071.67
-7223.31
-15656.5
-1127.94
-1396.49
-1415.69
-1675.65
-2011.42
-2791.37
-2978.99
-3525.4
-4325.29
-4224.08
-4795.66
-4774.07
-6336.88
-3168.85
-5838.95
-2597.82
-2908.38
-3119.54
-3947.26
-4744.21
-5485.05
-5826.57
-6860.74
-6631.94
-7710.16
-11885.9
-13236.6
-17598.8
-16639.2
-17938.2
-733.289
-1101.55
-1308.51
-2020.25
-2744.18
-4190.97
-4184.53
-5683.89
-4846.19
-6003.91
-12004.7
-13900.9
-15293.8
-5902.55
-14119.6
-5036.82
-5763.45
-7901.86
-11027.7
-14186.6
-18704.5
-22562.3
-28094.5
-14105
-26687.6
-42812.8
-42575.1
-36118.8
-20958.4
-33930.7
527.821
-503.105
-2151.44
-3882.06
-2941.74
-1871.08
-3820.24
-6963.87
-670.595
1095.28
-10174.5
-6108.12
-16337.2
14731.8
-34054.7
-15392.6
-18634.7
-22071.9
-26014.4
-29522.7
-32669.8
-38063.8
-51356.4
-82567.9
-85668.8
-69220.9
-52748.3
-69264.2
-102566
-68993.1
-2150.48
-3018.85
-3840.25
-4868.76
-6114.97
-7540.82
-9381.99
-11373.9
-14186.3
-17033.5
-22593
-23296.9
-44006.2
-32367.9
-106577
-869.146
-1090.88
-1215.95
-1460.46
-1738.06
-2060.51
-2496.97
-2951.7
-3707.69
-4315.73
-6224.22
-7595.23
-10019.5
-16268
-16586.5
-579.923
-761.777
-910.711
-1146.08
-1391.22
-1702.34
-2082.89
-2574.72
-3189.14
-4121.63
-5221.83
-7624.95
-9766.7
-19826.1
-4572.87
-929.904
-1233.22
-1510.07
-1873.6
-2271.62
-2758.83
-3323.52
-3993.56
-4767.14
-5640.82
-6673.12
-7669.86
-9797.82
-12297.6
-9871.71
-1021.08
-1323.16
-1585.98
-1923.9
-2284.16
-2720.55
-3204.72
-3751.96
-4324.4
-4905.57
-5369.12
-6783.15
-7934.59
-12083.4
-4845.68
-1024.21
-1329.43
-1596.39
-1936.64
-2296.96
-2738.36
-3205.75
-3697.89
-4243.68
-4732.14
-5562.49
-7554.54
-9422.39
-12392
-7525.29
-1303.34
-1664.72
-1955.58
-2305.13
-2654.92
-3102.79
-3551.24
-4055.42
-4553.95
-5183.39
-6171.99
-7988.41
-8474.1
-10874
-2163.13
-1151.78
-1478.61
-1712.31
-2025.07
-2364.32
-2852.63
-3283.22
-3644.61
-4021.82
-4840.29
-5951.21
-7205.04
-7155.58
-8896.11
-6736.51
-1757.37
-2192.97
-2455.85
-2819.39
-3155.26
-3642.33
-4005.54
-4234.56
-4947.34
-6259.38
-8009.15
-9340.93
-9769.55
-8791.17
-14480.9
-1121.25
-1417.32
-1476.26
-1758.31
-2155.17
-2994.77
-3073.03
-3653.36
-4562.26
-5332.36
-6028.8
-6152.44
-5798.73
-5573.04
-10517.9
-2608.52
-3026.49
-3249.8
-3945.78
-4724.7
-5871.2
-6966.58
-8713.54
-8619.7
-9625.82
-12571.4
-13961.4
-14517.3
-16595.6
-22288
-709.424
-1245.3
-1422.57
-2109.78
-3560.95
-5861.09
-6310.71
-7275.29
-4554.88
-6972.76
-12038.9
-12964.8
-13351.8
-7952.35
-19688.7
-5376.66
-6299.33
-7902.29
-11040.2
-16260
-22766.1
-25349.5
-28174.9
-18406.4
-28979.6
-34839.1
-36217.5
-33486.2
-20061.2
-33768
291.718
-1230.42
-2084.1
-1929.27
-2012.63
-484.866
228.567
-2938.8
-6614.13
-8980.7
-7000.66
-4378.82
-9380.35
2199.26
-52564.7
-16500.2
-19457.7
-22493.2
-24788.9
-28961.3
-32531.1
-37090.1
-50129.2
-81045.7
-74923
-54687.2
-49307.6
-69805.5
-102513
-70119.3
-2149.56
-3017.43
-3837.15
-4864.72
-6106.01
-7529.32
-9356.78
-11337.9
-14112.3
-16932.6
-22398.2
-23051.7
-43459.7
-31794.4
-105285
-868.855
-1090.09
-1214.19
-1457.74
-1731.7
-2051.38
-2477.68
-2924.32
-3653.28
-4241.46
-6061.6
-7425.75
-9682.85
-15863.1
-14951.7
-579.436
-760.525
-908.37
-1142.16
-1384.31
-1691.37
-2063.93
-2542.69
-3139.48
-4023.81
-5073.7
-7251.15
-9393.91
-18893.1
-4109.47
-929.558
-1232.21
-1508.4
-1870.55
-2264.72
-2746.5
-3296.95
-3947.94
-4687.77
-5491.65
-6364.98
-7185.32
-9357.94
-12304.6
-9439.87
-1020.67
-1321.13
-1582.4
-1917.52
-2272.1
-2700.94
-3164.73
-3688.6
-4215.26
-4679.51
-4953.83
-6378.28
-7484.87
-11491
-3864.67
-1024.28
-1329.13
-1597.44
-1937.68
-2293.63
-2725.66
-3166.12
-3634.27
-4148.24
-4466.84
-5247.62
-7363
-9321.66
-11918.8
-8001.85
-1303.34
-1661.36
-1951.13
-2295.06
-2632.38
-3064.23
-3472.47
-3982.07
-4384.45
-4938.74
-5979.35
-8124.31
-8976.13
-10736.3
-4356.35
-1151.33
-1478.03
-1719.87
-2042.27
-2379.69
-2847.76
-3254.16
-3576.31
-3865.03
-4941.31
-6032.34
-7814.96
-8201.19
-9321.51
-8854.08
-1745.17
-2170.56
-2455.21
-2823.28
-3118.2
-3581.87
-3822.13
-3984.44
-4842.31
-6679.93
-8518.13
-10702
-10750.7
-10150.3
-17253.9
-1117.42
-1392.41
-1480.37
-1818.23
-2257.15
-2979.96
-3197.63
-3776.69
-5038.93
-5947.01
-6439.7
-7289.75
-5778.05
-7147.19
-16964.1
-2281.67
-2653.57
-3203.77
-4241.48
-5239.59
-6381.56
-8235.48
-10972.9
-12642
-13082
-13001.9
-14226.7
-12510.1
-19871.9
-26364.3
-587.407
-831.548
-874.544
-2136.19
-4886.81
-8488.62
-9500.45
-10982.2
-8714.97
-9294.77
-10326.8
-10347.6
-10929.9
-13528.6
-13534.7
-4377.49
-5199.4
-6906.57
-11368.6
-18131.8
-26760.7
-30600.4
-31718.5
-26231.7
-30307.1
-31137.9
-32407.6
-35212.7
-32304.3
-35852.5
1115.71
1336.36
214.083
-3102.13
-1019.53
-689.987
-1841.36
-2271.3
-8709.48
-10132.6
-6559.31
-7468.91
-15850.9
-12770.4
-44802.2
-20268.9
-23406.2
-29480.3
-30700.4
-34550.1
-38754.4
-42465.2
-50916.8
-65189
-58841.9
-49209.9
-53238.2
-77490.4
-97206.4
-76541.1
-2148.82
-3016.21
-3834.32
-4861.07
-6097.39
-7518.39
-9331.92
-11302.3
-14038.4
-16837.1
-22194.5
-22853.9
-42889.6
-31283
-104395
-868.756
-1089.56
-1212.79
-1455.54
-1726.23
-2043.82
-2460.74
-2901.8
-3604.33
-4181.36
-5908.79
-7318.63
-9437.74
-15594.7
-12961.1
-579.17
-759.501
-906.293
-1138.57
-1377.81
-1680.94
-2045.35
-2511.56
-3090.98
-3929.92
-4930.61
-6923.13
-9025.79
-18065.9
-3662.69
-929.58
-1231.7
-1507.47
-1868.41
-2259.01
-2735.86
-3271.73
-3905.95
-4613.01
-5352.59
-6055.53
-6857.4
-9009.05
-12277.4
-9241.32
-1021.35
-1320.43
-1580.34
-1912.63
-2262.06
-2683.6
-3125.68
-3629.88
-4111.94
-4430.86
-4583.97
-6094.63
-6997.06
-10622.3
-3928.37
-1025.3
-1331.01
-1601.93
-1942.21
-2294.87
-2717.88
-3128.64
-3584.18
-4066.11
-4174.69
-4924.17
-7221.02
-8854.38
-11281.8
-8877.03
-1309.35
-1666.5
-1952.61
-2287.59
-2617.07
-3025.1
-3390.81
-3939.19
-4123.73
-4658.74
-5680.05
-8230.9
-9106.9
-10739.4
-8634.53
-1153.36
-1489.48
-1741.6
-2070.2
-2407.92
-2845.5
-3212.23
-3557.54
-3698.78
-4953.96
-6056.27
-8515.54
-9236.95
-10068.9
-15091.9
-1787.25
-2216.2
-2453.18
-2786.9
-3064.94
-3366.56
-3713.46
-3837.46
-4820.93
-6913.49
-8805.78
-11943.6
-11919.5
-13222
-23587.6
-1124.42
-1440.39
-1488.98
-1868.6
-2213.43
-2876.63
-3385.24
-3731.7
-5317.28
-6497.84
-6688.98
-8332.12
-6348.51
-9426.51
-23634.5
-2654.31
-2828.96
-2861.99
-3712.61
-4292.34
-5308.95
-7189.36
-10437.1
-13408.9
-15781
-14704.3
-15310.8
-11125.6
-26585.5
-28496
-832.804
-1492.9
-1320.66
-2266.46
-3622.49
-5356.17
-6382.38
-8946.48
-9282.06
-9948.79
-10616.9
-11202.6
-11513.7
-19135.9
-16276.3
-5372.24
-9254.95
-9382.58
-12460.8
-23260.8
-28182.1
-29500.7
-30523.5
-26805.1
-28304.5
-31214.1
-33017.9
-30896.9
-49350
-33092.5
1977.82
3593.69
4132.87
-1094.29
-2462.67
-1005.4
-1110.41
-1817.22
-5175.76
-6560.88
-7906.3
-12412.8
-12222.7
-6438.3
-8233.08
-17845.1
-19998.8
-27554.8
-38578.7
-40628.6
-43834.7
-46847
-50866.8
-57131.7
-57150.4
-53939.8
-62156
-91354.4
-86542.2
-87148.5
-2148.23
-3015.18
-3831.82
-4858.05
-6089.57
-7509.09
-9308.68
-11270.3
-13969.5
-16756.1
-21987.2
-22725.6
-42370
-30915.3
-104054
-868.767
-1089.25
-1211.82
-1454.06
-1722.16
-2038.59
-2447.65
-2885.6
-3563.68
-4140.85
-5776.97
-7285.92
-9284.06
-15593.4
-10925.8
-579.045
-758.781
-904.764
-1135.88
-1372.78
-1672.75
-2030.41
-2486.3
-3051.26
-3856.96
-4821.17
-6757.99
-8827.73
-17639.4
-3401.03
-929.758
-1231.54
-1507.28
-1867.55
-2255.46
-2728.55
-3251.7
-3873.79
-4551.21
-5243.73
-5851.9
-6828.23
-8869.58
-12374.7
-9313.84
-1022.23
-1320.27
-1579.49
-1909.51
-2254.35
-2669.96
-3092.37
-3585.73
-4026.38
-4240.45
-4401.39
-6106.07
-6968.52
-10278.9
-4562.26
-1026.11
-1332.93
-1607.5
-1948.72
-2298.16
-2711.34
-3096.81
-3555.18
-3970.04
-3965.4
-4798.67
-7236.21
-8577.11
-11416.6
-9577.54
-1314.69
-1671.91
-1958.02
-2281.23
-2591.98
-2974.1
-3309.3
-3923.81
-3864.22
-4398.37
-5546.12
-8192.65
-9126.8
-12025.8
-9950.74
-1151.65
-1499.66
-1771.43
-2100.67
-2417.97
-2810.18
-3199.03
-3619.67
-3602.53
-4936.01
-6171.66
-8752.34
-9718.32
-11656.3
-17865.2
-1816.16
-2269.22
-2503.81
-2720.34
-2824.12
-3059.61
-3688.4
-3846.32
-4917.74
-7065.39
-9034.65
-12584.7
-12676.1
-18020.6
-28466.2
-1101.51
-1516.07
-1625.3
-1860.69
-2066.84
-2768.69
-3674.3
-4010.64
-5752
-7535.24
-7688.98
-9635.14
-6658.97
-11024.1
-28147.7
-2862.33
-3398.08
-3297.93
-3520.8
-3665.38
-4905.49
-6294.9
-9560.43
-12895
-16473.7
-16094.7
-17219.4
-12032.3
-32584.6
-30478.9
-707.457
-1821.25
-2654.06
-2653.78
-2729.89
-2122.86
-3232.72
-6129.24
-7845.66
-10521.3
-10076.2
-11525.6
-11446.9
-23434.9
-26979.8
-6438.18
-12348.2
-15078.5
-12147.6
-18993.8
-31918.1
-33349
-32965.5
-31566.7
-34590.9
-31633
-39296.3
-29841.5
-59576.5
-25016.9
562.995
290.296
944.885
2339.5
1224.67
-2440.32
-5126.64
-5835.71
-9938.37
-15262.5
-9405.08
-23184
-1551.99
697.031
34038.9
-17998.4
-19546.9
-26279.2
-37667.4
-51464.5
-51214.6
-52849.4
-56433.5
-61378.6
-65811
-62439
-70457.4
-89350.5
-81133.7
-86315
-2147.82
-3014.34
-3829.62
-4855.39
-6081.99
-7500.48
-9285.41
-11241.4
-13901.3
-16689.4
-21757
-22667.1
-41884.4
-30786.3
-104313
-868.844
-1089.02
-1210.97
-1452.74
-1718.41
-2033.77
-2434.95
-2870.41
-3524.67
-4107.41
-5659.18
-7289.37
-9228.29
-15739.8
-9206.66
-579.029
-758.114
-903.204
-1133.06
-1367.37
-1663.94
-2013.79
-2458.95
-3008.61
-3788.7
-4739.95
-6803.8
-8906.05
-17559.7
-3279.3
-930.114
-1231.53
-1507.22
-1866.63
-2251.87
-2720.92
-3230.81
-3839.47
-4488
-5144.11
-5779.83
-6971.32
-9069.51
-12531.2
-8942.47
-1023.87
-1320.95
-1579.55
-1907.26
-2248.64
-2658.55
-3060.14
-3540.24
-3935.71
-4123.96
-4343.02
-6272.07
-7435.43
-10316.8
-4123.35
-1027.58
-1335.7
-1614.39
-1956.51
-2306.46
-2711.49
-3070.85
-3517.06
-3858.63
-3814.67
-4749.96
-7214.38
-8450.56
-11257.8
-7621.66
-1323.61
-1682.51
-1969.61
-2286.53
-2596.61
-2962.58
-3249.08
-3835.69
-3667.7
-4114.18
-5344.98
-8029.89
-8970.43
-12861.8
-8135.04
-1151.92
-1511.68
-1805.82
-2145.3
-2489
-2849.06
-3192
-3719.36
-3402.28
-4778.17
-6116.39
-8770.51
-10107.5
-13457.3
-21259.7
-1858.77
-2345.41
-2585.72
-2790.16
-2934.87
-3133.39
-3723.71
-3722.31
-4922.63
-6935.26
-8979.46
-12950.5
-14092.4
-22847.7
-27871.4
-1083.32
-1570.18
-1769.42
-2058.2
-2416.69
-2903.04
-3524.01
-4071.56
-5836.39
-7443.44
-7955.26
-10269.1
-7856.18
-10272.6
-24370.1
-3052.42
-3885.64
-3833.75
-3891.75
-3504.67
-4020.07
-4653.97
-8088.86
-11394.4
-14318.5
-14350
-16929.5
-15027.2
-35927.5
-30195.5
-675.57
-1535.96
-2090.15
-4235.72
-4075.34
-2189.09
-4612.38
-9353.15
-11644.4
-11298.8
-9000.22
-11938.3
-9744.96
-21333.9
-23912.7
-7092.49
-11359.2
-15342.1
-13013.4
-11143.3
-24695.1
-34752.2
-36218.1
-29902.4
-27585
-35825.9
-32289.6
-29644.3
-56112.1
-13488.7
615.733
1087.83
-3434.78
-5360.26
7603.49
3353.95
-5078
-7321.55
-6481.67
-6702.25
-15239.6
-19171.1
13050.9
1051.08
52258.1
-14318.2
-16425.1
-23596.5
-41193.2
-55253.8
-67934.7
-75760.3
-78098.2
-86491.6
-97676.5
-73531.8
-89770.8
-73494.5
-80740.6
-84305
-2147.48
-3013.66
-3827.83
-4853.22
-6075.48
-7493.84
-9265.43
-11219.1
-13837.3
-16642.4
-21500
-22710.7
-41280.8
-30817.2
-104801
-869.043
-1089.17
-1210.97
-1452.84
-1717.68
-2033.42
-2431.95
-2869.35
-3514.23
-4116.71
-5621.25
-7337.16
-9358.62
-16082.7
-8074.1
-579.127
-757.935
-902.697
-1132.09
-1365.42
-1660.58
-2007.73
-2448.17
-2993.89
-3763.59
-4733
-6845.23
-9246.23
-17693.2
-3423.87
-930.46
-1231.81
-1507.76
-1866.97
-2251.12
-2718.19
-3220.52
-3821.14
-4452.79
-5088.89
-5819.49
-7157.15
-9318.57
-12614.4
-8801.38
-1025.01
-1321.57
-1580.09
-1906.77
-2246.49
-2653.1
-3042.35
-3512.68
-3878.27
-4101.03
-4349.66
-6275.07
-7742.26
-10688
-4368.92
-1028.55
-1337.76
-1619.5
-1962.94
-2313.97
-2712.95
-3054.45
-3490.84
-3762.05
-3708.12
-4692.52
-7031.96
-8284.4
-11286.2
-8145.47
-1329.2
-1688.31
-1976.47
-2290.86
-2599.18
-2947.13
-3203.69
-3702.07
-3538.34
-3896.55
-5101.61
-7763.4
-8825.77
-13283.4
-7112.14
-1151.78
-1518.59
-1827.86
-2178.96
-2535.28
-2857.09
-3123.08
-3758.17
-3167.73
-4584.38
-6032.4
-8689.74
-10130.6
-13945.6
-18211.7
-1884.14
-2376.19
-2624.66
-2842.43
-2986.77
-3105.89
-3590.82
-3472.81
-4624.53
-6704.25
-8926.42
-13105.5
-14884.6
-27726
-34267.6
-1071.5
-1581.32
-1872.64
-2247.35
-2657.6
-2836.62
-3034.94
-3522.99
-5368.83
-6976.66
-8087.52
-10266.4
-8727.08
-9439.99
-20630.6
-3149.26
-4007.9
-4017.78
-4330.54
-3809.14
-3236.33
-3263.9
-5619.61
-7710.66
-11030.8
-13192.6
-16983.5
-17736.8
-35825.3
-26908.8
-565.3
-1528.84
-2032.1
-3824.24
-4994.56
-1928.63
-3401.47
-7169.36
-8707.68
-9358.14
-8488.2
-10234
-5448.94
-15395.1
-18915.7
-6721.5
-10458.5
-12466.9
-15054.6
-6045.4
-14119
-24161.9
-26532.3
-23034
-22321.7
-25798.9
-24344.2
-34968.5
-45395.7
-11268.8
987.861
2020.43
1257.61
-7346.73
5329.08
20206.2
12913.1
10876.1
16326.5
17090.6
-5735.36
6946.04
4934.11
12651.5
64191.6
-12929
-15620.8
-23061.3
-36856.7
-59749.4
-66179.4
-79367.9
-85863.7
-89600.4
-100309
-98329.5
-79233.4
-77586.9
-76525.7
-76488.5
-2147.27
-3013.13
-3826.36
-4851.41
-6069.9
-7488.24
-9247.24
-11198.4
-13781.8
-16594.8
-21334.3
-22596
-40952.9
-31512.2
-105687
-869.057
-1088.83
-1209.93
-1451.2
-1713.27
-2027.47
-2416.86
-2849.36
-3470.64
-4066.95
-5549.03
-7319.59
-9136.66
-15561.3
-7151.17
-579.231
-757.474
-901.471
-1129.78
-1360.85
-1653.19
-1993.63
-2424.42
-2956.5
-3700.72
-4694.25
-6829.22
-9450.77
-17928.2
-2375.6
-930.892
-1231.95
-1507.92
-1866.41
-2248.64
-2711.81
-3202.9
-3788.62
-4391.14
-4977.06
-5752.45
-7136.87
-9283.45
-11951.8
-6660.36
-1026.84
-1322.7
-1580.72
-1905.36
-2242.61
-2643.17
-3013.22
-3465.42
-3771.07
-3951.36
-4230.61
-6027.41
-7414.88
-10613
-2917.57
-1030.12
-1340.42
-1625.93
-1970.96
-2324.87
-2715.73
-3031.13
-3440.27
-3575.47
-3428.35
-4343.72
-6558.16
-7598.5
-10008.7
-5612.13
-1338.66
-1700.1
-1989.52
-2301.44
-2613.85
-2944.11
-3157.9
-3592.06
-3187.57
-3386.49
-4429.56
-7146.63
-8173.99
-13138.4
-12449.9
-1153.55
-1528.31
-1857.25
-2228.48
-2621.3
-2908.21
-3096.78
-3669.3
-2791.75
-3917.71
-5308.52
-8589.9
-10376.9
-16814.9
-37348
-1929.75
-2448.59
-2697.95
-2927.31
-3106.54
-3118.56
-3617.68
-3181.08
-4329.28
-6045.56
-8418.75
-13051.9
-15501.8
-32072.1
-29444.4
-1064.94
-1591.23
-1965.92
-2513.88
-3066.75
-3073.5
-2813.4
-3193.76
-5043.48
-6189.08
-7355.98
-8702.25
-9762.63
-8702.81
-8186.67
-3333.27
-4339.09
-4359.58
-4615.12
-3945.76
-3148.15
-2473.58
-4328.09
-6069.62
-8921.96
-10698.7
-15506.4
-21726.9
-35425.4
-27466.4
-468.026
-1427.11
-2080.89
-3856.64
-5228.05
-1836.28
-2464.56
-4686.33
-6240.27
-6824.82
-4345.01
-4191.25
-5708.24
-12977.9
-4998.07
-6868.7
-10346.9
-12200.3
-12040.4
-4481.81
-7811.66
-12276.8
-13607.4
-13889.8
-16176.8
-13422.1
-21930.1
-61882.3
-35725.2
6849.37
1148
3475.41
4849.15
-4828.59
6504.78
25721.7
25519.8
24240.2
24955.1
26310.4
20370
9029.05
-8254.65
18269.4
23289.9
-11186.5
-14153.4
-21902.4
-38509.1
-66047.5
-72843.2
-84842.6
-92994.6
-95493.3
-103881
-93974.4
-68541.8
-59026.5
-90570.3
-94741.7
)
;

boundaryField
{
    outletsourceFace
    {
        type            zeroGradient;
    }
    outletdestinationFace
    {
        type            zeroGradient;
    }
    outletFace
    {
        type            zeroGradient;
    }
    outletWall
    {
        type            fixedValue;
        value           uniform 0;
    }
    inletFace
    {
        type            zeroGradient;
    }
    inletWall
    {
        type            fixedValue;
        value           uniform 5;
    }
    inletsourceFace
    {
        type            zeroGradient;
    }
    inletdestinationFace
    {
        type            zeroGradient;
    }
}


// ************************************************************************* //
