/*--------------------------------*- C++ -*----------------------------------*\
| =========                 |                                                 |
| \\      /  F ield         | OpenFOAM: The Open Source CFD Toolbox           |
|  \\    /   O peration     | Version:  4.1                                   |
|   \\  /    A nd           | Web:      www.OpenFOAM.org                      |
|    \\/     M anipulation  |                                                 |
\*---------------------------------------------------------------------------*/
FoamFile
{
    version     2.0;
    format      ascii;
    class       volScalarField;
    location    "14";
    object      p;
}
// * * * * * * * * * * * * * * * * * * * * * * * * * * * * * * * * * * * * * //

dimensions      [0 2 -2 0 0 0 0];

internalField   nonuniform List<scalar> 
6750
(
-420.334
-202.312
-358.9
-338.558
-388.378
-405.494
-413.144
-478.593
-434.698
-372.714
-346.398
-284.657
-279.131
-172.878
-272.11
-419.589
-200.011
-357.509
-338.346
-388.713
-406.144
-413.271
-476.033
-434.623
-374.398
-348.686
-288.065
-281.514
-172.615
-273.122
-418.895
-198.178
-356.622
-338.327
-388.915
-406.693
-413.362
-473.62
-433.149
-373.082
-349.011
-290.209
-284.729
-173.492
-274.397
-418.032
-195.676
-355.393
-338.244
-389.151
-407.308
-413.435
-471.024
-432.366
-372.013
-347.607
-292.734
-289.418
-176.486
-275.989
-417.267
-193.139
-354.394
-338.31
-389.367
-407.869
-413.273
-468.371
-430.974
-370.888
-347.385
-295.16
-291.172
-180.244
-277.472
-416.646
-190.572
-353.456
-338.419
-389.582
-408.376
-413.249
-465.925
-429.601
-367.026
-340.839
-296.845
-297.658
-184.16
-279.21
-416.334
-188.47
-352.789
-338.583
-389.777
-408.783
-413.292
-464.22
-428.658
-364.906
-342.184
-300.254
-292.586
-189.114
-279.846
-416.344
-187.823
-352.587
-338.632
-389.85
-408.972
-413.15
-463.62
-427.482
-361.088
-333.831
-300.376
-291.897
-190.644
-280.368
-416.586
-188.914
-352.967
-338.619
-389.83
-408.752
-413.238
-464.213
-428.636
-363.919
-340.982
-302.209
-290.674
-190.27
-280.017
-417.089
-191.196
-353.764
-338.535
-389.716
-408.371
-413.372
-465.908
-429.942
-366.85
-341.667
-300.202
-297.153
-185.008
-279.633
-417.862
-193.909
-354.825
-338.512
-389.578
-407.897
-413.554
-468.375
-431.323
-370.607
-347.499
-297.904
-291.43
-181.113
-278.156
-418.741
-196.507
-355.925
-338.536
-389.447
-407.402
-414.062
-470.981
-433.162
-372.599
-348.691
-295.439
-289.863
-177.397
-276.86
-419.691
-199.046
-357.242
-338.708
-389.286
-406.862
-414.11
-473.538
-433.921
-373.395
-350.046
-292.614
-285.816
-174.392
-275.481
-420.441
-200.892
-358.19
-338.791
-389.14
-406.373
-414.161
-475.939
-435.567
-375.091
-350.033
-290.28
-282.759
-173.469
-274.332
-421.233
-203.189
-359.639
-339.079
-388.862
-405.797
-414.058
-478.498
-435.664
-373.317
-347.625
-286.586
-280.537
-173.679
-273.428
-612.088
-129.211
-342.481
-349.649
-398.983
-419.463
-446.915
-485.218
-429.221
-300.042
-236.87
-199.791
-227.374
-111.736
-349.383
-609.793
-127.636
-341.684
-349.389
-399.412
-419.949
-447.731
-483.466
-428.296
-304.246
-240.965
-201.941
-229.057
-111.041
-350.682
-607.988
-127.044
-341.552
-349.435
-399.641
-420.199
-448.399
-481.194
-426.675
-304.801
-242.859
-203.675
-230.657
-110.699
-352.25
-605.671
-125.944
-340.959
-349.322
-399.883
-420.541
-449.011
-478.763
-425.872
-307.071
-246.089
-208.188
-233.487
-111.794
-353.542
-603.618
-125.128
-340.525
-349.4
-400.105
-420.841
-449.667
-476.167
-424.225
-307.103
-250.188
-211.922
-233.055
-113.339
-354.487
-601.841
-124.268
-339.874
-349.44
-400.286
-421.131
-450.492
-473.715
-423.518
-308.47
-253.861
-216.653
-231.475
-114.956
-355.438
-600.861
-123.542
-339.157
-349.553
-400.446
-421.356
-451.242
-471.518
-423.389
-311.602
-263.86
-221.026
-224.125
-116.919
-355.392
-600.896
-123.24
-338.817
-349.562
-400.486
-421.495
-451.645
-470.693
-422.775
-311.332
-257.39
-220.827
-223.841
-116.24
-355.972
-601.439
-123.568
-339.373
-349.579
-400.482
-421.382
-451.145
-471.782
-423.699
-312.235
-264.432
-223.742
-223.584
-117.395
-355.74
-602.73
-124.354
-340.148
-349.523
-400.367
-421.171
-450.238
-474.111
-424.199
-310.223
-258.515
-219.052
-230.238
-115.746
-356.162
-604.74
-125.316
-340.876
-349.555
-400.232
-420.915
-449.406
-476.644
-424.672
-307.421
-252.512
-214.968
-233.347
-114.102
-355.641
-606.946
-126.193
-341.352
-349.544
-400.061
-420.652
-448.742
-479.241
-426.666
-308.295
-248.161
-210.212
-233.823
-112.563
-354.921
-609.371
-127.352
-341.999
-349.734
-399.876
-420.367
-448.2
-481.674
-427.432
-305.76
-244.727
-205.935
-231.747
-111.417
-353.943
-611.24
-127.982
-342.163
-349.737
-399.685
-420.156
-447.585
-483.924
-429.062
-305.323
-242.699
-203.583
-230.086
-111.663
-352.526
-613.582
-129.59
-343.012
-350.072
-399.317
-419.745
-446.897
-485.726
-429.97
-301.214
-238.467
-200.906
-228.457
-112.276
-351.364
-835.008
-63.9748
-300.028
-355.866
-387.323
-407.005
-416.841
-425.552
-384.593
-254.866
-183.852
-146.048
-190.398
-28.5556
-476.084
-833.035
-61.5632
-299.629
-354.952
-387.618
-407.467
-417.638
-425.147
-385.527
-258.603
-186.665
-145.557
-190.034
-27.663
-477.411
-831.743
-60.8817
-299.897
-354.673
-387.889
-407.635
-418.212
-424.257
-385.21
-259.992
-189.53
-147.443
-190.485
-26.9923
-479.089
-829.771
-59.718
-299.51
-354.114
-388.112
-407.858
-419.031
-423.645
-385.722
-262.117
-192.342
-154.19
-195.037
-27.22
-480.088
-828.036
-59.6188
-299.301
-353.95
-388.42
-407.992
-419.692
-422.995
-385.866
-262.494
-196.434
-157.796
-196.324
-27.6852
-480.837
-826.333
-59.8079
-298.663
-353.729
-388.63
-408.048
-420.275
-422.548
-386.53
-265.824
-202.581
-163.347
-195.777
-28.268
-481.599
-825.102
-60.5638
-297.983
-353.716
-388.852
-408.057
-420.562
-422.108
-387.032
-268.951
-210.4
-168.205
-185.73
-28.2655
-480.975
-825.064
-60.6909
-297.593
-353.644
-388.879
-408.036
-420.651
-421.861
-386.643
-269.165
-205.676
-165.912
-183.473
-26.8025
-481.785
-825.978
-59.9144
-298.196
-353.754
-388.899
-408.118
-420.584
-422.266
-387.28
-269.156
-209.802
-168.142
-184.289
-27.8668
-482.027
-827.435
-59.2871
-298.948
-353.839
-388.731
-408.155
-420.295
-422.797
-387.107
-266.401
-205.573
-164.019
-193.171
-28.3902
-483.303
-829.367
-59.2528
-299.634
-354.157
-388.577
-408.145
-419.728
-423.239
-386.234
-262.195
-197.344
-159.666
-196.979
-27.9176
-483.204
-831.221
-59.5206
-299.86
-354.407
-388.313
-408.045
-419.08
-423.89
-386.172
-262.328
-193.233
-155.431
-195.528
-27.5401
-482.576
-833.292
-60.8528
-300.279
-355.069
-388.151
-407.875
-418.317
-424.495
-385.596
-260.262
-189.841
-149.169
-192.079
-27.3243
-482.054
-834.637
-61.6503
-300.015
-355.408
-387.907
-407.729
-417.765
-425.369
-385.92
-259.018
-187.178
-146.635
-190.959
-27.9222
-480.494
-836.654
-64.1853
-300.457
-356.42
-387.689
-407.326
-417.044
-425.803
-385.074
-255.565
-184.617
-146.987
-191.024
-28.814
-479.298
-975.435
-119.354
-243.029
-375.401
-380.028
-398.644
-401.333
-381.525
-311.416
-191.862
-135.701
-112.193
-157.509
41.4401
-598.891
-974.301
-116.578
-243.258
-374.807
-380.333
-399.485
-402.88
-383.28
-314.07
-195.564
-137.377
-112.105
-153.877
42.1898
-599.803
-973.636
-115.502
-244.077
-374.68
-380.711
-399.913
-403.751
-383.896
-314.982
-196.944
-137.163
-112.621
-154.439
42.7645
-601.628
-972.574
-113.68
-244.338
-374.195
-380.966
-400.438
-404.991
-385.017
-316.774
-198.423
-135.596
-111.267
-164.175
42.8398
-602.228
-971.743
-113.003
-244.893
-374.081
-381.36
-400.866
-405.9
-385.771
-318.324
-199.551
-138.561
-109.457
-166.021
43.1769
-603.015
-970.939
-112.575
-244.928
-373.752
-381.538
-401.137
-406.677
-386.683
-320.737
-204.215
-144.451
-114.435
-165.08
43.5824
-603.493
-970.283
-113.118
-245.025
-373.687
-381.778
-401.364
-407.154
-387.299
-322.839
-209.134
-155.179
-115.49
-154.06
44.7489
-601.982
-970.404
-113.083
-244.891
-373.559
-381.761
-401.365
-407.247
-387.418
-323.136
-210.06
-153.409
-111.692
-150.354
45.8575
-602.9
-971.178
-112.295
-245.088
-373.775
-381.846
-401.429
-407.201
-387.423
-323.167
-209.426
-155.658
-115.013
-152.147
45.8387
-604.351
-971.926
-112.029
-245.112
-373.932
-381.669
-401.257
-406.76
-386.891
-321.479
-204.961
-149.092
-116.602
-161.572
44.4998
-607.263
-972.945
-112.667
-245.069
-374.347
-381.563
-401.046
-406.004
-385.941
-318.741
-199.233
-140.129
-111.698
-167.528
43.615
-607.938
-973.875
-113.557
-244.543
-374.55
-381.229
-400.67
-405.131
-385.194
-317.229
-198.278
-136.953
-111.98
-165.866
42.8997
-606.989
-975.044
-115.594
-244.308
-375.127
-381.053
-400.223
-403.963
-384.113
-315.427
-197.015
-137.261
-114.075
-157.069
42.6196
-606.961
-975.768
-116.807
-243.488
-375.306
-380.714
-399.836
-403.139
-383.523
-314.601
-195.885
-138.008
-113.328
-155.041
42.05
-605.156
-976.959
-119.746
-243.31
-375.988
-380.493
-399.092
-401.685
-381.825
-312.113
-192.585
-137.04
-113.491
-158.035
41.1171
-604.288
-1109.82
-209.39
-216.891
-384.623
-357.254
-362.044
-353.641
-310.307
-251.073
-163.684
-130.508
-96.236
-168.525
87.7057
-758.308
-1109.11
-207.702
-216.763
-384.497
-357.885
-363.483
-355.809
-312.831
-253.59
-166.054
-130.973
-95.5732
-165.702
87.3543
-759.091
-1108.75
-207.132
-217.166
-384.67
-358.519
-364.377
-356.943
-313.861
-254.35
-166.168
-128.629
-94.4326
-165.906
87.3473
-761.184
-1108.1
-205.878
-217.157
-384.574
-359.121
-365.541
-358.698
-315.729
-255.966
-166.058
-124.952
-89.3457
-167.99
87.4282
-760.997
-1107.68
-205.32
-217.506
-384.787
-359.865
-366.585
-360.105
-317.089
-257.305
-165.794
-124.106
-87.5445
-167.408
88.3217
-762.114
-1107.22
-204.697
-217.546
-384.733
-360.348
-367.431
-361.431
-318.699
-259.635
-169.144
-129.447
-90.3881
-164.523
89.3385
-761.738
-1107.09
-204.438
-217.807
-384.898
-360.864
-368.14
-362.433
-319.884
-261.702
-172.522
-138.12
-88.8067
-155.432
90.4169
-758.102
-1107.37
-204.077
-217.776
-384.843
-360.917
-368.281
-362.696
-320.257
-262.204
-173.36
-137.663
-86.0429
-152.745
91.2752
-758.735
-1107.84
-204.029
-217.824
-385.006
-360.943
-368.24
-362.541
-320.042
-262.021
-172.808
-138.715
-88.0378
-155.073
92.7385
-762.389
-1108.27
-204.299
-217.706
-384.96
-360.519
-367.641
-361.675
-319.014
-260.394
-169.905
-133.29
-92.0568
-162.649
91.6011
-768.519
-1108.89
-205.108
-217.731
-385.115
-360.14
-366.913
-360.465
-317.464
-257.899
-165.656
-124.986
-89.4135
-170.744
90.0325
-771.197
-1109.43
-205.827
-217.441
-385.012
-359.499
-365.977
-359.187
-316.215
-256.681
-165.858
-125.408
-89.1717
-171.276
88.2343
-769.603
-1110.19
-207.259
-217.511
-385.216
-359.013
-364.942
-357.589
-314.537
-255.288
-166.671
-129.114
-95.326
-169.718
87.4232
-770.183
-1110.61
-207.944
-217.129
-385.11
-358.45
-364.125
-356.562
-313.644
-254.772
-166.988
-132.354
-96.4102
-168.518
87.2179
-768.012
-1111.39
-209.783
-217.325
-385.338
-357.936
-362.816
-354.562
-311.333
-252.582
-165.213
-132.747
-97.4113
-170.85
87.2121
-767.154
-1241.36
-270.565
-218.427
-401.905
-355.37
-347.461
-335.881
-287.234
-243.386
-166.572
-157.304
-98.4039
-216.664
117.273
-989.64
-1240.87
-269.657
-218.221
-401.842
-355.635
-348.294
-337.153
-288.78
-244.736
-167.886
-155.998
-96.4497
-213.488
117.377
-989.817
-1240.68
-269.436
-218.393
-401.992
-355.952
-348.785
-337.709
-289.24
-244.818
-167.489
-152.972
-95.5592
-211.314
118.183
-993.623
-1240.26
-268.773
-218.271
-401.941
-356.223
-349.471
-338.745
-290.374
-245.657
-167.156
-149.711
-93.7115
-211.594
118.616
-994.038
-1240.02
-268.579
-218.435
-402.126
-356.658
-350.11
-339.556
-291.099
-246.28
-166.402
-148.564
-92.9604
-210.984
119.553
-994.773
-1239.88
-268.117
-218.392
-402.089
-356.899
-350.626
-340.402
-292.158
-247.946
-168.456
-154.473
-93.575
-209.65
119.481
-991.523
-1240.06
-267.81
-218.52
-402.24
-357.27
-351.141
-341.133
-293.006
-249.591
-170.633
-162.173
-90.0474
-204.975
119.877
-984.86
-1240.25
-267.581
-218.492
-402.224
-357.323
-351.281
-341.406
-293.42
-250.125
-171.449
-161.708
-87.5579
-203.322
120.261
-985.005
-1240.58
-267.712
-218.593
-402.421
-357.448
-351.391
-341.493
-293.451
-250.239
-171.211
-163.007
-88.9286
-206.695
122.128
-990.352
-1240.87
-267.864
-218.578
-402.431
-357.259
-351.123
-341.121
-292.991
-249.373
-169.692
-159.611
-94.2664
-209.613
122.947
-1002.23
-1241.34
-268.343
-218.733
-402.619
-357.201
-350.845
-340.573
-292.192
-247.804
-167.029
-150.37
-94.369
-216.035
123.239
-1009.39
-1241.7
-268.684
-218.656
-402.572
-356.935
-350.413
-340.025
-291.735
-247.505
-167.898
-151.151
-93.9392
-217.134
120.921
-1009.18
-1242.25
-269.515
-218.859
-402.764
-356.843
-349.944
-339.261
-290.934
-247.087
-169.054
-154.847
-97.022
-217.027
119.156
-1009.2
-1242.52
-269.846
-218.722
-402.7
-356.637
-349.587
-338.884
-290.696
-247.348
-169.935
-158.88
-97.6715
-218.691
117.381
-1004.71
-1243.09
-270.908
-219.006
-402.884
-356.531
-348.947
-337.856
-289.476
-246.45
-169.319
-161.043
-100.035
-221.776
116.308
-1004.18
-1379.62
-319.786
-228.916
-425.309
-371.546
-357.414
-348.59
-297.082
-271.599
-194.254
-220.472
-126.187
-310.12
154.362
-1318.53
-1379.28
-319.238
-228.794
-425.323
-371.727
-357.969
-349.384
-298.127
-272.22
-195.177
-217.669
-124.613
-305.473
152.494
-1324.02
-1379.19
-319.134
-228.93
-425.484
-371.954
-358.298
-349.695
-298.36
-271.95
-194.655
-214.428
-124.775
-303.023
152.204
-1331.79
-1378.91
-318.733
-228.866
-425.511
-372.139
-358.776
-350.368
-299.171
-272.363
-194.531
-211.766
-123.865
-303.712
145.611
-1326.76
-1378.83
-318.635
-229.02
-425.721
-372.46
-359.233
-350.896
-299.651
-272.642
-193.769
-210.634
-124.802
-302.074
142.06
-1324.77
-1378.86
-318.279
-228.992
-425.757
-372.627
-359.609
-351.499
-300.48
-273.952
-195.143
-216.105
-126.616
-297.77
140.609
-1323.88
-1379.1
-318.099
-229.078
-425.935
-372.926
-360.022
-352.087
-301.222
-275.455
-196.985
-223.818
-123.713
-295.437
136.566
-1315.95
-1379.26
-317.989
-229.076
-425.979
-373.004
-360.201
-352.42
-301.737
-276.18
-197.969
-222.955
-119.56
-297.361
136.493
-1315.09
-1379.54
-318.126
-229.198
-426.187
-373.2
-360.42
-352.69
-301.968
-276.538
-197.952
-224.445
-121.158
-296.784
141.696
-1329.26
-1379.79
-318.195
-229.215
-426.216
-373.167
-360.376
-352.658
-301.863
-276.149
-197.023
-221.472
-127.693
-299.083
144.201
-1344.66
-1380.19
-318.514
-229.363
-426.385
-373.265
-360.355
-352.528
-301.51
-275.328
-195.387
-214.349
-126.461
-308.843
144.02
-1346.99
-1380.48
-318.715
-229.326
-426.354
-373.175
-360.199
-352.407
-301.469
-275.627
-196.503
-215.195
-125.249
-312.962
145.386
-1348.38
-1380.91
-319.276
-229.498
-426.505
-373.227
-360.024
-352.138
-301.124
-275.865
-197.564
-218.935
-127.276
-311.959
150.885
-1355.72
-1381.1
-319.484
-229.416
-426.454
-373.15
-359.88
-352.087
-301.182
-276.595
-198.653
-223.216
-127.362
-314.054
150.356
-1347.52
-1381.53
-320.19
-229.634
-426.586
-373.169
-359.575
-351.622
-300.546
-276.57
-198.683
-226.897
-129.425
-318.532
151.233
-1341.72
-1521.5
-367.339
-244.181
-455.267
-397.119
-379.865
-379.678
-326.84
-327.634
-236.291
-317.153
-161.107
-451.748
197.024
-1801.18
-1521.39
-366.974
-244.11
-455.314
-397.284
-380.341
-380.143
-327.628
-327.098
-236.724
-310.607
-161.496
-450.656
191.809
-1805.6
-1521.46
-366.856
-244.209
-455.464
-397.469
-380.606
-380.248
-327.717
-326.089
-235.927
-304.503
-161.872
-446.687
184.753
-1800.63
-1521.46
-366.524
-244.176
-455.532
-397.642
-381.04
-380.676
-328.379
-325.627
-236.076
-298.39
-165.996
-431.496
182.286
-1811.95
-1521.6
-366.395
-244.292
-455.742
-397.926
-381.449
-381.038
-328.751
-325.284
-235.276
-294.48
-168.584
-418.729
183.725
-1817.74
-1521.69
-366.18
-244.303
-455.836
-398.105
-381.831
-381.564
-329.557
-326.219
-236.415
-298.134
-172.222
-405.514
185.273
-1823.8
-1521.89
-366.16
-244.41
-456.056
-398.4
-382.258
-382.156
-330.357
-327.743
-238.495
-306.036
-171.712
-405.468
175.075
-1805.12
-1522.03
-366.141
-244.444
-456.16
-398.53
-382.517
-382.606
-331.051
-328.888
-240.254
-308.857
-164.88
-416.276
169.046
-1791.3
-1522.26
-366.28
-244.576
-456.378
-398.782
-382.807
-383.02
-331.442
-329.506
-240.356
-309.717
-165.149
-404.334
190.142
-1842.91
-1522.46
-366.36
-244.612
-456.44
-398.846
-382.884
-383.218
-331.527
-329.482
-239.135
-305.962
-170.264
-405.305
201.938
-1867.97
-1522.75
-366.63
-244.749
-456.611
-399.021
-382.971
-383.366
-331.405
-329.338
-237.968
-300.86
-169.662
-422.594
193.665
-1864.4
-1522.95
-366.802
-244.742
-456.619
-399.037
-382.955
-383.569
-331.61
-330.475
-239.331
-303.978
-168.333
-442.583
184.783
-1857.37
-1523.23
-367.219
-244.889
-456.77
-399.168
-382.912
-383.681
-331.549
-331.888
-240.381
-312.027
-165.736
-458.343
184.375
-1842
-1523.36
-367.382
-244.846
-456.754
-399.174
-382.887
-383.922
-331.845
-333.527
-241.896
-319.667
-166.283
-464.681
188.555
-1844.7
-1523.63
-367.878
-245.018
-456.879
-399.255
-382.725
-383.878
-331.603
-334.856
-242.616
-327.688
-167.194
-465.853
190.264
-1839.06
-1667.07
-416.141
-263.506
-492.758
-431.714
-411.675
-424.066
-366.212
-403.737
-280.737
-458.566
-184.25
-718.497
283.268
-2471.81
-1667.08
-415.926
-263.463
-492.816
-431.808
-412.045
-424.057
-366.686
-400.705
-279.858
-439.681
-178.099
-682.041
245.773
-2469.59
-1667.2
-415.837
-263.526
-492.944
-431.927
-412.246
-423.889
-366.657
-398.219
-278.727
-425.822
-181.081
-635.26
266.546
-2544.89
-1667.26
-415.66
-263.527
-493.04
-432.053
-412.624
-423.982
-367.204
-395.833
-278.095
-407.903
-183.694
-581.058
284.578
-2621.57
-1667.41
-415.616
-263.629
-493.247
-432.287
-413.005
-424.168
-367.602
-394.625
-277.548
-399.876
-187.543
-540.985
301.074
-2632.98
-1667.53
-415.531
-263.674
-493.389
-432.47
-413.422
-424.627
-368.559
-395.253
-279.53
-403.559
-194.388
-537.465
293.992
-2623.56
-1667.71
-415.584
-263.797
-493.634
-432.781
-413.9
-425.268
-369.622
-397.129
-283.084
-412.617
-200.501
-534.37
245.895
-2598.32
-1667.87
-415.618
-263.867
-493.787
-432.985
-414.258
-425.855
-370.593
-398.787
-286.442
-419.41
-200.791
-577.184
193.414
-2521.17
-1668.09
-415.762
-264.006
-494.024
-433.299
-414.628
-426.45
-371.174
-399.953
-286.954
-422.217
-200.978
-578.176
209.237
-2593.37
-1668.27
-415.876
-264.073
-494.144
-433.479
-414.828
-426.902
-371.369
-400.305
-284.776
-417.809
-199.476
-559.732
277.339
-2729.06
-1668.49
-416.121
-264.216
-494.349
-433.761
-415.035
-427.377
-371.372
-400.944
-282.99
-413.245
-192.049
-554.806
317.105
-2718.66
-1668.65
-416.294
-264.256
-494.427
-433.922
-415.173
-427.987
-371.761
-403.255
-283.96
-419.073
-188.268
-594.166
288.847
-2695.03
-1668.85
-416.62
-264.407
-494.612
-434.188
-415.298
-428.637
-372.044
-406.902
-286.089
-438.72
-190.488
-651.574
266.125
-2630.66
-1668.95
-416.768
-264.411
-494.65
-434.315
-415.411
-429.299
-372.625
-410.322
-288.181
-455.331
-186.911
-708.525
239.348
-2541.77
-1669.13
-417.128
-264.575
-494.805
-434.531
-415.442
-429.877
-372.88
-414.364
-290.517
-475.899
-195.979
-739.068
275.774
-2548.74
-1818.36
-469.258
-286.86
-538.179
-476.334
-453.54
-482.987
-415.697
-505.454
-331.99
-672.285
-203.517
-1213.5
300.902
-3260.83
-1818.43
-469.151
-286.839
-538.239
-476.315
-453.758
-482.23
-415.68
-498.148
-329.485
-628.315
-200.927
-1000.74
292.58
-3449.75
-1818.58
-469.086
-286.874
-538.342
-476.344
-453.885
-481.672
-415.467
-493.371
-327.518
-597.307
-199.927
-843.301
388.836
-3557.96
-1818.7
-469.004
-286.893
-538.455
-476.391
-454.191
-481.296
-415.938
-488.771
-327.294
-569.401
-201.009
-777.014
420.705
-3687.75
-1818.87
-469.006
-286.974
-538.649
-476.556
-454.539
-481.248
-416.465
-486.838
-327.79
-560.645
-206.092
-823.568
366.829
-3734.27
-1819.03
-468.994
-287.031
-538.817
-476.732
-454.974
-481.586
-417.663
-487.228
-331.034
-565.767
-220.866
-875.167
282.944
-3667.85
-1819.22
-469.068
-287.149
-539.065
-477.044
-455.491
-482.262
-419.104
-489.772
-337.205
-581.966
-237.964
-876.461
162.084
-3556.92
-1819.4
-469.135
-287.238
-539.257
-477.313
-455.934
-482.989
-420.345
-491.948
-341.416
-592.96
-234.401
-991.517
73.0174
-3229.24
-1819.61
-469.281
-287.378
-539.513
-477.69
-456.389
-483.799
-421.145
-493.731
-342.51
-596.861
-237.221
-1009.4
95.8988
-3280.49
-1819.8
-469.419
-287.474
-539.694
-478
-456.722
-484.581
-421.476
-494.824
-339.687
-593.568
-225.291
-980.542
120.008
-3611.59
-1819.99
-469.64
-287.625
-539.938
-478.41
-457.069
-485.477
-421.579
-496.246
-336.801
-585.023
-217.451
-921.205
241.301
-3806.43
-1820.14
-469.818
-287.707
-540.087
-478.742
-457.373
-486.605
-422.148
-500.041
-337.409
-593.532
-213.603
-836.41
369.406
-3756.73
-1820.31
-470.085
-287.868
-540.317
-479.181
-457.703
-487.959
-422.746
-506.104
-338.857
-620.065
-214.566
-890.551
360.182
-3611.39
-1820.4
-470.23
-287.913
-540.415
-479.459
-457.972
-489.184
-423.668
-512.32
-342.016
-655.621
-216.836
-1058.83
261.367
-3515.2
-1820.53
-470.507
-288.08
-540.61
-479.863
-458.258
-490.689
-424.613
-520.916
-346.237
-701.59
-222.398
-1259.26
273.459
-3345.54
-1972.75
-527.775
-313.552
-591.573
-532.027
-507.207
-558.048
-477.663
-629.345
-389.064
-927.876
-218.235
-1863.5
394.952
-4460.62
-1972.87
-527.745
-313.539
-591.641
-531.906
-507.299
-556.498
-477.166
-616.887
-384.052
-844.383
-192.884
-1304.61
340.861
-4751.24
-1973.04
-527.696
-313.547
-591.727
-531.861
-507.378
-555.594
-476.891
-609.711
-381.446
-787.933
-182.114
-1083.62
482.373
-4784.47
-1973.2
-527.676
-313.577
-591.854
-531.851
-507.651
-554.847
-477.59
-604.513
-385.263
-778.077
-212.2
-1137.15
96.8142
-4955.18
-1973.39
-527.7
-313.644
-592.034
-531.965
-507.994
-554.658
-478.444
-602.727
-388.15
-779.738
-226.638
-1313.17
-86.4082
-4561.81
-1973.59
-527.735
-313.715
-592.228
-532.144
-508.465
-554.91
-479.969
-602.859
-393.544
-783.148
-238.238
-1354.2
-46.9835
-4175.19
-1973.8
-527.827
-313.831
-592.481
-532.46
-509.022
-555.615
-481.729
-605.386
-401.649
-796.31
-269.324
-1382.75
-70.3557
-3895.53
-1974.02
-527.935
-313.941
-592.716
-532.8
-509.552
-556.485
-483.182
-607.659
-406.161
-803.101
-274.7
-1414.15
-50.2597
-3636.88
-1974.24
-528.097
-314.091
-592.998
-533.251
-510.091
-557.548
-484.162
-610.019
-407.416
-805.962
-273.895
-1407.07
-37.4523
-3766.98
-1974.44
-528.269
-314.22
-593.239
-533.696
-510.557
-558.729
-484.669
-612.326
-404.321
-807.29
-250.996
-1382.65
-103.413
-4103.87
-1974.63
-528.491
-314.391
-593.527
-534.251
-511.045
-560.165
-484.941
-615.468
-400.509
-807.592
-242.898
-1368.41
-176.909
-4585.24
-1974.8
-528.691
-314.516
-593.748
-534.762
-511.513
-561.885
-485.682
-621.002
-399.979
-816.294
-230.989
-1239.53
-59.8964
-5064
-1974.95
-528.94
-314.699
-594.027
-535.393
-512.04
-564.035
-486.477
-628.924
-397.776
-826.362
-200.688
-1166.9
393.497
-4942.03
-1975.05
-529.1
-314.78
-594.18
-535.828
-512.459
-565.923
-487.774
-638.956
-402.401
-893.743
-218.987
-1406.13
282.965
-4868.22
-1975.15
-529.345
-314.966
-594.425
-536.446
-513.01
-568.59
-489.595
-654.15
-410.242
-986.999
-248.757
-1993.37
331.376
-4622.45
-2130.64
-597.678
-344.006
-652.886
-597.707
-570.142
-643.738
-549.011
-760.204
-445.675
-1148.77
-168.024
-2288.84
809.223
-6073.07
-2130.76
-597.675
-343.985
-652.931
-597.489
-570.111
-641.561
-548.149
-744.314
-439.488
-1044.61
-138.209
-1563.74
635.562
-6337.74
-2130.93
-597.616
-343.966
-652.985
-597.373
-570.146
-640.408
-547.995
-735.338
-437.645
-961.351
-144.368
-1367.89
737.242
-6290.44
-2131.09
-597.612
-343.986
-653.101
-597.304
-570.393
-639.423
-549.132
-730.606
-447.931
-975.295
-203.662
-1471.55
-199.457
-6565.83
-2131.28
-597.625
-344.025
-653.25
-597.363
-570.729
-639.188
-550.531
-730.085
-456.181
-998.378
-258.708
-1761.25
-492.519
-5726.71
-2131.49
-597.667
-344.087
-653.444
-597.532
-571.226
-639.392
-552.497
-730.164
-465.353
-997.907
-284.665
-1647.49
-134.169
-4864.85
-2131.7
-597.747
-344.181
-653.679
-597.833
-571.781
-640.099
-554.438
-732.508
-474.291
-1007.08
-309.717
-1706.39
-133.755
-4381.93
-2131.92
-597.862
-344.29
-653.93
-598.22
-572.358
-641.079
-556.043
-734.739
-479.615
-1010.88
-329.668
-1714
-67.1167
-4171.57
-2132.13
-598.015
-344.431
-654.215
-598.721
-572.922
-642.342
-557.001
-737.581
-480.091
-1014.75
-319.677
-1710
-117.591
-4401.14
-2132.34
-598.193
-344.573
-654.49
-599.273
-573.461
-643.839
-557.519
-740.557
-476.562
-1015.49
-301.545
-1657.54
-163.849
-4943.73
-2132.53
-598.402
-344.748
-654.8
-599.943
-574.016
-645.742
-557.655
-745.289
-470.202
-1025.16
-278.981
-1787.94
-549.292
-5860.1
-2132.7
-598.609
-344.897
-655.066
-600.603
-574.565
-647.9
-558.106
-751.133
-464.916
-1018.59
-227.196
-1562.05
-278.713
-6806.82
-2132.85
-598.844
-345.093
-655.381
-601.403
-575.219
-650.738
-558.734
-760.398
-456.579
-1014.3
-165.219
-1467.26
688.34
-6653.94
-2132.95
-599.012
-345.199
-655.575
-601.977
-575.727
-653.176
-560.032
-773.552
-460.482
-1113.82
-165.458
-1701.1
608.232
-6709.74
-2133.05
-599.239
-345.402
-655.862
-602.795
-576.496
-656.885
-562.473
-794.004
-470.141
-1237.85
-200.815
-2511.46
762.52
-6403.67
-2278.69
-678.659
-379.686
-721.955
-678.525
-648.944
-751.054
-638.253
-920.488
-511.94
-1449.95
-63.298
-3050.91
1412.36
-7813.84
-2278.85
-678.703
-379.671
-721.993
-678.228
-648.841
-748.346
-637.177
-900.36
-504.518
-1304.34
-34.3473
-2012.75
1214.16
-8253.39
-2279.04
-678.655
-379.631
-722.019
-678.039
-648.826
-746.985
-637.122
-890.208
-503.335
-1204.94
-48.8796
-1834.08
1273.31
-7955.27
-2279.24
-678.693
-379.653
-722.128
-677.907
-649.026
-745.722
-638.424
-883.765
-516.153
-1199.26
-109.528
-1786.17
184.613
-8383.24
-2279.45
-678.731
-379.677
-722.242
-677.896
-649.303
-745.426
-640.241
-884.225
-530.806
-1241.27
-208.897
-2400.15
-878.97
-7540.29
-2279.69
-678.816
-379.745
-722.429
-678.044
-649.771
-745.675
-642.592
-885.793
-546.094
-1257.45
-304.533
-2206.84
-343.412
-6444.82
-2279.93
-678.927
-379.837
-722.637
-678.317
-650.254
-746.41
-644.6
-888.452
-556.884
-1263.92
-342.753
-2136.44
-127.81
-5330.82
-2280.18
-679.084
-379.963
-722.894
-678.735
-650.822
-747.574
-646.33
-891.791
-563.735
-1273.01
-368.944
-2174.37
-82.2172
-5167.94
-2280.42
-679.267
-380.116
-723.171
-679.277
-651.352
-749.077
-647.237
-895.372
-563.988
-1276.36
-360.209
-2150.47
-176.584
-5679.7
-2280.66
-679.486
-380.288
-723.47
-679.928
-651.928
-750.967
-647.832
-899.939
-560.172
-1285.07
-338.571
-2263.93
-547.028
-7058.74
-2280.88
-679.723
-380.491
-723.793
-680.721
-652.508
-753.438
-647.834
-906.316
-549.642
-1286.23
-249.446
-2329.8
-810.395
-8200.95
-2281.07
-679.966
-380.678
-724.094
-681.539
-653.121
-756.237
-648.145
-914.656
-539.49
-1283.13
-154.688
-1899.13
356.927
-8928.43
-2281.23
-680.223
-380.912
-724.439
-682.535
-653.881
-760.114
-649.02
-929.702
-530.311
-1316.22
-98.395
-2033.98
1247.8
-8628.05
-2281.34
-680.415
-381.048
-724.659
-683.256
-654.456
-763.269
-650.447
-946.931
-533.895
-1443.58
-90.4989
-2315.69
1157.69
-9018.56
-2281.45
-680.657
-381.292
-724.983
-684.297
-655.397
-768.284
-653.636
-975.935
-546.861
-1628.42
-134.511
-3527.46
1337.2
-8463.53
-2423.89
-778.805
-421.348
-799.663
-767.955
-731.356
-859.121
-727.749
-1071.73
-587.78
-1672.73
-69.1749
-3134.86
1989.4
-10903.7
-2424
-778.812
-421.276
-799.645
-767.518
-731.057
-855.925
-725.904
-1051.11
-578.972
-1552.08
-57.909
-2397.44
1975.04
-11578.1
-2424.12
-778.725
-421.189
-799.626
-767.233
-730.96
-854.381
-725.777
-1041.81
-579.181
-1489.9
-84.6868
-2399
1891.98
-11332.5
-2424.26
-778.707
-421.152
-799.679
-766.995
-730.998
-852.794
-726.259
-1033.12
-585.621
-1448.22
-100.221
-2120.57
1801.16
-11671.6
-2424.4
-778.668
-421.108
-799.727
-766.886
-731.158
-852.358
-727.899
-1032.89
-599.872
-1468.15
-186.207
-2413.22
-257.627
-11566.4
-2424.57
-778.676
-421.116
-799.861
-766.982
-731.511
-852.646
-729.927
-1035.75
-615.093
-1506.64
-295.246
-2785.57
-660.444
-10236.3
-2424.75
-778.697
-421.14
-800.002
-767.192
-731.865
-853.363
-731.761
-1038.47
-627.284
-1512.81
-358.942
-2649.94
-131.822
-8163.36
-2424.95
-778.774
-421.212
-800.212
-767.59
-732.327
-854.537
-733.151
-1041.65
-633.272
-1519.29
-374.009
-2639.8
5.75419
-7660.8
-2425.15
-778.872
-421.309
-800.43
-768.114
-732.713
-856.063
-733.589
-1044.89
-632.521
-1520.76
-377.824
-2698.14
-267.718
-9293.43
-2425.35
-779.023
-421.444
-800.699
-768.789
-733.201
-857.946
-733.737
-1048.02
-626.046
-1511.13
-322.451
-2683.27
-788.963
-11744
-2425.54
-779.192
-421.612
-800.983
-769.641
-733.689
-860.706
-733.306
-1054.92
-612.608
-1502.2
-206.091
-2281.19
266.884
-12690
-2425.72
-779.39
-421.785
-801.272
-770.555
-734.254
-863.9
-733.305
-1065.67
-602.035
-1533.23
-141.184
-2294.38
2059.48
-12873.4
-2425.87
-779.601
-422.01
-801.605
-771.709
-735.039
-868.615
-734.422
-1085.93
-596.798
-1615.31
-109.109
-2652.81
2072.68
-12557.4
-2425.97
-779.771
-422.15
-801.822
-772.543
-735.58
-872.186
-735.441
-1103.73
-596.819
-1715.65
-80.2235
-2798.97
1977.58
-13054.4
-2426.07
-779.987
-422.405
-802.155
-773.791
-736.625
-878.135
-738.847
-1135.77
-608.345
-1906.57
-100.66
-4166.6
1850.63
-11657.5
-2510.14
-913.236
-479.838
-872.261
-893.067
-847.101
-1025.67
-856.827
-1327.01
-690.838
-2187.22
46.6505
-4904.24
3745.11
-13418.5
-2510.34
-913.356
-479.756
-872.25
-892.353
-846.799
-1021.94
-855.998
-1308.21
-691.143
-2086.5
20.1516
-4489.39
3116.78
-13429.7
-2510.57
-913.323
-479.612
-872.152
-891.764
-846.405
-1019.72
-855.317
-1300.29
-695.499
-2061.41
-61.0406
-4498.8
1832.2
-13741
-2510.83
-913.413
-479.54
-872.136
-891.173
-846.016
-1017.26
-854.447
-1291.88
-703.948
-2036.7
-201.466
-4455.49
2077.91
-13615.6
-2511.09
-913.478
-479.437
-872.035
-890.655
-845.471
-1015.52
-853.024
-1285.46
-701.691
-1971.57
-176.145
-3482.28
1171.3
-15214.5
-2511.39
-913.613
-479.416
-872.034
-890.408
-845.056
-1014.93
-851.307
-1288.29
-696.838
-2035.03
-165.556
-4206.05
423.655
-14081
-2511.68
-913.757
-479.413
-872.003
-890.286
-844.622
-1014.63
-850.297
-1287.34
-702.561
-2016.17
-277.901
-4065.17
779.553
-11555.1
-2511.99
-913.962
-479.485
-872.083
-890.458
-844.499
-1015.2
-849.616
-1288.92
-700.795
-2011.61
-264.367
-3928.64
842.912
-10770.2
-2512.28
-914.182
-479.601
-872.159
-890.861
-844.393
-1016.73
-849.554
-1294.43
-707.167
-2030.18
-305.059
-4100.62
228.839
-13705.5
-2512.57
-914.448
-479.775
-872.344
-891.495
-844.703
-1018.68
-850.613
-1298.25
-711.163
-2021.27
-285.338
-4050.11
-425.076
-16861.6
-2512.83
-914.72
-480.003
-872.524
-892.442
-844.93
-1022.32
-850.743
-1311.41
-709.138
-2053.73
-267.004
-3610.67
1458.67
-17111.9
-2513.07
-915.006
-480.241
-872.747
-893.494
-845.384
-1026.5
-851.283
-1331.11
-702.8
-2193.64
-198.669
-5077.22
1558.38
-16064.9
-2513.27
-915.291
-480.555
-872.993
-894.895
-845.905
-1032.61
-851.946
-1357.6
-694.004
-2275.36
-81.773
-4973.32
1917.38
-16153.9
-2513.4
-915.51
-480.752
-873.148
-895.898
-846.272
-1037.09
-852.426
-1379.69
-689.12
-2383.88
-20.3194
-5219.78
2637.89
-15893.9
-2513.53
-915.775
-481.111
-873.402
-897.45
-846.97
-1044.65
-854.56
-1419.74
-696.168
-2592.97
-32.1466
-6075.82
2645.46
-15187
-2761.1
-3744.89
-4575.23
-5632.71
-6839.74
-8317.81
-10154.6
-12387.4
-15445.9
-18987.6
-25878.3
-28559.6
-52833
-44673.4
-143686
-1022.7
-1177.35
-1228.58
-1445.9
-1705.62
-2062.33
-2592.38
-3234.61
-4388.58
-5563.79
-8475.37
-11655.1
-15897.4
-27056.2
-15790.8
-595.717
-740.777
-862.196
-1093.71
-1338.7
-1678.85
-2123.11
-2742.8
-3588.92
-4954.63
-6720.07
-10349.9
-12813.9
-25452.4
-1739.89
-983.667
-1251.45
-1489.28
-1818.29
-2179.85
-2651.41
-3235.25
-4001.17
-5068.29
-6556.05
-8736.17
-11297.1
-14166.1
-18685.7
-14361
-1009.67
-1254.13
-1465.23
-1763.95
-2101.49
-2551.96
-3099.11
-3830.87
-4881.98
-6267.51
-8016.98
-9628.18
-10319
-11256.7
-9594.45
-943.072
-1184.49
-1388.51
-1659.72
-1958.61
-2350.57
-2782.33
-3408.34
-4357.94
-5585.84
-7060.05
-7625.03
-8764.34
-4157.68
-3246.67
-1138.97
-1420.91
-1639.21
-1939.9
-2292.38
-2784.2
-3289.41
-4145.53
-5480.67
-7052.01
-8147.38
-8405.64
-8997.26
-6499.69
-11959.3
-928.102
-1216.83
-1374.86
-1589.98
-1876.17
-2215.61
-2502.31
-3766.12
-5273.54
-6487.87
-6988.49
-7395.16
-7372.02
-5671.51
-2497.19
-1447.2
-1770.39
-1849.73
-2195.74
-2572.78
-3135.86
-4207.78
-6067.18
-8059.55
-9732.81
-9714.25
-8803.14
-8268.23
-5252.68
-21106
-717.481
-1206.84
-1142.93
-1376.04
-1987.84
-3137.81
-4598.13
-5490.03
-5748.66
-6107.14
-6023.12
-8267.88
-6127.81
-15148.8
-3669.38
-2337.55
-2484.71
-1847.43
-3244.58
-5338.01
-7788.88
-6662.87
-8390.72
-11148.7
-12600.8
-13297
-14477.9
-11570
-18040.4
-17886
-63.4827
-1125.49
-747.382
-1179.09
-679.942
-3213.91
-2191.43
-2864.72
-2601.6
-5077.81
-7414.26
-9533.39
-3391.97
-18391.8
-10535.3
-5714.01
-4126.4
-4450.28
-12870.6
-20577.8
-12276.8
-6101.51
-22030.3
-35495.6
-28957.7
-26896.2
-27975.9
-29382.8
-25175.5
-18084.4
1859.65
2396.54
4647.83
2873.11
1197.69
1527.4
4823.96
5745.6
-617.264
-1805.7
-110.378
9464.84
7227.38
-7385.22
-808.024
-21641.8
-31085.2
-36062.1
-32236.1
-23549.5
-37371.3
-44432.5
-39184.5
-28084.3
-31618.2
-45281.9
-71827.8
-69499.3
-110524
-31311.5
-2761.03
-3745.53
-4574.68
-5634.47
-6837.8
-8321.89
-10149.8
-12395.6
-15437
-18982.7
-25929
-28556.1
-52790.4
-44727.8
-141854
-1022.63
-1177.65
-1227.91
-1446.61
-1703.34
-2063.8
-2587.5
-3237.12
-4386.46
-5561.28
-8474.57
-11674.6
-15935.8
-27081.2
-16949
-595.44
-740.243
-860.944
-1091.89
-1335.61
-1673.92
-2115.83
-2730.49
-3570.9
-4927.68
-6684.44
-10351.4
-12672.9
-25390.1
-2453.59
-983.754
-1251.3
-1488.96
-1817.94
-2178.45
-2648.64
-3228.2
-3983.37
-5026.07
-6500.11
-8645.61
-11279.5
-13939.5
-19189.8
-14510.9
-1008.55
-1251.28
-1460.11
-1754.98
-2085.02
-2524.46
-3043.14
-3728.71
-4713.91
-6063.29
-7779.92
-9511.32
-10033.9
-11578.3
-2517.4
-943.173
-1182.91
-1387.6
-1657.67
-1951.82
-2333.23
-2733.57
-3277.98
-4137.21
-5366.99
-6872.4
-7580.19
-8606.15
-4392.32
-7561.63
-1133.32
-1408.42
-1620.2
-1897.28
-2218.74
-2655.56
-2948.88
-3583.55
-4810.08
-6383.42
-7545.91
-8049.24
-8568.4
-6234.96
-15813.4
-928.126
-1207.76
-1370.77
-1571.88
-1836.58
-2050.18
-2136.07
-3264.95
-4923.24
-6358.49
-6868.77
-7147.73
-6954.53
-5578.43
-6323.25
-1418.09
-1722.26
-1787.25
-1958.95
-2274.22
-2587.8
-3635.95
-6044.82
-8537.45
-10148.4
-9602.78
-8704.42
-7853.08
-4369.07
-27626.6
-720.673
-1171.78
-1063.02
-1273.57
-1798.03
-2564.77
-4806.99
-6188.17
-6529.31
-6473.54
-5097.27
-6978.54
-5306.45
-14236.8
-10617.8
-2222.17
-2297.39
-1616.81
-2452.73
-3856.64
-6815.18
-7681
-9152.99
-11271.2
-13082.5
-12549.2
-14009.9
-11834.6
-16548.5
-17586.1
-126.605
-1101.02
-827.385
-805.175
-402.308
-3847.36
-3610.24
-3883.9
-3663.04
-7230.96
-7346.42
-9385.6
-6116.72
-16732
614.085
-6066.5
-3147.65
-4302.65
-10789.9
-22731.7
-16309.2
-7648.53
-19429.3
-32103.7
-27884.1
-24367.8
-25780.3
-26607.3
-25090.1
-5418.63
1194.24
3097.23
6347.46
3864.78
-1114.33
-1956.5
2452.63
3838.74
-1897.6
-4349.59
-878.775
1268.61
-3825.8
-17961.7
8085.85
-22645.6
-31910.2
-32900.8
-31664.5
-25060.7
-36042.6
-44774.1
-43258.1
-32178
-35729.6
-42147.2
-54721.1
-58604
-105036
-32968.7
-2760.91
-3746.22
-4573.79
-5636.26
-6835.15
-8326.38
-10143.7
-12404.5
-15429.7
-18978.7
-26018.9
-28540.2
-52988.8
-44849.1
-143365
-1022.46
-1177.58
-1227.11
-1446.23
-1701.11
-2062.46
-2583.45
-3233.49
-4389.45
-5545.44
-8474.36
-11685
-15823.6
-27276.1
-16198.1
-595.206
-739.71
-860.032
-1090.15
-1333.6
-1669.4
-2111.86
-2722.36
-3563.54
-4913.97
-6669.67
-10360.1
-12592.2
-25226.3
-1905.05
-983.722
-1250.92
-1488.22
-1816.78
-2176.43
-2644.82
-3222.99
-3975.2
-5009.47
-6485.56
-8622.43
-11278.5
-13900.5
-18752.7
-14757.5
-1007.82
-1249.23
-1456.43
-1748.99
-2074.76
-2507.01
-3015.37
-3688.67
-4645.32
-5988.9
-7686.05
-9513.81
-9935.79
-11761.4
-4467.49
-943.127
-1181.06
-1385.52
-1655.09
-1946.69
-2324.46
-2724.46
-3218.85
-4047.79
-5332.1
-6855.13
-7654.72
-8324.21
-4672.31
-7131.19
-1130.89
-1401.27
-1610.58
-1880.07
-2187.97
-2602.78
-2802.54
-3403.8
-4580.13
-6090.5
-7245.99
-7834.71
-8204.77
-6085.79
-13689.5
-928.45
-1197.68
-1367.88
-1567.25
-1834.53
-2049.62
-2174.57
-3145.01
-4637.43
-6063.82
-6623.88
-6980.96
-6679.15
-5729.64
-5984.99
-1404.51
-1697.02
-1777.88
-1921.66
-2255.33
-2501
-3283.84
-5372.65
-7783.76
-9247.97
-8840.63
-8553.36
-8006.75
-4626.98
-25988.7
-724.675
-1104.08
-1094.82
-1268.92
-1899.83
-2430.79
-4037.77
-5430.03
-6004.42
-5451.39
-4150.42
-6562.43
-4779.35
-14054.7
-10105.5
-2051.25
-2132.75
-1679.43
-1950.53
-3046.78
-5476.39
-6738.33
-8720.92
-11597.9
-13137.3
-11629.1
-14447.3
-12606.6
-15038.9
-16018.3
-98.6103
-889.926
-211.059
-433.073
-2014.5
-5241
-4650.2
-4572.35
-5518.18
-8631.93
-7631.85
-10532.6
-8647.06
-14584.8
14801.9
-4555.72
-2752.74
-4026.98
-6988.28
-16444.3
-13693
-9440.81
-17513.1
-31631
-26390
-22219.1
-28700
-25833.7
-18682.4
-2002.08
1457.62
5154.75
-165.34
2435.39
-1027.77
1156.16
4641.5
3782.59
-2625.57
-10738.3
-3264.12
4933.39
-409.199
-17054.4
11375.8
-27164.6
-31715.3
-36101.5
-34397.2
-34457.9
-43346.6
-42329.2
-45690.7
-38164.3
-50195
-53129
-49565.7
-55056.9
-104544
-40541.4
-2760.79
-3747.06
-4572.7
-5638.49
-6831.61
-8331.79
-10135.7
-12414.8
-15421
-18975.4
-26098.2
-28594.1
-53082.2
-45101.7
-144273
-1022.31
-1177.76
-1226.28
-1446.5
-1698.51
-2062.74
-2578.66
-3234.55
-4394.09
-5541.24
-8494.15
-11714.1
-15819.2
-27442.7
-15846
-594.969
-739.195
-858.868
-1088.35
-1330.91
-1664.76
-2106.7
-2715.76
-3556.49
-4906.97
-6660.62
-10402.5
-12567.4
-25112.5
-1595.99
-983.775
-1250.63
-1487.47
-1815.85
-2174.21
-2640.61
-3217.22
-3970.5
-4995.88
-6476.72
-8596.42
-11294.1
-13816.5
-18571.4
-14515.7
-1007.06
-1246.74
-1451.59
-1741.33
-2061.05
-2484.13
-2982.78
-3643.31
-4567.32
-5911.52
-7583.97
-9536.3
-9802.87
-12207.7
-2044.08
-943.051
-1178.78
-1382.86
-1653.13
-1939.51
-2309.97
-2714.6
-3184.95
-3986.21
-5314.05
-6848.96
-7751.75
-8236.59
-4727.44
-4395.93
-1128.36
-1392.57
-1596.93
-1859.34
-2144.56
-2536.57
-2707.84
-3234.64
-4348.66
-5894.26
-7093.01
-7796.51
-7908.23
-5868.76
-10859.8
-927.603
-1183.93
-1360.75
-1571.91
-1814.24
-2051.07
-2169.14
-3055.46
-4482.78
-6069.72
-6781.77
-7013.91
-6345.4
-5802.64
-3883.8
-1390.16
-1673.36
-1770.02
-1923.39
-2220.38
-2317.33
-2992.61
-4979.29
-7401.06
-8915.96
-8627.93
-8049.1
-7628.65
-4467.25
-20839.9
-726.442
-1028.99
-1123.44
-1395.61
-1910.61
-2032.4
-3186.63
-4778.97
-5708.21
-5317.17
-4195.83
-6419.79
-5252.86
-13625
-2902.85
-1819.35
-2089.99
-1979.92
-2366.8
-2612.9
-3689.37
-5765.17
-8428.64
-11537.5
-12140.6
-11779.5
-16139
-15215.8
-16231.4
-8795.64
61.4166
-535.145
-567.825
-1947.82
-1871.57
-3990.26
-4513.27
-4934.27
-7530.57
-7565.52
-7221.88
-11799
-9779.77
-10825.1
26774.3
-3305.29
-3907.41
-9126.09
-6181.87
-7326.77
-9845.5
-9971.46
-14480.8
-24962.8
-17932.7
-17935.8
-31518.2
-24483.3
-14764.5
-2302.63
4341.78
4735.73
-3705.97
-1316.37
4659.34
7281.7
4663.05
3971.06
856.332
-4863.75
4111.73
6536.4
-780.972
-12875.1
4650.34
-27440.2
-31562.2
-29296
-35184.7
-35573.2
-41403
-43848.3
-50155.1
-48287
-64809
-67402.4
-55791
-66833.1
-104113
-59420.5
-2760.65
-3747.89
-4571.34
-5640.78
-6827.57
-8337.59
-10126.7
-12425.5
-15414.4
-18978.2
-26158
-28710.8
-53286.3
-45309.4
-145167
-1022.11
-1177.9
-1225.35
-1446.58
-1695.77
-2062.58
-2574.03
-3235.65
-4403.61
-5546.86
-8538.53
-11705.5
-15817.4
-27650.7
-16139.7
-594.741
-738.676
-857.781
-1086.47
-1328.6
-1660.2
-2103.32
-2713.37
-3561.2
-4921.83
-6675.27
-10461.6
-12604.2
-25010.1
-1324.36
-983.712
-1250.15
-1486.29
-1814.07
-2171.1
-2634.85
-3211.56
-3979.4
-5018.42
-6530.15
-8648.68
-11357.6
-13889
-18065.5
-13634.4
-1006.49
-1244.67
-1447.41
-1734.76
-2050.13
-2464.27
-2967.45
-3655.13
-4604.11
-5998.81
-7636.68
-9697.01
-9900.99
-12403.3
284.255
-942.754
-1176.63
-1379.11
-1648.68
-1929.12
-2289.18
-2723.78
-3308.45
-4168.56
-5508.49
-6958.84
-7968.78
-8262.38
-4572.96
-1890.49
-1127.52
-1387.02
-1586.96
-1845.35
-2113.4
-2480.25
-2832.75
-3462.42
-4562.42
-6104.43
-7109.64
-7832.2
-7592.87
-5861.7
-8547.7
-926.266
-1176.51
-1352.7
-1566.51
-1768.81
-2023.92
-2381.26
-3282.27
-4558.35
-6049.01
-6569.4
-6777.16
-5974.84
-6250.43
-2014.28
-1392.22
-1667.45
-1763.55
-1916.45
-2086.69
-2423.19
-2944.09
-4537.95
-6560.08
-8010.35
-7839.95
-7082.76
-6911.93
-4069.7
-16025.5
-712.162
-1015.21
-1136.16
-1358.06
-1902.67
-2062.79
-2402.75
-3757.08
-4822.89
-5178.25
-4652.93
-6603.83
-5442.58
-12640.8
6550.18
-1848.75
-2155.76
-2049.79
-2393.57
-2709.77
-3012.28
-4597.88
-7755.44
-10138.3
-12013
-13430.3
-15039.3
-17096.4
-16599.3
1009.84
148.7
-614.656
-453.543
-1026.56
-2377.02
-3085.85
-4678.52
-5924.98
-7221.63
-7764.8
-8674.17
-8619.86
-8998.97
-7785.17
33281.1
-2833.79
-5536.81
-7540.57
-6514.33
-5684.43
-9679.25
-15067.2
-14105.7
-16803.9
-13147.8
-19173.5
-32059.1
-17435.4
-20498.6
-5114.01
1530.12
571.044
-1623.96
-5492.42
-1124.49
3960.04
608.145
717.017
3574.3
7986.76
13778.1
5230.37
3548.44
3710.98
-2069.99
-29752.6
-30126
-25473.7
-32940.6
-39145.7
-43557.1
-40891.1
-52861.9
-55326.9
-65974.3
-65045.9
-59899.7
-75365.6
-95897.3
-81910.9
-2760.55
-3748.8
-4569.84
-5643.33
-6822.83
-8344.58
-10116.6
-12439.9
-15407.5
-18995.3
-26189.6
-28867.7
-53495.4
-45546.4
-146066
-1021.93
-1178.16
-1224.48
-1447.05
-1693.01
-2063.35
-2569.18
-3238.8
-4412.13
-5560.89
-8596
-11683.9
-15808
-27894.3
-16449.1
-594.584
-738.269
-856.776
-1084.83
-1326.34
-1656.25
-2100.49
-2713.25
-3568
-4943.41
-6696.97
-10536.1
-12743.3
-25081.1
-1167.14
-983.733
-1249.79
-1485.26
-1812.48
-2167.88
-2629.33
-3204.79
-3986.21
-5035.06
-6581.76
-8699.93
-11433.3
-14073
-17428
-12537.7
-1006.28
-1242.98
-1443.62
-1728.53
-2039.46
-2446.9
-2951.61
-3663.62
-4628.3
-6077.92
-7685.58
-9917.36
-10203.5
-12654.3
9.28441
-942.532
-1174.3
-1375.37
-1644.13
-1917.91
-2265.93
-2708.07
-3355.76
-4272.72
-5664.6
-7047.01
-8262.1
-8385.94
-4553.16
-447.217
-1128.84
-1383.31
-1577.95
-1831.15
-2080.48
-2432.11
-2855
-3619.3
-4718.02
-6263.68
-7092.79
-7965.31
-7260.12
-6335.09
-6427.69
-925.131
-1164.82
-1340.03
-1566.14
-1721.93
-1928.23
-2346.57
-3305.59
-4567.91
-5956.38
-6355.33
-6679.85
-5689.72
-7138.14
-172.207
-1417.28
-1676.68
-1765
-1908.61
-1960.56
-2400.32
-3157.95
-4823.4
-6838.43
-7902.02
-6751.79
-6179.08
-6167.36
-3443.88
-10859.1
-707.14
-969.549
-1127.43
-1546.33
-1919
-2208.43
-2629.48
-3826.14
-4536.15
-5371.51
-4764.2
-6794.09
-6006.63
-11597.2
13097.5
-2234.22
-2427.27
-2341.51
-2611.68
-2711.45
-3729.16
-5284.64
-8063.34
-10210.2
-9864.28
-11255.5
-14691.7
-18015
-16892.8
5549.25
-8.05521
-445.205
-1080.95
-2225.87
-2416.42
-3834.51
-3806.4
-4576.83
-6463.97
-7729.63
-6396.93
-7006.64
-9705.92
-8847.48
30248.9
-5472.67
-6009.93
-7540.83
-4157.72
-5328.95
-10155.7
-10599.7
-20748.2
-19576.6
-22356.5
-27060.1
-33671.6
-15101.6
-24186
-11209.3
-1043.5
-1436.35
-2474.99
-429.004
5440.89
6113.45
5934.16
-1170.13
-1999.94
-3348.3
1433.69
1338.46
11089.5
21336.4
-5872.58
-23775.7
-24316.1
-24105.2
-33505
-36816.6
-40593.4
-42783.2
-39115.8
-47776.9
-53645.4
-58288
-63724.9
-82428.3
-89511.3
-95202.7
-2760.45
-3749.66
-4568.22
-5645.95
-6817.64
-8351.99
-10105
-12456.5
-15400.2
-19028.7
-26190.4
-29062.8
-53713.1
-45739
-146923
-1021.74
-1178.44
-1223.59
-1447.65
-1690.36
-2064.73
-2564.29
-3243.08
-4418.76
-5583.57
-8664.93
-11658.6
-15826.2
-28192.1
-16859.9
-594.458
-737.921
-855.885
-1083.32
-1324.24
-1652.59
-2098.21
-2713.98
-3576.97
-4972.87
-6728.25
-10626.6
-12979.6
-25345
-1348.48
-983.677
-1249.32
-1484.01
-1810.41
-2163.83
-2623.37
-3197.35
-3992.8
-5050.98
-6644.32
-8760.14
-11533.6
-14337.2
-16618
-11497.1
-1006.16
-1241.6
-1440.48
-1722.97
-2029.01
-2430.02
-2934.13
-3667.99
-4648.73
-6168.13
-7736.09
-10210.1
-10639
-12981.2
-2854.78
-942.143
-1171.94
-1370.91
-1636.64
-1900.29
-2236.95
-2684.92
-3378.54
-4339.94
-5814.97
-7105.35
-8656.51
-8587.97
-4831.72
-1559.95
-1129.41
-1379.61
-1571.03
-1816.71
-2037.67
-2358.44
-2811.31
-3642.06
-4767.48
-6304.2
-6902.14
-8323.79
-7074.75
-7362.14
-5537.25
-924.37
-1156.05
-1327.7
-1537.61
-1600.95
-1766.82
-2276.43
-3217.03
-4421.24
-5772.41
-6031.77
-7173.26
-5814.78
-8577.07
1247.24
-1420.95
-1664.55
-1763.21
-1853.46
-1655.35
-2147.84
-3018.26
-4495.92
-5906.28
-6847.9
-6669.61
-7219.94
-6028.08
-3395.13
-5843.08
-712.654
-943.341
-1157.19
-1313.12
-1432.17
-1889.38
-2446.98
-3624.1
-4383.92
-5209.21
-5858.39
-7905.48
-4942.39
-9588.95
14097.3
-2212.54
-2377.61
-2573.88
-1978
-2674.45
-3925.44
-5077.97
-6940.94
-8640.07
-10809.9
-12989.8
-14420.7
-14927.5
-14512.9
2651.77
-79.5688
-726.345
-1200.39
-1475.48
-1443.13
-3001.72
-3924.51
-6280.17
-7543.86
-8981.78
-8689.4
-8894.92
-8250.37
-8456.43
15591.6
-4530.43
-6240.83
-5594.69
-6074.01
-7588.85
-11283.2
-14134.9
-14388.1
-17326.6
-17748.7
-19021.9
-23608.5
-20148.2
-30462.1
-20752.2
-83.2329
-1000.98
-2987.47
-3199.02
-8476.82
-8971.92
-4557.01
1919.63
5832.79
6055.04
11241.2
10769.3
21818.4
29432.6
-15214.6
-19285.6
-23244.6
-31913.7
-39450.2
-44043.2
-47561.8
-47718.6
-47585.5
-54462.6
-66501.9
-70720.3
-80644.8
-75736.5
-89266.7
-99799
-2760.4
-3750.51
-4566.59
-5648.61
-6812.1
-8360.08
-10092
-12477
-15390.2
-19083.6
-26157
-29297.3
-53899.3
-45928.5
-147656
-1021.6
-1178.82
-1222.8
-1448.61
-1688.05
-2067.5
-2559.81
-3250.94
-4419.77
-5615.79
-8722.83
-11654.5
-15850.1
-28548.6
-16933
-594.407
-737.704
-855.167
-1082.16
-1322.43
-1649.96
-2097.04
-2717.14
-3588.26
-5008.96
-6767.19
-10734.8
-13275.2
-25832
-1945.64
-983.714
-1249.03
-1483.1
-1808.62
-2160.18
-2618.99
-3191.77
-4001.19
-5061.02
-6706.33
-8813.83
-11673.4
-14627.2
-15982.9
-10780.4
-1006.26
-1240.66
-1437.98
-1717.93
-2020.52
-2419.55
-2925.71
-3680.58
-4667.47
-6270.27
-7815.2
-10625.7
-11145.6
-13803.2
-7522.35
-941.91
-1170.1
-1367.22
-1628.83
-1888.67
-2223.2
-2677.93
-3401.5
-4382.86
-5952.12
-7218.79
-9302.93
-8931.88
-6240.53
-6273.75
-1130.25
-1377.08
-1563.91
-1800.87
-2016.66
-2344.55
-2831.42
-3710.17
-4852.24
-6536.04
-7232.15
-9334.07
-7364.96
-9678.64
-6549.01
-923.407
-1147.69
-1308.7
-1508.29
-1589.33
-1767.91
-2286.31
-3270.02
-4493.47
-6072.84
-6437.41
-8135.76
-6219.85
-10747.1
1215.98
-1427.12
-1659.43
-1746.1
-1829.11
-1637.12
-2100.31
-3033.49
-4652.42
-6277.2
-7551.34
-7446.87
-8814.21
-6776.98
-5465.07
-5929.83
-714.088
-904.54
-1037.17
-1305.12
-1021.69
-1265.43
-2034.92
-3554.77
-4652.77
-5951.15
-6576.03
-9350.49
-5278.37
-10077.1
7548.44
-2256.13
-2374.81
-2509.79
-1700.75
-2660.55
-4020.69
-5292.49
-7429.5
-8210.68
-11145.4
-14913.9
-16931.3
-13945.1
-15117
-7789.38
-113.076
-542.531
-1163.59
-1000.31
-1924.71
-3184.15
-4117.07
-7993.78
-8025.61
-11495.6
-11760.4
-12554.6
-11896.5
-14182.8
-8115.49
-4456.98
-6036.88
-8333.25
-14289.7
-17889.5
-19033.5
-22759.4
-16773.9
-15441.9
-20264.6
-25575.6
-32239.6
-37680.8
-45051.9
-30740.2
168.226
-1101.26
-2642.58
-5295.1
-9833.27
-10044.8
-13207.9
-9328.48
3794.34
12528
16536.5
20963.4
20924.7
27795.5
-28521.5
-18286.4
-23026.3
-27333.1
-31149.9
-29025.4
-30183.8
-37340.2
-52862.1
-58174.9
-61760.8
-63608.1
-72166.8
-77703.1
-93366.8
-103646
-2760.37
-3751.26
-4565.1
-5651.17
-6806.65
-8368.15
-10077.2
-12499.6
-15376.2
-19159.3
-26107.1
-29521.2
-54097.6
-46187.3
-148503
-1021.48
-1179.23
-1222.06
-1449.71
-1686.13
-2071.36
-2556.11
-3262.44
-4414.64
-5659.44
-8760.94
-11699.4
-15851
-28933.5
-16497.7
-594.414
-737.606
-854.619
-1081.28
-1320.82
-1648.05
-2095.91
-2721.02
-3598.08
-5053.5
-6805.63
-10881.9
-13542.2
-26465.8
-2261.1
-983.678
-1248.71
-1482.16
-1806.7
-2156.37
-2615.09
-3186.13
-4008.57
-5063.06
-6774.98
-8838.13
-11876.9
-14800.1
-15825.8
-10279.5
-1006.54
-1240.31
-1436.5
-1713.9
-2013.08
-2410.61
-2915.45
-3685.72
-4672.05
-6372.45
-7859.52
-11150.5
-11504.2
-15438.4
-11589.3
-941.264
-1168.36
-1363.23
-1619.16
-1874.74
-2208.09
-2664.93
-3400.34
-4390.69
-6063.56
-7286.82
-10087.2
-9002.93
-9271.48
-12972.7
-1130.54
-1376.89
-1559.97
-1786.62
-1998.83
-2328.32
-2817.78
-3702.99
-4867.64
-6680.57
-7457.36
-10496.6
-7435.47
-14088
-9865.2
-919.788
-1144.8
-1291.37
-1460.57
-1553.97
-1755.92
-2250.67
-3197.8
-4427.96
-6112.44
-6664.57
-9322.22
-6769.11
-15299.5
-1193.71
-1417.94
-1664.26
-1720.88
-1800.33
-1703.27
-2128.2
-3048.54
-4638.62
-6410.92
-8111.28
-8768.01
-11160.4
-8038.13
-9481.52
-11202.9
-700.575
-944.983
-966.57
-1061.39
-907.52
-1108.82
-1742.16
-3372.02
-5035.12
-6799.26
-8088.27
-11742.3
-6971.49
-12349.3
-453.492
-2168.23
-2388.35
-2269.6
-2306.37
-3107.49
-4458.84
-5939.14
-8220.53
-10271.8
-14526.1
-19008.1
-20374.5
-16492.1
-17666.4
-16617.4
-167.014
-724.879
-1213.95
-535.945
-830.302
-2104.69
-3297.19
-7163.4
-10104.2
-11661.7
-11279.1
-13578.4
-14405.4
-16840.6
-24565.5
-5095.68
-7872.16
-10532.9
-10564
-12795.4
-15257.6
-18594.4
-22658.9
-19136.7
-18117
-24842.1
-37492.9
-48042.6
-50051.8
-34954.4
-1462.11
-3345.46
-4001.98
-5328.01
-7691.5
-7064.22
-6884.44
-7272.71
-2324.04
8306.84
17181.6
21310.5
17732.3
14194.9
-32593.4
-25270
-28927.4
-29971.3
-31277.1
-25222.5
-25763.8
-30633.6
-39948
-53673
-65624.7
-66674.9
-77372
-81033.5
-98077.2
-116000
-2760.39
-3751.96
-4564.02
-5653.51
-6801.5
-8375.86
-10061.4
-12525.1
-15355.7
-19242.2
-26060.4
-29706.6
-54304.1
-46566.8
-149406
-1021.43
-1179.73
-1221.43
-1451.05
-1684.69
-2076.34
-2553.61
-3279.24
-4409.03
-5708.93
-8769.63
-11816
-15867.4
-29301.3
-15877.4
-594.485
-737.613
-854.254
-1080.74
-1319.48
-1647.1
-2094.84
-2726.58
-3607.24
-5107.51
-6832.52
-11076.3
-13676.6
-27193.3
-2073.03
-983.783
-1248.66
-1481.73
-1805.43
-2153.35
-2612.25
-3181.19
-4016.17
-5058.87
-6850.14
-8825.18
-12166.4
-14746.5
-16390.3
-9903.39
-1006.94
-1240.17
-1435.43
-1710.54
-2007.11
-2404.21
-2907.28
-3690.75
-4670.65
-6485.52
-7897.24
-11834.4
-11498.6
-18391.3
-14037.9
-941.29
-1167.87
-1361.54
-1611.98
-1864.03
-2196.06
-2653.9
-3394.89
-4386.4
-6178.28
-7393.41
-11083.6
-8769.8
-14857.6
-19217.2
-1130.28
-1374.48
-1552.96
-1768.15
-1984.34
-2316.89
-2799.46
-3664.77
-4846.58
-6842.03
-7765.84
-11888.5
-7375.82
-21048.1
-15591.5
-920.242
-1145.54
-1282.32
-1428.05
-1528.31
-1735.17
-2230.37
-3198.77
-4537.67
-6400.76
-7106.34
-10422.7
-7117.09
-21972.9
-4947.65
-1401.03
-1630.81
-1655.7
-1697.71
-1776.42
-2216.71
-3145.4
-4811.21
-6926.46
-9129.3
-9813.05
-11902.8
-9285.42
-13765.3
-15136.4
-710.832
-952.655
-836.014
-946.929
-906.462
-924.962
-1562.81
-3254.88
-5198.36
-7080.98
-7935.19
-10984.6
-7483.28
-15178.9
-6004.45
-1962.21
-1889.27
-1567.26
-1806.5
-2800.51
-4248.97
-5803.81
-7755.83
-9795.34
-13191.2
-15296
-18030.8
-15231
-19467.1
-20057
-178.549
-312.957
235.663
592.039
-206.855
-2402.79
-4508.47
-7078.75
-8313.29
-10233.3
-9833.5
-11699.2
-12253.4
-16072.4
-24753.6
-2812.28
-3028.97
-6233.8
-8536.35
-13603.5
-15713.1
-18633.3
-18176.4
-14088.1
-23984.7
-31038.4
-37086.7
-45162.1
-47171.5
-30878.8
508.679
226.209
-2853.96
-4064.56
-8354.92
-7386.93
-5444.41
-2319.3
-260.865
8557.98
16299.4
18511.8
14610.8
-632.173
-17874.6
-34082.8
-39027.5
-38948.4
-39983.4
-28535.2
-26524.8
-29586.5
-40692.8
-55763.5
-57384.7
-60976.9
-73295.8
-78372.1
-97839.6
-130589
-2760.43
-3752.56
-4563.37
-5655.48
-6797.03
-8382.58
-10046.2
-12549.1
-15324.5
-19338.5
-26032.8
-29835.7
-54494.8
-47010.8
-150201
-1021.4
-1180.23
-1220.88
-1452.42
-1683.6
-2081.71
-2552.8
-3300.74
-4404.54
-5768.5
-8772.4
-12007.6
-15950.9
-29532.5
-15659.6
-594.645
-737.78
-854.157
-1080.58
-1318.51
-1647.02
-2094.11
-2734.26
-3613.26
-5170.89
-6855.38
-11349.8
-13669.4
-27861.8
-1995.19
-983.829
-1248.59
-1481.4
-1804.46
-2150.76
-2610.02
-3176.82
-4023.43
-5050.14
-6936.66
-8777.15
-12564.6
-14442.4
-17331.6
-10049.5
-1007.82
-1240.93
-1435.84
-1709.18
-2002.79
-2398.91
-2898.03
-3689.92
-4661.69
-6601.98
-7897.14
-12682.6
-11175.8
-22045.1
-15275.4
-940.925
-1167.12
-1360.35
-1606.51
-1853.46
-2182.07
-2636.75
-3364.42
-4341.84
-6238.93
-7452
-12231.4
-8148.73
-21365.1
-22642.8
-1132.59
-1377.13
-1554.79
-1758.34
-1964.19
-2284.46
-2717.64
-3515.17
-4749.61
-6943.04
-7950.25
-13303.2
-7109.59
-30281.2
-21663
-917.035
-1143.14
-1279.61
-1405.86
-1491.6
-1689.36
-2182.63
-3152.02
-4560.36
-6669.2
-7739.41
-11772
-7755.14
-30082.2
-9821.04
-1395.78
-1638.49
-1665.48
-1645.99
-1725.48
-2138.49
-3008.94
-4681.93
-7034.81
-9697.19
-10919.6
-12717.4
-10640.3
-14590.7
-13506.9
-690.997
-943.968
-864.474
-902.543
-911.582
-931.593
-1671.5
-3461.38
-6024.99
-8211.8
-8891.17
-11417.1
-8637.18
-18120
-9576.17
-1731.23
-2036.2
-1675.81
-2013.82
-3022.17
-4544.76
-6994.74
-9198.63
-10759.3
-14058.3
-15016.4
-15774.8
-15406.6
-21968.7
-20648.2
177.944
-551.081
636.244
1420.94
265.856
-1814.43
-3654.35
-6649.96
-7194.98
-10323.8
-9363.07
-9777.46
-10995
-17907
-23559.3
-2879.3
-4803.76
-8634.92
-8938.39
-13587.3
-15950.9
-18284
-18768.8
-12205
-30850.4
-23821.5
-25945.3
-37450.7
-47166.5
-31261.8
6371.07
5395.39
-1206.01
-3623.16
-10730
-9800.3
-8563.75
-11023
-1857.17
7308.05
11839.8
17655.6
18198.4
-801.517
12925.8
-31836
-34018.9
-30355.9
-33992.8
-32502
-30663.9
-34298.4
-46442.7
-61127.9
-50394.3
-67680.6
-81337
-82143.3
-96167
-121156
-2760.5
-3753.1
-4563.05
-5656.91
-6793.18
-8387.54
-10033
-12569.5
-15288.3
-19430.1
-26000.8
-29952.9
-54685.7
-47456.8
-150744
-1021.45
-1180.75
-1220.56
-1453.84
-1682.68
-2086.89
-2552.11
-3323.46
-4400.77
-5840.19
-8775.33
-12226.9
-16062.4
-29650
-15422
-594.836
-737.986
-854.187
-1080.65
-1317.82
-1647.38
-2093.07
-2742.98
-3615.32
-5237.37
-6870.65
-11648.4
-13524.2
-28543.7
-2015.43
-983.978
-1248.76
-1481.52
-1804.12
-2149.09
-2608.44
-3172.24
-4029.07
-5037.99
-7023.74
-8708.57
-13011.8
-13808.8
-18790.8
-10521.2
-1008.81
-1241.84
-1436.52
-1708.51
-1999.95
-2395.31
-2889.57
-3692.05
-4659.07
-6730.75
-7903.48
-13653.8
-10768.3
-27191.2
-15407.1
-941.141
-1167.66
-1361.37
-1604.05
-1847.48
-2169.95
-2612.74
-3316.2
-4288.27
-6314.75
-7493.28
-13460.3
-7996.17
-31059
-18293
-1135.87
-1379.86
-1555.3
-1749.63
-1948.04
-2244.29
-2601.54
-3408.34
-4753.29
-7140.09
-8229.33
-15059.7
-7566.01
-45059.2
-24952.2
-917.226
-1146.74
-1286.36
-1398.41
-1478.35
-1627.55
-2062.94
-3048.89
-4602.15
-6898.74
-8226.02
-12969
-8867.14
-42005.3
-10029.6
-1411.89
-1648.13
-1656.44
-1622.67
-1711.39
-1981.82
-2828.47
-4574.55
-7115.73
-9980.29
-11518.6
-13514.8
-11686.7
-14456
-6134.63
-689.766
-957.14
-905.273
-950.54
-1018.26
-1114.23
-2170.79
-4027.32
-6518.81
-8467.15
-9205.4
-11909.7
-9886.39
-20648.5
-12601.6
-1922.95
-2068.07
-1734.25
-1769.33
-2168.22
-3808.25
-6664.03
-8197.34
-11424.2
-14479.7
-15721.4
-17132.5
-17365.3
-22894.7
-21983.6
71.0714
-463.858
634.572
433.049
-278.308
-2477.85
-5255.79
-6789.63
-9406.16
-9875.09
-9000.05
-10631.8
-13572.5
-17709
-22618.5
-3617.26
-3376.5
-6888.78
-8071.14
-11989.8
-17904.3
-20303.3
-16740.8
-20174.5
-26230.2
-21866
-31728.3
-42787.6
-44646.1
-31512.8
3953.85
5418.87
-2188.43
-5177.01
-10982
-12456.5
-10074.1
-4551.18
3989.59
6169.94
13641.1
16739.9
12230.5
785.227
44928.6
-33714.2
-41240.6
-43116.1
-49397.8
-50146.8
-46056.2
-46443.1
-57099.6
-52293.6
-55334.6
-71076
-77050
-76299
-92225.2
-91337.6
-2760.57
-3753.55
-4562.86
-5657.96
-6791.32
-8390.85
-10025.4
-12584.3
-15264.8
-19515.2
-25966.2
-30079.2
-54924.2
-47945.5
-151492
-1021.52
-1181.3
-1220.41
-1455.17
-1682
-2091.55
-2551.12
-3344.56
-4395.72
-5927.75
-8782.5
-12495.7
-16240.1
-29516.7
-15448.7
-595.145
-738.423
-854.567
-1081.21
-1318.08
-1648.94
-2094.37
-2755.31
-3622.18
-5326.55
-6874.75
-12029.1
-13300.6
-28907.1
-2650.66
-984.1
-1248.98
-1481.79
-1804.21
-2148.3
-2607.62
-3170.84
-4040.13
-5046.99
-7148.59
-8643.96
-13612.6
-12757.1
-19707.7
-12791.9
-1010.42
-1243.92
-1438.98
-1710.76
-2001.21
-2395.93
-2892.67
-3714.06
-4716.5
-6925.13
-7964.18
-14772.1
-9959.7
-31952.2
-19530.1
-941.206
-1168.58
-1363.38
-1604.17
-1841.59
-2152.74
-2590.37
-3304.15
-4334.54
-6407.08
-7548.27
-13902.2
-6566.64
-39297
-16967.1
-1142.8
-1389.16
-1564.37
-1750.89
-1929.37
-2183.23
-2517.49
-3418.87
-4917.92
-7427.84
-8637.23
-15697.1
-7344.64
-61415.9
-23232.8
-916.635
-1154.42
-1301.77
-1393.78
-1390.68
-1442.04
-1939.68
-3035.29
-4720.6
-7049.05
-8382.77
-13190.4
-9493.61
-58066.9
-4110.52
-1447.61
-1691.6
-1671.04
-1516.41
-1396.42
-1653.19
-2596.4
-4469.33
-7161.4
-10160.6
-11759.3
-14309.3
-12826.9
-18559.2
-5287.95
-687.201
-1013.4
-997.449
-793.016
-672.368
-1261.19
-2503.54
-4060.52
-6231.93
-7882.27
-8964.12
-11883.6
-10225.3
-24237.6
-12000.5
-2213.67
-2350.8
-1569.82
-1029.73
-1646.75
-3555.77
-5694.52
-7558.99
-11072.3
-14970.2
-16913.1
-17944.8
-18740.5
-22966.3
-15708.2
1.6561
-897.331
-5.20357
508.705
-1232.99
-3395.9
-5640.42
-7410.82
-8498
-10071.1
-11057.4
-11268.7
-16296.2
-14436.8
-12227.1
-5311.06
-4245.51
-2475.63
-4105
-7094.17
-11951
-15767.4
-14681.3
-22690.8
-26288.1
-31732.3
-35717.1
-43723.9
-43039.8
-31089.4
1869.53
5131.01
3556.91
6158.24
5083.06
-634.704
807.018
7643.55
1060.39
6930.43
13507
12777.5
6357.54
1251.33
54214.3
-31191.9
-41379.1
-49322.9
-53313.2
-50583.3
-49493.1
-48466.9
-52808.5
-51401.6
-59619.2
-64966.9
-70517.8
-67972.7
-77692.1
-63289.6
-2760.63
-3753.84
-4562.81
-5658.57
-6790.55
-8392.43
-10021.5
-12594
-15251.1
-19579.9
-25930.9
-30193.6
-55085.6
-48373.1
-151796
-1021.6
-1181.72
-1220.38
-1456.26
-1681.34
-2095.24
-2548.51
-3361.19
-4385.46
-5993.86
-8785.84
-12707.4
-16385.1
-29482.1
-14780.3
-595.347
-738.663
-854.756
-1081.52
-1318.17
-1649.97
-2094.97
-2763.78
-3626.88
-5383.67
-6878.19
-12263.9
-13107.5
-29512.9
-3029.5
-984.197
-1249.18
-1482.09
-1804.43
-2147.81
-2607.18
-3170.12
-4050.78
-5056.47
-7238.8
-8611.77
-14112.9
-11462.7
-20882.1
-14046.7
-1011.52
-1245.22
-1440.47
-1712.26
-2002.15
-2399.59
-2902.1
-3743.06
-4766.69
-7061.23
-8056.61
-15194.6
-9547.81
-37350
-21415.7
-941.348
-1169.55
-1365.62
-1605.41
-1839.48
-2146.8
-2589.93
-3342.13
-4418.62
-6560.69
-7811.86
-14222.5
-7609.21
-59995.1
-4324.17
-1147.4
-1394.75
-1570.05
-1753.72
-1925.31
-2205.67
-2597.3
-3528.51
-5141.86
-7771.12
-9444.42
-15563.1
-8816.07
-92567.8
-3720.51
-916.079
-1161.45
-1319.32
-1401.5
-1393.74
-1400.98
-1891.05
-3117.21
-4880.54
-7217.11
-8457.44
-11899.8
-7864.15
-58214.1
2758.22
-1470.53
-1726.53
-1694.06
-1509.26
-1279.79
-1700.04
-2988.11
-4886.19
-7637.59
-10883.6
-12293.8
-14865.7
-12444.2
-23164.3
-3134.25
-678.333
-1076.82
-1116.77
-769.831
-1021.79
-2319.47
-3600.22
-4403.5
-5970.03
-7407.55
-8408.04
-11523.5
-10168.7
-26109.5
-14254.4
-2376.03
-2692.97
-1721.81
-1428.54
-2644.56
-4775.5
-6059.82
-7296.96
-11854.1
-16511.9
-17694.3
-17483.5
-17669.4
-24539
-12508.9
-32.0096
-1177.24
-1353.41
-2171.22
-3772
-5096.65
-6156.62
-6951.08
-8632.74
-10348
-10915.1
-9684.83
-15585.9
-15454.8
-11904.2
-6473.26
-5679.3
-2534.43
-3991.83
-6012.86
-8183.95
-10806.2
-14171.7
-21644.9
-29721.4
-30965.9
-31080.9
-39811.6
-42644.4
-25318
1406.55
-1045.14
7566.15
10312.8
7549.01
4875.62
4553.12
7281.17
2070.68
6426.09
10853.2
11822.6
5571.76
8822.17
40535.2
-27526.1
-44265.8
-46563.3
-48803.4
-48297.2
-48118.1
-48733.8
-53591.7
-53881.3
-54724.9
-59073.4
-62238
-58591.7
-52679.5
-54292.7
-2760.71
-3754.15
-4562.88
-5659.19
-6790.9
-8393.73
-10022.8
-12600
-15251.9
-19646.3
-25912.8
-30305.4
-55274.5
-49112.5
-152943
-1021.72
-1182.21
-1220.52
-1457.46
-1681.43
-2098.8
-2548.75
-3378.2
-4379.63
-6083.43
-8792.08
-13058.1
-16460.9
-28586.5
-15022
-595.748
-739.299
-855.493
-1082.74
-1319.77
-1653.45
-2100.7
-2780.87
-3643.03
-5479.79
-6881.97
-12709.6
-12725.8
-29643.4
-5035.3
-984.33
-1249.48
-1482.59
-1805.2
-2148.92
-2609.03
-3177.92
-4070.66
-5098.56
-7371.8
-8615.83
-14975.4
-10091.3
-22660.3
-22063.7
-1013.53
-1248.11
-1444.4
-1718.01
-2011.18
-2416.91
-2946.39
-3819.22
-4916.42
-7272.49
-8244.44
-16128.1
-6447.69
-39309.6
-40967.7
-941.538
-1170.66
-1368.58
-1610.97
-1848.3
-2165.96
-2636.7
-3433.84
-4608.46
-6754.97
-8345.63
-14764.3
-5810.09
-64960.9
-39252.7
-1156.93
-1408.59
-1587.7
-1782.01
-1969.54
-2323.69
-2875.6
-3919.4
-5685.18
-8376.69
-10603.4
-15146.3
-5970.21
-71614.9
-10781.6
-915.753
-1166.69
-1342.74
-1450.66
-1506.78
-1630
-2214.22
-3500.87
-5194.28
-7338.84
-8470.75
-10519.3
-3965.71
-30517.7
-14946.3
-1515.54
-1793.57
-1775.67
-1678.44
-1505.52
-2190.41
-3389.77
-4930.29
-7616.64
-11036
-12416.9
-14961.3
-11442.9
-26600.2
-9081.91
-670.199
-1093.41
-1304.41
-1097.69
-1674.18
-2808.44
-3219.95
-3833.95
-5225.94
-6657.83
-8239.91
-10879.3
-9941.7
-24900.7
-14014.9
-2557.63
-3048.96
-2285.17
-1975.78
-2636.09
-3799.68
-4565.31
-7209.98
-12820.5
-18109.8
-18040
-16802.4
-16721
-21184.3
7527.88
141.023
-1311.5
-2072.06
-2365.53
-2605.52
-3331.12
-5896.46
-6924.1
-8593.82
-10009.3
-10638.6
-7729.41
-13723.9
-4043.33
-5236.96
-6707.46
-9330.3
-2886.95
-2679.5
-2585.96
-5888.52
-11173.5
-13981.6
-21180.1
-29168.1
-27561.7
-25938.7
-33366.1
-18995.6
-35135.9
3215.13
-1976.04
2855.75
10885.3
9527.54
5469.19
3415.91
9300.09
3356.75
7251.47
11743.7
14414.1
6711.33
24401.7
-12351.6
-24614.7
-39301.9
-53232.9
-54536.5
-51098.6
-49039.1
-48421.2
-56070
-54646.5
-51731.4
-56018.1
-57460.8
-53417.2
-47915.2
-64656.1
)
;

boundaryField
{
    outletsourceFace
    {
        type            zeroGradient;
    }
    outletdestinationFace
    {
        type            zeroGradient;
    }
    outletFace
    {
        type            zeroGradient;
    }
    outletWall
    {
        type            fixedValue;
        value           uniform 0;
    }
    inletFace
    {
        type            zeroGradient;
    }
    inletWall
    {
        type            fixedValue;
        value           uniform 5;
    }
    inletsourceFace
    {
        type            zeroGradient;
    }
    inletdestinationFace
    {
        type            zeroGradient;
    }
}


// ************************************************************************* //
