/*--------------------------------*- C++ -*----------------------------------*\
| =========                 |                                                 |
| \\      /  F ield         | OpenFOAM: The Open Source CFD Toolbox           |
|  \\    /   O peration     | Version:  4.1                                   |
|   \\  /    A nd           | Web:      www.OpenFOAM.org                      |
|    \\/     M anipulation  |                                                 |
\*---------------------------------------------------------------------------*/
FoamFile
{
    version     2.0;
    format      ascii;
    class       volScalarField;
    location    "15";
    object      p;
}
// * * * * * * * * * * * * * * * * * * * * * * * * * * * * * * * * * * * * * //

dimensions      [0 2 -2 0 0 0 0];

internalField   nonuniform List<scalar> 
6750
(
-339.228
-164.168
-274.329
-252.427
-294.866
-311.202
-321.002
-376.623
-355.462
-367.052
-372.492
-333.828
-334.111
-206.539
-326.529
-338.749
-161.602
-273.151
-252.423
-294.999
-311.571
-319.384
-375.486
-352.872
-366.946
-374.291
-336.13
-335.846
-205.292
-327.478
-338.279
-159.607
-272.43
-252.52
-295.017
-311.822
-318.543
-374.612
-350.878
-365.093
-373.027
-338.059
-339.027
-205.123
-328.79
-337.662
-156.939
-271.426
-252.573
-295.007
-312.037
-317.272
-373.195
-348.106
-362.789
-371.185
-341.688
-344.342
-207.328
-330.338
-337.114
-154.396
-270.647
-252.73
-294.969
-312.228
-315.81
-372.153
-345.776
-360.728
-367.788
-344.102
-349.238
-210.187
-332.026
-336.661
-151.947
-269.924
-252.891
-294.93
-312.346
-314.62
-370.397
-342.85
-356.925
-364.824
-344.894
-354.335
-212.555
-333.575
-336.437
-150.117
-269.434
-253.059
-294.966
-312.484
-314.457
-368.905
-341.413
-351.517
-358.273
-346.419
-360.384
-214.105
-334.746
-336.443
-149.603
-269.273
-253.066
-294.879
-312.449
-312.993
-368.201
-340.015
-347.135
-352.343
-348.229
-359.711
-214.62
-335.263
-336.652
-150.492
-269.526
-253.016
-294.932
-312.375
-314.17
-368.516
-340.978
-350.235
-356.695
-346.893
-359.748
-214.534
-334.958
-337.04
-152.513
-270.094
-252.845
-294.91
-312.14
-314.557
-369.669
-342.27
-355.423
-364.256
-345.735
-355.037
-212.077
-334.114
-337.62
-155.102
-270.889
-252.698
-294.937
-311.955
-315.424
-371.453
-345.099
-360.339
-367.71
-344.858
-348.668
-210.239
-332.676
-338.261
-157.716
-271.734
-252.565
-295.012
-311.73
-317.233
-372.324
-347.469
-361.847
-370.781
-342.928
-344.598
-207.342
-331.26
-338.948
-160.425
-272.796
-252.545
-295.04
-311.494
-318.527
-373.565
-350.106
-364.163
-372.954
-339.255
-339.174
-205.157
-329.862
-339.462
-162.438
-273.56
-252.473
-295.048
-311.237
-319.505
-374.327
-352.167
-365.983
-374.37
-336.751
-336.205
-205.247
-328.694
-339.98
-165.004
-274.781
-252.516
-294.938
-310.871
-321.139
-375.314
-354.726
-366.153
-372.887
-334.09
-334.526
-206.423
-327.84
-490.635
-108.925
-274.563
-264.61
-303.535
-318.751
-340.471
-379.952
-344.475
-306.862
-269.921
-255.316
-279.619
-126.242
-422.402
-488.906
-107.289
-273.66
-264.127
-303.528
-318.904
-340.48
-377.795
-341.511
-306.505
-272.954
-256.191
-281.01
-124.812
-423.861
-487.53
-106.514
-273.367
-263.943
-303.452
-318.874
-340.365
-375.512
-339.15
-305.07
-274.063
-258.46
-283.13
-123.416
-425.855
-485.808
-105.11
-272.594
-263.6
-303.318
-318.809
-339.996
-372.268
-335.932
-304.361
-279.826
-264.872
-287.48
-123.503
-427.526
-484.348
-103.905
-271.971
-263.453
-303.228
-318.722
-340.007
-369.027
-332.377
-303.547
-281.645
-268.534
-289.869
-124.002
-429.165
-483.167
-102.599
-271.151
-263.303
-303.131
-318.608
-339.928
-366.009
-328.755
-300.115
-281.509
-271.051
-291.553
-124.096
-430.639
-482.686
-101.48
-270.352
-263.276
-303.137
-318.536
-340.199
-363.728
-328.073
-300.653
-280.747
-273.845
-290.934
-124.334
-431.548
-482.815
-101.071
-270.01
-263.225
-303.077
-318.498
-340.328
-362.606
-326.993
-298.345
-276.347
-277.895
-289.172
-123.663
-432.394
-483.109
-101.631
-270.551
-263.251
-303.117
-318.455
-340.08
-363.42
-327.967
-300.532
-281.024
-274.996
-289.059
-124.702
-432.015
-483.912
-102.799
-271.384
-263.28
-303.105
-318.423
-339.526
-365.503
-328.645
-299.994
-281.21
-272.224
-290.96
-124.312
-431.737
-485.299
-104.188
-272.252
-263.45
-303.184
-318.465
-339.441
-368.227
-331.511
-303.33
-282.803
-269.764
-289.593
-124.508
-430.609
-486.907
-105.429
-272.891
-263.616
-303.279
-318.481
-339.249
-371.255
-335.42
-304.509
-281.57
-266.802
-288.14
-123.897
-429.441
-488.733
-106.864
-273.688
-263.994
-303.419
-318.515
-339.554
-374.363
-338.452
-304.875
-276.349
-260.562
-284.05
-123.785
-428.091
-490.171
-107.652
-273.992
-264.197
-303.505
-318.52
-339.647
-376.567
-340.854
-306.346
-274.124
-256.989
-281.692
-125.007
-426.332
-491.953
-109.297
-274.922
-264.722
-303.54
-318.374
-339.692
-378.659
-343.757
-306.887
-270.79
-255.345
-280.158
-126.336
-425.016
-701.034
-25.5606
-246.866
-266.664
-295.236
-312.459
-313.98
-321.963
-310.467
-272.016
-212.938
-194.9
-225.627
-18.7313
-550.488
-699.169
-23.8313
-245.992
-265.959
-295.358
-312.251
-313.919
-319.853
-309.183
-271.29
-217.128
-194.403
-222.586
-18.0461
-551.476
-697.883
-23.4793
-245.877
-265.854
-295.471
-311.901
-313.656
-318.091
-307.979
-269.749
-219.124
-196.852
-223.248
-17.0604
-553.115
-695.988
-22.6956
-245.123
-265.464
-295.466
-311.471
-313.238
-315.819
-306.108
-267.699
-226.427
-204.974
-228.489
-16.7828
-554.375
-694.338
-22.67
-244.568
-265.416
-295.544
-311.031
-312.836
-313.899
-304.159
-264.959
-227.063
-207.024
-229.52
-16.7148
-555.478
-692.792
-22.7297
-243.672
-265.282
-295.526
-310.603
-312.405
-312.409
-302.322
-261.001
-227.53
-210.053
-230.501
-16.2544
-556.783
-691.91
-22.9796
-242.783
-265.285
-295.579
-310.317
-312.136
-311.735
-301.789
-261.785
-228.751
-211.718
-225.271
-16.0505
-557.372
-692.034
-22.8475
-242.339
-265.184
-295.506
-310.159
-311.966
-311.26
-301.064
-259.685
-222.184
-210.746
-220.096
-14.7581
-558.677
-692.712
-22.4469
-242.997
-265.237
-295.56
-310.306
-312.123
-311.808
-301.804
-261.374
-228.065
-210.107
-220.566
-15.7705
-558.839
-693.938
-22.1905
-243.925
-265.227
-295.499
-310.567
-312.333
-312.565
-302.348
-261.033
-226.78
-209.968
-229.308
-16.2503
-559.602
-695.714
-22.2282
-244.863
-265.387
-295.512
-310.954
-312.697
-313.705
-303.66
-263.913
-227.007
-207.106
-229.134
-16.9433
-558.967
-697.5
-22.3701
-245.416
-265.459
-295.434
-311.353
-313.045
-315.473
-305.646
-267.206
-227.066
-205.496
-229.438
-16.9704
-558.608
-699.493
-23.2794
-246.189
-265.901
-295.46
-311.768
-313.481
-317.631
-307.437
-269.232
-220.581
-198.178
-225.292
-17.1962
-557.991
-700.833
-23.7175
-246.299
-266.031
-295.352
-312.096
-313.751
-319.363
-308.678
-271.002
-217.937
-194.152
-223.02
-18.0066
-556.666
-702.745
-25.5444
-247.202
-266.8
-295.27
-312.31
-313.891
-321.465
-309.991
-272.005
-213.662
-193.956
-225.434
-18.6476
-555.886
-845.248
-45.7787
-205.011
-291.252
-293.641
-309.527
-310.573
-309.493
-289.578
-232.786
-148.859
-111.592
-161.266
58.7075
-635.766
-844.124
-43.3473
-204.895
-290.027
-293.173
-309.27
-310.499
-308.519
-289.215
-234.226
-156.581
-114.817
-155.02
56.801
-636.381
-843.449
-42.4662
-205.381
-289.488
-293.039
-309.079
-310.448
-307.758
-288.466
-233.771
-159.026
-119.47
-157.512
55.2011
-638.046
-842.36
-41.0829
-205.261
-288.537
-292.665
-308.734
-310.307
-306.655
-287.352
-231.972
-161.453
-128.256
-164.967
53.4607
-639.576
-841.494
-40.8087
-205.353
-288.015
-292.527
-308.491
-310.203
-305.858
-286.532
-230.592
-159.216
-127.21
-165.402
52.1711
-640.411
-840.64
-40.8594
-204.978
-287.389
-292.282
-308.215
-310.127
-305.259
-286.596
-229.8
-162.185
-131.73
-166.675
51.5074
-642.137
-840.119
-41.5401
-204.643
-287.092
-292.214
-308.081
-310.137
-305.041
-287.416
-232.919
-170.045
-134.514
-159.645
51.8339
-642.86
-840.334
-41.4648
-204.359
-286.895
-292.086
-307.93
-310.038
-304.741
-287.222
-232.584
-165.809
-129.844
-150.472
53.5195
-645.339
-841
-40.5824
-204.762
-287.129
-292.229
-308.065
-310.15
-305.082
-287.631
-232.894
-171.148
-131.88
-151.603
54.1843
-647.227
-841.777
-39.9782
-205.191
-287.476
-292.328
-308.197
-310.136
-305.415
-287.1
-230.57
-165.351
-133.731
-165.555
53.566
-649.065
-842.839
-40.1156
-205.565
-288.165
-292.611
-308.45
-310.154
-305.767
-286.565
-229.76
-160.219
-127.616
-165.723
53.3606
-648.046
-843.821
-40.6121
-205.473
-288.747
-292.782
-308.68
-310.251
-306.492
-287.333
-231.325
-162.076
-127.413
-166.524
54.1452
-648.082
-845.015
-42.2259
-205.6
-289.775
-293.215
-309.039
-310.426
-307.541
-288.49
-233.13
-160.887
-120.567
-160.981
55.6675
-647.565
-845.752
-43.2587
-205.095
-290.352
-293.376
-309.229
-310.506
-308.307
-289.351
-233.973
-158.858
-114.423
-155.632
57.3669
-646.196
-846.937
-45.8739
-205.247
-291.653
-293.916
-309.516
-310.644
-309.296
-289.84
-233.028
-151.724
-110.099
-160.32
59.1354
-645.818
-984.255
-135.637
-180.71
-319.657
-298.388
-311.506
-310.517
-291.782
-253.381
-173.04
-100.5
-57.316
-126.247
88.2777
-732.717
-983.512
-133.822
-180.515
-318.974
-298.17
-311.549
-310.766
-291.951
-254.241
-174.336
-108.135
-60.4678
-120.828
85.5043
-733.965
-983.104
-133.154
-180.857
-318.79
-298.293
-311.59
-310.802
-291.577
-253.64
-172.013
-108.751
-63.6129
-127.787
82.494
-737.014
-982.404
-131.848
-180.77
-318.212
-298.133
-311.505
-310.888
-291.238
-252.908
-168.21
-106.313
-66.0873
-138.932
79.0135
-739.316
-981.937
-131.276
-181.004
-318
-298.233
-311.546
-311.059
-291.133
-252.878
-165.919
-104.745
-65.0172
-138.49
76.8943
-740.098
-981.413
-130.754
-180.951
-317.591
-298.127
-311.48
-311.267
-291.436
-254.27
-168.407
-107.354
-69.8033
-141.833
75.7152
-742.862
-981.283
-130.577
-181.079
-317.483
-298.203
-311.558
-311.581
-292.043
-256.498
-175.22
-115.818
-75.8548
-134.148
77.2043
-743.393
-981.655
-130.188
-180.98
-317.35
-298.121
-311.505
-311.633
-292.176
-257.06
-177.537
-118.332
-73.6783
-121.92
80.1098
-748.194
-982.166
-129.962
-181.092
-317.582
-298.286
-311.674
-311.718
-292.234
-257.268
-176.904
-120.735
-76.2811
-123.15
82.6651
-752.501
-982.665
-130.083
-181.093
-317.783
-298.284
-311.68
-311.507
-291.755
-255.413
-170.562
-111.785
-74.0851
-142.166
81.7157
-756.729
-983.342
-130.804
-181.21
-318.28
-298.476
-311.82
-311.368
-291.346
-253.614
-166.059
-106.885
-66.4197
-140.234
80.8276
-754.799
-983.955
-131.556
-181.017
-318.578
-298.451
-311.839
-311.296
-291.441
-253.549
-167.808
-107.678
-65.6699
-141.795
81.6669
-754.536
-984.764
-133.069
-181.16
-319.259
-298.715
-312.018
-311.363
-291.874
-254.453
-172.053
-110.896
-64.143
-134.401
84.2389
-753.834
-985.245
-133.867
-180.825
-319.497
-298.647
-312.024
-311.449
-292.364
-255.377
-175.189
-112.143
-60.6705
-123.259
87.3908
-750.887
-986.062
-135.863
-181.089
-320.284
-298.983
-312.093
-311.397
-292.388
-254.927
-174.35
-106.822
-55.9362
-125.863
89.8883
-749.862
-1119.87
-203.842
-181.7
-344.614
-301.137
-302.821
-297.953
-260.446
-221.764
-135.668
-100.804
-29.5549
-140.159
109.23
-876.169
-1119.37
-202.847
-181.414
-344.25
-301.049
-303.167
-298.555
-261.148
-222.522
-136.336
-103.962
-33.227
-136.757
107.163
-878.654
-1119.17
-202.564
-181.528
-344.218
-301.21
-303.428
-298.756
-261.055
-221.661
-133.798
-98.0794
-35.094
-146.088
103.721
-883.411
-1118.72
-201.83
-181.336
-343.894
-301.179
-303.673
-299.143
-261.245
-220.992
-129.504
-91.1295
-33.8279
-160.066
99.1451
-886.316
-1118.5
-201.495
-181.44
-343.856
-301.402
-304.018
-299.566
-261.496
-221.016
-127.114
-90.1187
-30.6579
-161.855
96.4592
-887.249
-1118.42
-200.872
-181.333
-343.616
-301.436
-304.247
-300.039
-262.299
-222.517
-130.439
-92.5591
-36.351
-166.176
95.4199
-890.944
-1118.58
-200.504
-181.425
-343.624
-301.665
-304.585
-300.62
-263.288
-225.122
-137.523
-106.496
-41.2967
-154.512
97.3237
-888.189
-1118.83
-200.27
-181.395
-343.571
-301.664
-304.644
-300.798
-263.595
-225.753
-139.453
-109.418
-36.7366
-150.952
102.932
-897.298
-1119.22
-200.355
-181.495
-343.806
-301.828
-304.809
-300.956
-263.636
-226.002
-139.041
-110.098
-41.7694
-149.925
108.106
-910.251
-1119.57
-200.537
-181.513
-343.943
-301.763
-304.683
-300.712
-263.011
-224.325
-133.259
-98.7067
-38.7467
-164.437
105.99
-917.915
-1120.07
-201.094
-181.714
-344.323
-301.903
-304.665
-300.507
-262.328
-222.578
-127.89
-92.9947
-34.2264
-166.392
103.289
-915.163
-1120.46
-201.533
-181.698
-344.491
-301.836
-304.497
-300.352
-262.277
-222.827
-129.608
-93.8342
-34.269
-167.002
103.496
-912.693
-1121.04
-202.471
-181.98
-344.963
-302.056
-304.475
-300.277
-262.463
-223.955
-134.638
-100.784
-37.554
-157.458
106.522
-911.999
-1121.33
-202.872
-181.894
-345.078
-302.004
-304.339
-300.289
-262.841
-225.398
-138.366
-108.681
-36.7273
-144.107
109.907
-906.814
-1121.92
-204.05
-182.268
-345.583
-302.285
-304.223
-300.026
-262.607
-225.45
-138.982
-108.323
-33.3209
-143.005
111.327
-904.199
-1259.31
-256.732
-192.543
-372.517
-319.921
-313.083
-309.067
-262.681
-239.35
-146.523
-166.033
-42.2843
-238.217
134.828
-1100.79
-1258.93
-256.111
-192.347
-372.322
-319.782
-313.219
-309.304
-262.998
-239.197
-146.351
-165.839
-42.8636
-241.409
133.672
-1103.63
-1258.8
-255.969
-192.423
-372.34
-319.829
-313.32
-309.279
-262.768
-237.983
-144.227
-159.108
-44.0842
-240.511
133.196
-1114.88
-1258.45
-255.518
-192.299
-372.162
-319.726
-313.413
-309.408
-262.831
-236.986
-141.231
-148.996
-42.2615
-250.554
130.736
-1120.74
-1258.43
-255.277
-192.375
-372.195
-319.839
-313.607
-309.592
-262.861
-236.533
-138.996
-145.906
-42.016
-254.432
129.292
-1123.75
-1258.53
-254.795
-192.259
-372.066
-319.811
-313.732
-309.877
-263.415
-237.543
-141.58
-151.194
-43.0739
-259.396
127.677
-1126.72
-1258.73
-254.607
-192.32
-372.14
-319.996
-314.008
-310.326
-264.102
-239.457
-145.768
-165.606
-46.5412
-269.351
129.664
-1112.16
-1258.93
-254.48
-192.328
-372.157
-320.033
-314.12
-310.566
-264.475
-240.163
-146.829
-167.53
-41.1772
-271.271
134.313
-1122.93
-1259.28
-254.579
-192.464
-372.403
-320.275
-314.398
-310.922
-264.749
-240.646
-146.948
-168.03
-43.823
-271.017
137.902
-1143.29
-1259.61
-254.664
-192.509
-372.54
-320.363
-314.49
-311.062
-264.7
-240.223
-144.489
-160.6
-46.4734
-256.754
142.33
-1173.29
-1260.06
-255.043
-192.707
-372.875
-320.67
-314.732
-311.288
-264.568
-239.358
-140.634
-149.308
-46.514
-263.244
140.724
-1174.43
-1260.4
-255.307
-192.732
-373.021
-320.799
-314.843
-311.584
-264.958
-240.58
-142.715
-153.257
-44.6213
-264.082
138.361
-1166.74
-1260.91
-255.952
-192.988
-373.402
-321.18
-315.105
-311.98
-265.525
-242.433
-147.076
-164.493
-48.8792
-255.582
136.688
-1163.27
-1261.14
-256.207
-192.961
-373.496
-321.296
-315.208
-312.349
-266.159
-244.514
-150.253
-174.613
-47.4027
-258.784
136
-1148.66
-1261.64
-257.014
-193.274
-373.875
-321.703
-315.414
-312.635
-266.544
-245.897
-152.171
-178.506
-47.5948
-255.791
136.205
-1145.75
-1402.27
-307.119
-207.175
-403.754
-347.144
-336.18
-339.677
-289.218
-292.222
-185.865
-274.836
-71.8442
-400.552
189.536
-1436.77
-1402.12
-306.66
-207.028
-403.64
-347.051
-336.294
-339.699
-289.382
-291.394
-185.514
-271.982
-70.5223
-399.699
191.85
-1456.7
-1402.18
-306.484
-207.076
-403.683
-347.093
-336.375
-339.568
-289.196
-290.113
-184.338
-267.208
-72.5553
-403.854
196.089
-1475.61
-1402.13
-306.068
-206.983
-403.593
-347.026
-336.473
-339.551
-289.277
-289.001
-182.926
-261.065
-70.456
-421.491
179.149
-1460.67
-1402.28
-305.865
-207.04
-403.676
-347.135
-336.65
-339.601
-289.274
-288.126
-181.335
-255.279
-70.9214
-427.332
168.779
-1458.51
-1402.39
-305.591
-206.988
-403.653
-347.144
-336.788
-339.792
-289.684
-288.821
-182.983
-263.283
-69.8384
-428.141
161.332
-1463.63
-1402.62
-305.538
-207.066
-403.805
-347.337
-337.065
-340.168
-290.175
-289.984
-184.747
-271.813
-65.6977
-473.489
153.993
-1413.03
-1402.82
-305.472
-207.1
-403.891
-347.428
-337.25
-340.503
-290.638
-290.812
-185.711
-274.089
-64.5068
-480.607
157.269
-1427.66
-1403.14
-305.582
-207.249
-404.143
-347.733
-337.611
-341.033
-291.103
-291.51
-186.041
-272.826
-64.8524
-461.425
152.503
-1475.53
-1403.42
-305.667
-207.308
-404.283
-347.912
-337.837
-341.496
-291.48
-292.26
-185.85
-271.069
-72.6229
-431.433
168.01
-1526.8
-1403.78
-305.994
-207.491
-404.59
-348.295
-338.209
-342.078
-291.786
-292.371
-183.972
-259.572
-73.6127
-438.953
172.306
-1528.41
-1404.05
-306.216
-207.53
-404.734
-348.512
-338.451
-342.726
-292.435
-294.493
-185.909
-266.907
-72.4118
-452.082
178.208
-1519.44
-1404.42
-306.725
-207.753
-405.074
-348.947
-338.831
-343.495
-293.226
-297.036
-189.138
-277.587
-78.9569
-432.334
196.737
-1547.85
-1404.6
-306.931
-207.747
-405.169
-349.121
-339.023
-344.102
-293.932
-299.43
-191.263
-285.832
-76.0858
-431.442
190.647
-1526.87
-1404.95
-307.543
-208.006
-405.499
-349.551
-339.352
-344.787
-294.669
-301.85
-193.507
-292.598
-78.4105
-434.777
185.013
-1506.88
-1545.72
-358.281
-224.623
-439.805
-380.261
-365.589
-381.427
-326.971
-367.039
-235.931
-416.003
-106.02
-598.237
302.959
-1994.67
-1545.68
-357.992
-224.52
-439.742
-380.166
-365.702
-381.156
-327.053
-365.069
-235.586
-412.328
-104.973
-638.239
277.351
-1997.81
-1545.79
-357.865
-224.548
-439.796
-380.182
-365.777
-380.851
-326.9
-363.2
-234.74
-407.165
-102.311
-669.854
244.233
-1955.5
-1545.82
-357.609
-224.493
-439.769
-380.119
-365.9
-380.607
-327.031
-361.265
-234.228
-400.586
-100.559
-656.132
202.265
-1942.86
-1545.98
-357.51
-224.553
-439.882
-380.216
-366.098
-380.494
-327.102
-359.661
-233.483
-393.077
-106.351
-637.511
194.819
-1961.5
-1546.11
-357.365
-224.552
-439.937
-380.252
-366.293
-380.598
-327.541
-359.706
-234.761
-397.74
-108.067
-623.529
197.717
-2007.76
-1546.34
-357.379
-224.653
-440.142
-380.479
-366.622
-380.98
-328.049
-360.393
-235.723
-401.983
-98.4147
-699.286
185.493
-1952.16
-1546.54
-357.366
-224.713
-440.281
-380.647
-366.897
-381.443
-328.653
-361.304
-236.996
-403.59
-101.481
-709.092
202.941
-2001.33
-1546.83
-357.507
-224.865
-440.554
-381.02
-367.33
-382.179
-329.289
-362.417
-237.843
-399.695
-107.622
-615
214.647
-2150.95
-1547.07
-357.634
-224.946
-440.731
-381.302
-367.66
-382.97
-329.923
-364.305
-238.544
-402.927
-114.415
-605.999
231.76
-2145.91
-1547.37
-357.941
-225.132
-441.054
-381.782
-368.127
-383.956
-330.529
-365.969
-238.102
-399.624
-118.337
-638.198
210.554
-2119.63
-1547.59
-358.16
-225.203
-441.233
-382.118
-368.477
-385.029
-331.365
-369.531
-239.584
-412.68
-108.588
-695.761
201.283
-2046.31
-1547.88
-358.583
-225.422
-441.582
-382.662
-368.967
-386.299
-332.373
-373.648
-242.013
-425.424
-111.462
-708.86
236.591
-2066.09
-1548.02
-358.776
-225.45
-441.705
-382.93
-369.243
-387.24
-333.193
-376.968
-243.914
-434.569
-114.74
-689.576
275.541
-2115.55
-1548.27
-359.257
-225.696
-442.037
-383.457
-369.69
-388.444
-334.255
-381.069
-246.418
-442.986
-117.292
-649.795
300.837
-2117.85
-1690.75
-412.228
-244.757
-480.59
-419.283
-399.435
-430.417
-366.541
-455.472
-280.497
-606.969
-122.474
-1071.69
423.972
-2603
-1690.77
-412.065
-244.672
-480.543
-419.085
-399.438
-429.431
-366.194
-449.895
-278.47
-584.334
-114.896
-1008.83
361.61
-2635.95
-1690.9
-411.974
-244.673
-480.58
-419.015
-399.45
-428.7
-365.897
-445.917
-277.603
-570.06
-119.687
-988.899
315.758
-2707.33
-1690.98
-411.82
-244.632
-480.58
-418.867
-399.512
-427.863
-365.812
-440.802
-276.816
-546.285
-133.057
-825.984
334.413
-2933.08
-1691.15
-411.773
-244.671
-480.696
-418.892
-399.678
-427.381
-365.869
-436.905
-276.297
-520.06
-144.043
-755.36
353.523
-2985.99
-1691.31
-411.699
-244.681
-480.785
-418.914
-399.892
-427.254
-366.347
-435.552
-277.613
-518.65
-146.02
-720.162
352.661
-3003.52
-1691.54
-411.736
-244.778
-481.001
-419.154
-400.265
-427.617
-366.997
-436.118
-279.244
-525.388
-137.754
-739.532
316.73
-2989.91
-1691.76
-411.766
-244.845
-481.177
-419.391
-400.624
-428.22
-367.778
-437.33
-280.768
-529.568
-124.971
-899.331
263.198
-2881.36
-1692.02
-411.919
-244.994
-481.473
-419.845
-401.142
-429.229
-368.583
-439.035
-281.778
-523.501
-132.06
-739.93
377.624
-3265.47
-1692.26
-412.068
-245.098
-481.703
-420.263
-401.595
-430.439
-369.368
-441.982
-281.668
-526.504
-128.884
-710.355
440.399
-3272.58
-1692.52
-412.342
-245.294
-482.061
-420.896
-402.205
-432.032
-370.228
-445.661
-281.124
-525.96
-140.861
-761.424
406.596
-3218.34
-1692.73
-412.555
-245.403
-482.3
-421.416
-402.718
-433.791
-371.358
-452.108
-282.796
-556.735
-136.31
-879.258
340.989
-3183.96
-1692.97
-412.911
-245.632
-482.684
-422.161
-403.418
-435.998
-372.917
-460.559
-286.356
-594.82
-125.557
-1038.51
314.915
-2966.33
-1693.09
-413.097
-245.699
-482.856
-422.586
-403.842
-437.58
-374.106
-466.747
-289.051
-617.017
-124.252
-1089.68
358.063
-2871.08
-1693.29
-413.484
-245.95
-483.219
-423.316
-404.531
-439.79
-375.935
-475.351
-294.16
-646.712
-136.133
-1142.61
423.191
-2843.56
-1836.08
-469.653
-267.274
-526.646
-466.529
-440.879
-492.124
-411.146
-564.572
-317.488
-842.007
-108.069
-1597.09
593.593
-3677.54
-1836.13
-469.567
-267.195
-526.597
-466.143
-440.671
-489.879
-409.922
-552.184
-312.612
-789.545
-107.63
-1495.23
451.776
-3792
-1836.26
-469.5
-267.166
-526.609
-465.932
-440.564
-488.423
-409.25
-543.988
-310.221
-747.395
-116.969
-1217.63
507.135
-4165.41
-1836.36
-469.42
-267.121
-526.61
-465.632
-440.484
-486.567
-408.585
-532.733
-306.239
-683.067
-111.493
-991.397
657.458
-4389.95
-1836.54
-469.403
-267.136
-526.705
-465.547
-440.582
-485.541
-408.612
-526.013
-306.211
-642.344
-114.346
-892.235
686.057
-4438.37
-1836.71
-469.379
-267.147
-526.807
-465.522
-440.782
-485.08
-409.21
-523.435
-308.839
-641.33
-119.921
-887.307
698.292
-4462.92
-1836.94
-469.438
-267.233
-527.022
-465.754
-441.195
-485.473
-410.312
-524.889
-314.356
-660.841
-134.747
-896.119
479.202
-4617.43
-1837.17
-469.51
-267.313
-527.233
-466.058
-441.642
-486.325
-411.491
-527.778
-318.374
-681.491
-129.061
-1201.21
291.147
-4126.09
-1837.43
-469.674
-267.468
-527.554
-466.61
-442.266
-487.745
-412.634
-530.858
-320.35
-679.287
-134.081
-1127.21
386.779
-4434.2
-1837.67
-469.844
-267.604
-527.841
-467.192
-442.857
-489.522
-413.596
-535.376
-319.525
-682.364
-136.195
-995.012
513.074
-4949.19
-1837.93
-470.106
-267.82
-528.241
-468.02
-443.635
-491.914
-414.648
-541.019
-316.242
-673.272
-114.9
-969.688
763.755
-4793.36
-1838.14
-470.33
-267.973
-528.547
-468.768
-444.332
-494.574
-416.024
-550.851
-316.745
-713.333
-107.777
-1089.84
677.593
-4713.87
-1838.36
-470.655
-268.23
-528.982
-469.783
-445.294
-498.129
-418.366
-565.963
-323.207
-791.604
-125.802
-1327.54
520.956
-4589.67
-1838.48
-470.846
-268.338
-529.21
-470.411
-445.894
-500.634
-420.032
-576.937
-327.347
-845.301
-114.742
-1663.81
465.673
-4156.69
-1838.65
-471.187
-268.612
-529.621
-471.427
-446.9
-504.382
-422.966
-592.876
-335.626
-903.817
-120.345
-1727.27
649.165
-4050.54
-1981.52
-534.849
-291.816
-577.118
-519.71
-486.005
-559
-454.461
-678.256
-339.486
-1104.74
-75.3091
-2391.58
933.301
-5377.13
-1981.54
-534.793
-291.708
-577.034
-519.124
-485.6
-555.454
-452.393
-657.596
-330.452
-991.02
-55.2311
-1737.37
714.076
-5937.61
-1981.62
-534.733
-291.641
-577.003
-518.785
-485.412
-553.337
-451.619
-644.561
-328.324
-905.761
-81.4758
-1313.64
1010.41
-5994.41
-1981.68
-534.671
-291.565
-576.974
-518.339
-485.237
-550.73
-450.884
-630.278
-325.701
-840.549
-70.0266
-1130.17
1022.03
-6278.09
-1981.79
-534.642
-291.535
-577.026
-518.154
-485.319
-549.442
-451.348
-623.66
-328.507
-815.958
-79.7783
-1224.57
826.863
-6439.31
-1981.93
-534.618
-291.517
-577.113
-518.08
-485.547
-548.859
-452.451
-621.824
-334.419
-828.791
-97.7885
-1365.2
550.672
-6397.3
-1982.1
-534.652
-291.564
-577.303
-518.295
-486.025
-549.388
-454.309
-624.555
-344.711
-854.87
-129.387
-1472.4
201.204
-6041.32
-1982.3
-534.71
-291.628
-577.519
-518.648
-486.568
-550.508
-456.023
-628.74
-351.284
-877.216
-133.757
-1647.71
117.818
-5207
-1982.52
-534.837
-291.763
-577.838
-519.276
-487.289
-552.352
-457.593
-633.343
-354.4
-881.454
-132.933
-1641.66
179.017
-5426.25
-1982.74
-534.985
-291.9
-578.151
-519.995
-487.998
-554.678
-458.769
-639.681
-353.653
-893.025
-127.591
-1631.16
105.096
-6247.18
-1982.97
-535.206
-292.114
-578.568
-520.995
-488.915
-557.845
-459.994
-647.472
-348.816
-886.988
-103.515
-1501.78
414.461
-6818.02
-1983.16
-535.411
-292.286
-578.916
-521.949
-489.755
-561.357
-461.456
-659.946
-347.382
-920.109
-94.4817
-1339.17
816.547
-6794.21
-1983.36
-535.696
-292.554
-579.382
-523.219
-490.936
-566.192
-464.215
-679.497
-351.522
-993.414
-101.785
-1551.39
959.257
-6489.6
-1983.48
-535.874
-292.687
-579.652
-524.046
-491.685
-569.725
-466.241
-697.001
-356.122
-1100.08
-84.343
-2073.97
628.639
-6438.03
-1983.63
-536.175
-292.977
-580.099
-525.362
-492.998
-575.289
-470.414
-723.604
-369.713
-1233.54
-111.71
-2744
888.299
-5935.55
-2117.48
-609.301
-320.719
-633.29
-585.777
-544.122
-647.09
-512.502
-828.675
-366.599
-1447.38
18.7004
-3390.67
1334.24
-7002.74
-2117.51
-609.289
-320.596
-633.165
-584.972
-543.554
-642.331
-510.087
-801.992
-357.034
-1294.53
34.9791
-2371.16
1132.75
-7652.79
-2117.55
-609.258
-320.497
-633.086
-584.473
-543.306
-639.325
-509.539
-779.805
-356.331
-1085.03
-19.0885
-1898.47
1383.75
-7652.26
-2117.6
-609.249
-320.4
-633.013
-583.853
-543.07
-636.112
-509.597
-766.877
-365.778
-1092.26
-75.4407
-1748.25
617.252
-8269.83
-2117.68
-609.256
-320.338
-633.005
-583.525
-543.124
-634.506
-510.907
-761.579
-375.722
-1117.51
-99.7991
-2197.49
34.0475
-7710.42
-2117.79
-609.282
-320.305
-633.051
-583.346
-543.319
-633.64
-512.503
-759.424
-384.783
-1125.97
-118.574
-2157.34
171.711
-6922.96
-2117.94
-609.343
-320.332
-633.185
-583.475
-543.751
-634.027
-514.728
-761.561
-396.804
-1140.2
-152.519
-2220.87
97.741
-6234.44
-2118.12
-609.433
-320.393
-633.366
-583.792
-544.241
-635.076
-516.47
-764.898
-403.6
-1148.64
-171.402
-2212.72
212.797
-5663.74
-2118.33
-609.574
-320.522
-633.637
-584.409
-544.886
-637.044
-517.907
-770.001
-405.941
-1156.59
-166.092
-2234.4
188.929
-6034.63
-2118.54
-609.741
-320.671
-633.925
-585.168
-545.513
-639.58
-518.649
-776.744
-402.82
-1168.13
-145.705
-2243.09
66.7273
-6988.29
-2118.75
-609.963
-320.895
-634.308
-586.249
-546.345
-643.239
-519.317
-786.44
-395.269
-1180.76
-119.54
-2363.1
-163.292
-8217.45
-2118.94
-610.177
-321.091
-634.642
-587.313
-547.082
-647.249
-519.818
-799.465
-387.033
-1184.56
-82.3757
-2073.12
188.812
-9238.72
-2119.13
-610.452
-321.382
-635.094
-588.754
-548.216
-652.929
-521.585
-819.139
-377.281
-1189.86
-17.7603
-2152.75
1299.12
-8772.62
-2119.25
-610.633
-321.54
-635.361
-589.72
-548.922
-657.43
-523.164
-846.142
-379.797
-1415.14
18.2026
-2768.67
1095.03
-8709.09
-2119.39
-610.917
-321.858
-635.812
-591.278
-550.32
-664.524
-527.594
-881.324
-394.804
-1608.47
-9.84741
-3938.22
1325.68
-8076.22
-2248.37
-697.648
-353.351
-694.942
-656.018
-600.723
-727.531
-556.851
-943.098
-337.692
-1647.41
318.092
-3672.33
3106.94
-10314.8
-2248.3
-697.548
-353.135
-694.725
-654.993
-600.078
-721.957
-554.809
-912.283
-330.134
-1482.82
279.797
-3022.79
2310.26
-10074.5
-2248.22
-697.464
-352.979
-694.576
-654.353
-599.835
-718.45
-554.869
-884.004
-327.53
-1178.31
269.54
-2646.13
2260.27
-10280.7
-2248.09
-697.377
-352.787
-694.395
-653.547
-599.601
-714.817
-556.451
-869.829
-351.724
-1165.2
132.629
-2288.09
628.328
-11455.3
-2247.94
-697.303
-352.633
-694.271
-653.063
-599.672
-713.145
-559.381
-867.378
-376.065
-1255.49
57.9547
-3003.6
-630.221
-10449.2
-2247.78
-697.233
-352.502
-694.203
-652.748
-599.865
-712.369
-562.455
-869.404
-398.581
-1308.29
-32.9373
-2680.13
136.446
-8579.96
-2247.68
-697.157
-352.422
-694.211
-652.738
-600.254
-712.765
-565.624
-873.326
-417.298
-1333.04
-89.1092
-2698.26
222.073
-7366.22
-2247.68
-697.091
-352.383
-694.282
-652.951
-600.691
-713.857
-567.973
-878.172
-429.616
-1351.63
-135.233
-2732.34
346.829
-7074.46
-2247.73
-697.062
-352.41
-694.438
-653.473
-601.234
-715.842
-569.41
-883.656
-431.269
-1360.35
-121.37
-2773.02
271.126
-7791.46
-2247.81
-697.071
-352.472
-694.633
-654.179
-601.757
-718.439
-569.831
-890.483
-426.068
-1366.38
-92.2155
-2789.5
183.83
-9482.69
-2247.91
-697.135
-352.615
-694.924
-655.248
-602.464
-722.367
-569.717
-900.622
-410.252
-1364.32
-13.766
-3154.14
-605.424
-11657.6
-2248.01
-697.216
-352.751
-695.195
-656.344
-603.076
-726.803
-569.174
-915.299
-393.541
-1341.54
54.9531
-2584.24
478.148
-13367.3
-2248.13
-697.364
-352.99
-695.585
-657.892
-604.136
-733.389
-569.913
-939.463
-369.033
-1369.81
241.895
-3116.37
2314.2
-12206.2
-2248.2
-697.458
-353.121
-695.825
-658.945
-604.798
-738.714
-571.141
-975.623
-371.663
-1713.46
267.55
-3874.35
2155.17
-12216.3
-2248.31
-697.653
-353.407
-696.239
-660.701
-606.26
-747.427
-575.889
-1022.32
-388.682
-1989.91
259.503
-5285.34
3031.65
-12026.6
-2328.92
-818.155
-400.049
-749.737
-757.396
-683.604
-861.512
-627.878
-1174.99
-329.671
-2182.81
660.878
-5099.75
5721.84
-13812.3
-2328.92
-818.128
-399.785
-749.443
-755.962
-682.851
-854.172
-626.569
-1138.46
-330.211
-2045.05
544.527
-4956.18
4057.45
-13325.5
-2328.91
-818.052
-399.546
-749.195
-754.98
-682.531
-849.245
-627.253
-1103.73
-332.154
-1725.22
547.73
-4428.24
4150.84
-14073.5
-2328.92
-817.997
-399.275
-748.889
-753.733
-682.107
-843.688
-629.231
-1077.3
-359.652
-1614.86
413.704
-3345.6
2182.36
-15124.5
-2328.95
-817.923
-399.017
-748.592
-752.819
-681.961
-840.449
-633.242
-1067.08
-399.618
-1648.39
126.441
-4075.63
-116.287
-14628.5
-2329.01
-817.877
-398.804
-748.328
-752.109
-681.743
-838.496
-635.591
-1065.44
-419.449
-1702.74
85.987
-3823.5
955.781
-12502.3
-2329.1
-817.843
-398.634
-748.109
-751.676
-681.694
-837.629
-638.389
-1065.45
-440.714
-1721.13
3.52242
-3765.75
1082.77
-10116.2
-2329.23
-817.846
-398.522
-747.95
-751.506
-681.603
-837.672
-639.56
-1066.84
-449.748
-1727.72
-23.3145
-3805.75
1173.95
-9939.99
-2329.37
-817.882
-398.477
-747.86
-751.646
-681.585
-838.605
-639.862
-1069.09
-450.71
-1727.33
-18.9044
-3840.15
1115.37
-11253.2
-2329.53
-817.957
-398.483
-747.829
-752.028
-681.539
-840.412
-638.71
-1073.33
-440.185
-1717.33
23.9642
-3891.22
493.785
-15024.4
-2329.69
-818.072
-398.582
-747.89
-752.84
-681.617
-843.883
-636.587
-1082.24
-417.222
-1692.48
99.8592
-4173.1
-12.946
-17590.5
-2329.84
-818.198
-398.687
-747.96
-753.762
-681.574
-848.378
-632.784
-1099.9
-376.002
-1694.4
470.597
-3457.85
1993.06
-19330
-2329.98
-818.371
-398.919
-748.155
-755.24
-681.995
-855.703
-631.235
-1134.04
-345.807
-1817.58
679.499
-4102.91
4924.31
-18387.7
-2330.08
-818.484
-399.037
-748.258
-756.229
-682.182
-861.277
-630.213
-1170.99
-335.924
-2111
738.413
-4718.23
4804.98
-18710.1
-2330.18
-818.681
-399.346
-748.514
-758.009
-682.988
-870.824
-631.762
-1223.9
-338.039
-2422.14
768.603
-6397.5
5090.28
-17427.8
-2560.71
-3458.57
-4214.71
-5151.43
-6250.39
-7518.41
-9177.7
-11089.3
-13826.9
-16877
-22600.8
-24991.7
-47457.4
-39686.2
-130037
-910.06
-1030.36
-1054.57
-1224.01
-1430.12
-1710.55
-2134.07
-2660.41
-3573.72
-4611.44
-7095.48
-9894.63
-13002.3
-23624
-13403.8
-496.669
-607.117
-697.246
-878.344
-1067.17
-1329.91
-1676.07
-2182.93
-2852.88
-3993.54
-5399.81
-8473.43
-10718.4
-21164.3
1263.61
-839.661
-1060.94
-1257.08
-1525.07
-1818.17
-2194.65
-2673.23
-3298.06
-4089.29
-5190.88
-6803.55
-8885.67
-11247.7
-14809.6
-11245
-849.149
-1039.04
-1200.24
-1423.02
-1672.91
-2000.24
-2443.45
-2993.47
-3718.73
-4750.74
-6169.65
-7946.23
-8576.74
-12271.3
-6138.57
-754.059
-935.646
-1101.76
-1300.07
-1518.85
-1809.94
-2195.71
-2618.64
-3153.56
-3923.54
-5172.37
-5701.38
-6759.04
-2539.84
-1170.71
-952.29
-1150.87
-1318.95
-1492.01
-1711.26
-2030.82
-2518.86
-2937.21
-3691.32
-5202.11
-6683.62
-7076.88
-7912.53
-4453.42
-10266
-680.968
-871.016
-1056.29
-1128.78
-1284.86
-1624.8
-1985.83
-2340.2
-3824.93
-5260.35
-5939.73
-5661.72
-6221.3
-3194.1
-4037.73
-1300.42
-1463.53
-1544.6
-1513.19
-1769.43
-2122.29
-2809.43
-4084.67
-6174.13
-8136.07
-9006.74
-9172.12
-8888.51
-3291.54
-25584.1
-342.12
-654.36
-986.759
-592.018
-934.288
-1832.39
-2934.76
-4363.68
-5446.45
-5488.04
-3972.18
-7010.56
-3665.98
-14477.4
-14018.4
-2438.67
-2264.32
-1825.87
-1274.52
-3121.4
-5346.6
-7092.24
-7156.81
-9828.19
-11440.6
-12656.6
-15161.1
-11339.6
-19873.2
-19099.7
787.435
-602.387
-938.872
329.754
718.166
134.195
-4235.93
-1817.35
-2868.86
-3366.23
-5213.37
-10073.3
-6540.2
-20935.9
-10309.1
-6256.72
-6382.74
-866.945
-6822.64
-22913.6
-20392.3
-10933
-9898.86
-26007.1
-26738.2
-26138.6
-28883.6
-26934
-24272.8
-20447.6
4967.2
1424.65
4603.59
4728.85
5018.55
-1632.91
2001.99
5023.44
2954.8
-10536.8
-11035.5
-10518.4
-3303
-13814.3
-2985.46
-16931.7
-23032.2
-33771.1
-33643.9
-23331.7
-30943.7
-48440.8
-51122.3
-46460.3
-36495.3
-31130.5
-38495.9
-36206.6
-58295.3
-24709
-2560.5
-3458.52
-4214.04
-5151.13
-6248.44
-7516.62
-9172.95
-11085.1
-13820.8
-16865.6
-22549.8
-24997.8
-47157.3
-39576.5
-127531
-909.633
-1030.08
-1053.04
-1222.46
-1425.69
-1705.71
-2123.2
-2647.14
-3549.99
-4585.61
-7036.44
-9860.66
-13085.2
-23362.4
-14392.5
-496.143
-606.184
-695.581
-875.581
-1062.33
-1322.66
-1663.5
-2164.89
-2821.04
-3950.44
-5314.31
-8383.95
-10562.5
-20919.2
859.635
-839.165
-1059.91
-1255.05
-1521.64
-1812.22
-2185.42
-2656.77
-3271.74
-4030.83
-5093.96
-6626.61
-8695.13
-10888.4
-14995.2
-12007.8
-847.227
-1035.92
-1194.73
-1413.52
-1656.12
-1973.37
-2397.51
-2910.96
-3558.62
-4466.67
-5729.7
-7498.45
-7980.42
-12374.5
1814.29
-753.129
-933.254
-1095.96
-1291.17
-1503.9
-1784.04
-2152.46
-2522.74
-2871.37
-3527
-4740.09
-5246.08
-6312.77
-1766.53
-340.663
-944.087
-1139.16
-1300.4
-1462.75
-1651.85
-1942.21
-2372.8
-2543.18
-3072.05
-4452.05
-5870.96
-6505.11
-7138.12
-3585.65
-16684.8
-681.874
-868.175
-1038.53
-1106.78
-1238.69
-1531.28
-1826.92
-1916.43
-3207.97
-5060.19
-6059.65
-5763.35
-5939.07
-3394.48
-10006
-1263.32
-1417.84
-1480.09
-1412.82
-1441.49
-1884.89
-2350.18
-3545.07
-6188.75
-8566.16
-9132.39
-8891.97
-8099.76
-3166.67
-34678.1
-363.098
-667.68
-931.587
-498.922
-852.126
-1691.75
-2458.64
-4793.22
-6184.98
-6116.97
-4190.93
-5976.06
-1843.96
-13010.5
-20634.5
-2296.78
-2148.27
-1696.79
-1008.14
-2545.71
-4398.95
-6629.32
-8069.61
-10068.6
-10999.9
-12061.8
-13383.3
-9897.33
-18506.3
-22065.9
679.325
-659.822
-998.677
58.793
-331.924
68.7428
-4266.53
-3202.79
-3518.83
-3226.87
-5909.77
-9449.77
-8040.34
-20018.5
-723.85
-5944.71
-7330.77
-1399.95
-7142.99
-22187.9
-20766.8
-13634.3
-9435.21
-20704.5
-24766.8
-26115.8
-27424.7
-27511.2
-28575
-11752.5
3414.57
-27.8442
4192.23
4470.97
4046.83
-498.276
-604.592
2569.1
4037.8
-9763.15
-10431.1
-9338.2
-4375.66
-17167
-348.286
-16743.4
-23407.9
-32965.7
-31199.4
-23174.9
-29780.8
-43059.5
-52785.2
-49237.1
-41675.7
-36945.8
-38970.4
-32102.4
-51484.8
-29198.4
-2560.26
-3458.39
-4213.3
-5150.54
-6246.21
-7514.29
-9167.79
-11079.6
-13814.2
-16846.6
-22501
-24983.7
-47010
-39557.7
-128586
-909.245
-1029.66
-1051.6
-1220.79
-1421.42
-1700.9
-2112.83
-2634.98
-3530.62
-4570.04
-7001.67
-9825.17
-13089
-23394.9
-13338.9
-495.778
-605.387
-694.449
-873.498
-1058.99
-1317.55
-1654.9
-2153.2
-2802.87
-3929.17
-5270.41
-8342.05
-10526.6
-20843.8
1145.44
-838.748
-1058.97
-1253.3
-1518.59
-1806.96
-2177.97
-2643.53
-3253.86
-4002.26
-5059.61
-6565.59
-8606.95
-10765.7
-14620.1
-11889.2
-845.901
-1033.78
-1191.03
-1407.17
-1645.44
-1958.05
-2370.35
-2871.68
-3489.24
-4333.92
-5523.36
-7348.29
-7857.54
-12611.7
-18.0275
-752.586
-931.359
-1091.37
-1284.06
-1493.57
-1771.08
-2132.44
-2497.78
-2794.62
-3516.75
-4742.22
-5268.93
-6308.41
-1515.46
-2604.88
-939.144
-1132.68
-1290.53
-1448.07
-1630.08
-1915.92
-2336.8
-2452.59
-2927.27
-4129.73
-5322.97
-5999.19
-6483.89
-2933.4
-15979.4
-684.391
-866.265
-1023.41
-1092.84
-1223.62
-1545.85
-1867.06
-1935.43
-2923.1
-4548.98
-5431.53
-5365.32
-5176.11
-3741.23
-10951.9
-1243.67
-1393.03
-1450.54
-1369.95
-1415.7
-1902.85
-2294.02
-3133.6
-5138.93
-7315.76
-7752.98
-7904.38
-7153.87
-4014.58
-34220.6
-395.008
-680.463
-845.401
-475.514
-860.742
-1806.73
-2220.2
-4281.22
-5399.06
-5464.79
-3314.76
-4995.5
-1233.77
-13189.1
-11423.5
-2244.83
-1995.57
-1573.27
-779.252
-2030.21
-3324.72
-5502.49
-7279.47
-9050.74
-10549.1
-12103.1
-12567.7
-10296.7
-19069.9
-14437.9
578.669
-763.399
-1061.04
881.612
-1258.75
-1023.06
-5858.72
-4120.39
-3383.94
-2685.47
-4725.79
-8243.45
-8263.51
-18691.1
12457.6
-6440.4
-6600.89
-2481.37
-6866.85
-15780.8
-23355.2
-14099.6
-10333.3
-18877
-27165.8
-31304.5
-33391.9
-28329.7
-21199
-9744.11
2338.67
-489.271
6053.83
3300
6363.36
-3043.38
1265.91
4964.28
5186.59
-11833.3
-18915.1
-19824.5
-7136.82
-12451.7
3706.33
-17932.4
-27878
-32123.7
-33200.4
-27543.2
-32766.8
-44686
-52239
-53022.7
-48227.6
-46471.4
-47051.2
-34589.2
-57980
-36246.3
-2559.9
-3458.26
-4212.16
-5149.86
-6242.79
-7511.04
-9159.79
-11071.3
-13802.2
-16816.3
-22433.4
-24919.1
-46884.8
-39601.5
-128886
-908.742
-1029.18
-1049.68
-1218.88
-1415.81
-1695.12
-2099.11
-2620.31
-3505.98
-4559.44
-6965.26
-9777.39
-13058.1
-23354.7
-12617.1
-495.252
-604.366
-692.698
-870.453
-1053.78
-1309.91
-1641.6
-2135.35
-2776.16
-3903.78
-5219.26
-8286.49
-10442.5
-20757.7
1056.22
-838.147
-1057.64
-1250.75
-1514.11
-1799.28
-2167.15
-2623.24
-3226.54
-3961.81
-5013.49
-6472.09
-8483.48
-10506.6
-14198.6
-11708.4
-844.12
-1030.81
-1185.74
-1397.65
-1629.53
-1934.72
-2325.58
-2808.55
-3398.19
-4210.29
-5292.33
-7150.72
-7567.63
-12918.8
119.365
-751.697
-928.381
-1084.43
-1272.56
-1478.63
-1750.54
-2087.9
-2453.1
-2749.36
-3445.64
-4651.81
-5285.69
-6372.88
-1132.3
-2722.74
-932.374
-1123.5
-1276.02
-1426.26
-1603.45
-1873.87
-2226.49
-2356.85
-2750.38
-3957.63
-5113.68
-5942.27
-6053.32
-2166.61
-14998.3
-687.797
-859.953
-997.113
-1066.89
-1215.23
-1519.78
-1805.85
-1742.41
-2649.62
-4318.05
-5233.7
-5431.19
-4784.14
-4325.84
-10605.7
-1212.55
-1348.42
-1399.22
-1365.72
-1497.01
-1917.42
-2007.95
-2421.91
-4263.17
-6557.94
-6978.83
-7354.99
-6570.08
-4048.58
-28493
-449.609
-637.62
-670.718
-515.808
-943.876
-1828.12
-1985.5
-2999.05
-4447.31
-5137.87
-3855.57
-4896.93
-1360.8
-11888.5
4816.57
-2035.24
-1519.77
-1243.65
-1064.37
-2383.86
-2716.4
-3554.06
-5617.25
-8018.14
-9969.75
-10265.3
-11458.3
-11845
-18587.3
-4020.55
63.4778
-494.177
6.39364
398.76
-1952.36
-1428.46
-4614.97
-4270.47
-4674.07
-4766.67
-4250.75
-7506.32
-7989.03
-12564.6
25741.8
-3977.7
-4939.12
-3548.65
-10253.3
-8164.4
-13272.2
-12775.5
-9951.81
-15564.3
-20969.8
-19668.9
-25156.8
-30198.4
-15279.7
-9921.14
4566.56
4771.65
6916.08
-2283.55
3529.53
767.209
6156.87
7421.36
8247.48
-5807.92
-14020.7
-14018.7
-6802.76
-7293.39
-6066.36
-20690.3
-25989.4
-32394.9
-34219.3
-32461.8
-40051.7
-44680.8
-49924
-51927.9
-56321.7
-61494.2
-66729.9
-45589.6
-70301.4
-54567.9
-2559.47
-3458.14
-4210.81
-5148.86
-6238.63
-7506.99
-9150.3
-11060.3
-13782.8
-16777
-22369.6
-24842.3
-46860
-39626
-129247
-908.231
-1028.61
-1047.67
-1216.85
-1409.85
-1689.22
-2084.7
-2606.71
-3481.08
-4556.74
-6955.61
-9761.78
-13033.9
-23390.2
-12490.1
-494.776
-603.34
-691.056
-867.467
-1048.73
-1302.5
-1628.8
-2118.96
-2754.4
-3897.36
-5216.9
-8300.86
-10448.2
-20829.4
690.573
-837.544
-1056.23
-1248.14
-1509.41
-1790.98
-2155.59
-2601.71
-3198.43
-3935.24
-5021.02
-6483.24
-8480.7
-10408.2
-13612.2
-10691.2
-842.68
-1028.19
-1181.11
-1389.31
-1615.18
-1914.68
-2285.06
-2761.54
-3370.04
-4292.95
-5390.86
-7210.24
-7553.15
-12924.6
443.047
-750.977
-925.465
-1078.47
-1262.12
-1463.37
-1728.61
-2045.54
-2415.1
-2884.79
-3665.99
-4810.73
-5460.67
-6514.08
-1043.1
-2001.25
-927.284
-1116.36
-1266.45
-1411.12
-1582.9
-1843.63
-2139.56
-2408.5
-2946.56
-4144.26
-5183.57
-5785.09
-5469.22
-1664.66
-14068.9
-691.072
-853.687
-984.342
-1052.98
-1205.86
-1477.31
-1717.93
-1967.32
-2616.12
-3939.55
-4655.69
-4850.04
-3955.81
-4784.09
-8604.95
-1182.04
-1319.96
-1393.11
-1368.23
-1521.38
-1816.33
-2163.3
-2289.39
-3436.95
-5369.96
-5654.26
-6198.73
-5702.29
-3181.56
-17408.9
-485.707
-602.9
-661.906
-566.178
-991.017
-1769.57
-2012.91
-2262.45
-3514.77
-4452.82
-3656.34
-4485.84
-1621.97
-9649.32
19060.7
-1746.54
-1404.64
-1327.55
-1297.48
-2210.69
-2709.14
-2880.08
-4281.15
-6939.89
-7827.75
-8394.61
-10240.9
-12574
-15326.5
3050.21
48.0948
-315.047
91.8433
631.727
-910.813
-1813.39
-3997.72
-4470.21
-5399.86
-4944.5
-4841.74
-4792.49
-6159.26
-78.2445
36799.7
-3553.11
-4625.38
-6072.8
-10680.3
-8498.08
-7100.46
-10944.2
-11433.4
-13694.5
-15074.6
-13629.2
-16939.4
-29022
-7583.49
-9475.15
341.333
-2258.61
-1451.59
-3593.49
-1746.4
277.532
6875.18
6267.27
5181.56
3274.89
4889.65
8740.23
-4491.81
5945.11
-13340.4
-24124.8
-29644.4
-34974
-29334.2
-33212.6
-42384.7
-43099.4
-51768.1
-55586.7
-57325.5
-60160.6
-69806.2
-58830.9
-78860.9
-80092.4
-2558.98
-3458.14
-4209.19
-5147.92
-6233.43
-7502.25
-9138.03
-11047.1
-13750.7
-16738.1
-22306.2
-24768
-46833.9
-39697.1
-129676
-907.709
-1028.05
-1045.56
-1214.99
-1403.56
-1683.73
-2069.2
-2594.89
-3453.36
-4544.82
-6947.41
-9754.36
-13009.2
-23423.1
-12228.3
-494.3
-602.313
-689.275
-864.248
-1043.17
-1294.24
-1614.57
-2100.49
-2728.01
-3880.09
-5214.09
-8309.01
-10494.6
-20988.5
409.502
-836.901
-1054.77
-1245.35
-1504.28
-1781.67
-2142.04
-2576.7
-3165.86
-3892.67
-4992.65
-6463.27
-8417.36
-10323.1
-12857.8
-9469.81
-841.471
-1025.81
-1176.53
-1380.34
-1599.13
-1890.88
-2240.17
-2704.21
-3300.22
-4273.89
-5404.71
-7232.23
-7602.35
-12762.6
-436.655
-749.81
-922.436
-1072.62
-1250.18
-1444.61
-1700.02
-1991.05
-2352.93
-2831.84
-3675.82
-4768.37
-5473.65
-6406.21
-1103.08
-856.786
-924.574
-1112.99
-1260.06
-1393.97
-1556.68
-1803.15
-2043.83
-2295.22
-2858.35
-4040.66
-5008.86
-5517.66
-4550.76
-1614.82
-11808.2
-689.395
-849.29
-976.692
-1028.78
-1181.88
-1425.65
-1595.58
-1933.5
-2615.52
-3808.86
-4395.27
-4485.69
-3074.52
-5226.29
-4617.43
-1181.11
-1343.53
-1416.7
-1368.29
-1530.15
-1883.46
-2285.08
-2531.39
-3702.32
-5196.04
-5437.76
-5260.96
-4546.74
-1476.92
-4673.09
-476.084
-631.578
-721.35
-553.138
-1073.99
-2088.45
-2054.39
-2445.83
-3375.53
-4090.82
-4389.78
-4902.07
-2681.77
-7825.74
25986.3
-1872.23
-1891.26
-1750.2
-1478.61
-2609.79
-2873.22
-2896.55
-4480.38
-6944.36
-8188.82
-8796.73
-9914.08
-13567.4
-12584.2
7852.26
43.4914
-799.264
-538.591
-97.0472
-1733.7
-2088.42
-4060.98
-4795.08
-5942.59
-6768.21
-6077.72
-3546.35
-5705.89
4646.13
34679.9
-4765.81
-8265.31
-8967.19
-10139.4
-9639.38
-6847.84
-14117.8
-14640.2
-20097.3
-21353.8
-22902
-23894.5
-30894.7
-11788.1
-10951.2
-1040.1
-5269.24
-4972.68
-3130.52
231.119
1819.62
4827.85
8237.77
2643.52
-1395.88
-3134.07
-2081.57
-5693.81
7561.75
-17972.8
-20596
-22888.9
-25805.5
-24214.1
-30086.2
-40805.9
-42503.7
-48016
-43743.3
-44363.5
-48974
-58950.7
-61031
-76178.1
-100541
-2558.45
-3458.27
-4207.31
-5146.92
-6227.47
-7497.2
-9123.59
-11031.7
-13706.1
-16717.7
-22251.3
-24707.8
-46826.1
-39802.7
-130182
-907.209
-1027.47
-1043.46
-1213.21
-1397.22
-1678.88
-2053.44
-2585.72
-3424.63
-4520.78
-6943.81
-9759.32
-12996
-23472.9
-11926.2
-493.867
-601.329
-687.532
-861.024
-1037.64
-1285.91
-1600.04
-2081.98
-2701.25
-3863.04
-5220.52
-8329.71
-10581.7
-21245.8
94.0588
-836.322
-1053.37
-1242.55
-1499.02
-1771.83
-2127.39
-2548.77
-3131.04
-3848.36
-4964.41
-6444.34
-8347.24
-10269.8
-11972.7
-8184.54
-840.48
-1023.55
-1171.97
-1371.61
-1583.26
-1865.95
-2190.19
-2643.59
-3230.6
-4243.09
-5379.12
-7237.32
-7701.68
-12494.5
-2094.82
-749.109
-919.964
-1067
-1238.6
-1424.7
-1664.93
-1921.75
-2276.77
-2783.23
-3689.72
-4721.2
-5446.96
-6102.02
-1077.84
-116.071
-922.304
-1108.39
-1251
-1375.33
-1527.51
-1739.21
-1882.76
-2136.14
-2753.9
-3892.1
-4589.57
-5063.22
-3529.03
-1166.18
-8679.65
-690.513
-846.788
-967.537
-1009.54
-1154.7
-1301.01
-1344.43
-1781.16
-2467.29
-3520.89
-3873.32
-3725.79
-1888.23
-3865.27
-145.091
-1175.73
-1340.91
-1407.68
-1340.65
-1513.61
-1566.29
-1984.81
-2505.76
-3564.58
-4730.51
-4553.67
-4109.92
-2783.61
1342.34
3321.91
-487.481
-635.642
-713.87
-582.225
-1105.87
-1634.05
-2065.43
-2392.01
-3426.1
-4100.75
-4007.76
-4577.37
-2294.85
-4704.92
24765.8
-1893.66
-2018.28
-1826.97
-1574.33
-2365.43
-2870.99
-3506.82
-4822.74
-7082.17
-8238.07
-9404.14
-10480.6
-11646.9
-9039.55
5327.92
-19.9776
-699.564
-725.283
-963.601
-541.128
-1407.56
-3327.32
-5008
-6746.43
-5734.07
-4991.29
-4369.52
-2867.82
2147.07
18270.8
-4408.14
-6291.95
-7739.33
-10143.8
-8976.99
-9006.13
-18687.4
-17949.1
-15004.6
-12056.6
-10623.6
-11444.4
-19839.4
-25593.1
-19213
-114.75
-2925.56
-3678.98
-3628.86
-2361.7
-6906.67
-8244.52
-6967.36
3796.82
4053.41
6002.01
8702.18
5129.8
19603.5
-26208.1
-15907.1
-17635.9
-23124
-29527.5
-38035.9
-45740.4
-45392.6
-53355.3
-53013.9
-62301
-70297
-80127.3
-85923.6
-72447.4
-107680
-2557.9
-3458.55
-4205.22
-5146.17
-6220.56
-7492.16
-9106.29
-11014.7
-13652.7
-16714.3
-22200.5
-24662.4
-46831.8
-39950.4
-130753
-906.75
-1026.96
-1041.44
-1211.74
-1391.01
-1674.99
-2037.56
-2579.96
-3395.59
-4493.91
-6941.54
-9776.25
-12970.6
-23516.7
-11578.5
-493.478
-600.428
-685.791
-857.851
-1032.07
-1277.45
-1585.64
-2064.41
-2674.42
-3845.7
-5227.07
-8353.88
-10679.2
-21576.3
-201.299
-835.812
-1052.12
-1239.85
-1493.9
-1761.67
-2111.79
-2520.11
-3097.38
-3800.88
-4931.69
-6415.33
-8274.43
-10231.7
-11046.8
-6875.22
-839.777
-1021.59
-1167.57
-1362.97
-1566.45
-1839.68
-2145.56
-2595.07
-3166.65
-4212.68
-5337.65
-7237.7
-7851.06
-12083
-3958.35
-748.378
-917.787
-1061.9
-1227.1
-1400.97
-1627.24
-1862.39
-2216.36
-2719.23
-3678.91
-4676.66
-5518.04
-6194.2
-1216.66
-500.643
-921.324
-1104.68
-1243.09
-1354.65
-1487.63
-1682.01
-1809.08
-2069.81
-2682.31
-3888.44
-4560.75
-5187.75
-3550.87
-566.412
-6134.56
-690.091
-844.281
-961.013
-982.427
-1092.04
-1235.87
-1190.9
-1540.2
-2233.31
-3331.85
-3652.57
-3495.88
-1257.03
-1408.85
2363.81
-1175.53
-1337.3
-1406.44
-1292.09
-1408.94
-1492.35
-1473.09
-2051.92
-3291.86
-4536.86
-4105.06
-3785.58
-1872.55
2174.62
1951
-496.463
-649.252
-734.169
-495.782
-1002.94
-960.267
-1031.96
-1407.13
-2516.84
-3020.41
-2642.27
-4924.77
-3058.99
-4288.51
12232.9
-1895.25
-2006.52
-1887.3
-1557.37
-2962.4
-2324.64
-3124.61
-4064.26
-6480.06
-7694.47
-9280.35
-14161.7
-14165.9
-10821.2
-10013.2
-79.0286
-737.388
-873.876
-1390.18
-733.974
-1242.83
-2700.5
-4350.3
-8290.08
-7824.35
-8163.77
-10304.6
-6164.39
-4350.53
-1542.19
-4514.73
-6202.53
-7350.23
-10662.8
-10682.6
-16857.8
-20327.8
-23391.6
-20275.7
-19381
-17302.4
-18325.3
-24517.1
-37738.2
-26504
-43.7654
-2366.47
-1810.68
-764.303
-1768.59
-6391.26
-5657.89
-11065.7
-6871.44
2263.14
9266.78
14255.9
14564.3
19693.1
-30462.5
-15418.4
-16921.4
-22478
-29025.6
-33670.7
-32519.1
-29889.3
-36801.8
-50698.3
-58775.7
-64826
-74502.8
-82055.4
-78004.5
-101589
-2557.35
-3458.93
-4202.95
-5145.62
-6212.82
-7487.95
-9086.48
-10997.4
-13592.3
-16711.4
-22157.3
-24624.9
-46844.4
-40127.2
-131355
-906.342
-1026.52
-1039.57
-1210.5
-1385.11
-1672.06
-2022.07
-2577.36
-3366.74
-4470.99
-6945.15
-9809.3
-12934.8
-23564.9
-11204.9
-493.156
-599.639
-684.144
-854.862
-1026.71
-1269.19
-1571.41
-2048.33
-2647.85
-3828.31
-5229.7
-8387.74
-10770.5
-21941.7
-361.584
-835.405
-1051.06
-1237.28
-1489.04
-1751.68
-2095.92
-2490.29
-3064.63
-3748.97
-4896.63
-6372.72
-8211.78
-10199.9
-10244.3
-5662.62
-839.368
-1019.92
-1163.24
-1355
-1550.4
-1812.81
-2099.67
-2548.12
-3095.96
-4171.52
-5265.08
-7229.88
-7988.97
-11585.2
-5437.62
-748.003
-916.199
-1056.76
-1217.07
-1377.39
-1583.94
-1802.58
-2160.28
-2647.56
-3647.98
-4592.03
-5586.29
-6306.64
-1688.73
-1548.05
-920.941
-1100.41
-1231.96
-1336.28
-1444.64
-1614.06
-1747.99
-2036.47
-2608.04
-3828
-4455.78
-5326.91
-3657.9
-744.069
-4138.58
-690.671
-842.098
-951.136
-965.517
-1017.7
-1114.09
-1169.6
-1484.08
-2120.37
-3171.13
-3527.9
-3608.37
-1101.02
-712.371
4011.31
-1173.12
-1321.91
-1378.86
-1245.44
-1238.35
-1444.27
-1402
-1973.96
-3199.83
-4725.84
-4697.16
-4816.47
-2900.88
285.447
-3484.78
-500.32
-653.192
-742.68
-432.022
-619.931
-638.174
-473.865
-781.528
-1971.07
-2899.3
-3341.01
-6267.98
-5016.9
-6988.19
-2407.68
-1870.03
-1983.32
-1899.84
-1605.4
-2736.48
-2913.66
-3397.77
-3985.34
-6597.83
-9393.95
-12854.1
-16641.7
-15713.6
-15103.2
-23445.6
-90.7145
-960.531
-1515.18
-2741.5
-1313.2
-761.729
-2392.87
-4072.8
-7522.18
-7861.33
-8038.58
-9473.03
-5247.39
-7177
-6833.6
-4632.14
-7635.7
-11544.4
-17348.9
-15039
-14518.2
-17557.5
-20786.7
-24491.8
-26698.2
-21998.4
-12167.3
-17317.5
-38381.8
-27255.9
-663.515
-4685.21
-6303.27
-6190.21
-5867.21
-5790.01
-3848.78
-4138.68
-4882.45
-2056.03
2925.44
10230.5
16456.3
11733.3
-25908.3
-19597.8
-22615
-26794.9
-29586
-32222.2
-29978.3
-27253.7
-28907.6
-38199.9
-52406.9
-65113.6
-84401.7
-91318.2
-81683.4
-104834
-2556.83
-3459.4
-4200.59
-5145.41
-6204.26
-7485.06
-9063.29
-10981.2
-13531.7
-16705
-22121.2
-24584.6
-46827.6
-40326.8
-131973
-905.996
-1026.2
-1037.92
-1209.58
-1379.71
-1670.08
-2007.44
-2575.22
-3337.86
-4456.12
-6940
-9858.21
-12884.8
-23596.6
-10826.5
-492.884
-598.941
-682.564
-852.088
-1021.56
-1261.4
-1557.8
-2033.63
-2620.99
-3814.45
-5220.26
-8442.12
-10814.2
-22288.4
-249.252
-835.1
-1050.3
-1235.08
-1484.72
-1742.29
-2080.62
-2460.57
-3033.01
-3691.44
-4866.23
-6313.63
-8202.64
-10126.5
-9701.67
-4470.45
-839.192
-1018.61
-1159.16
-1347.15
-1534.47
-1786.12
-2053.96
-2502.83
-3020.9
-4137.12
-5172.2
-7285.18
-8008.92
-11138.1
-5827.02
-747.636
-915.456
-1052.96
-1207.43
-1354.89
-1540.75
-1741.44
-2095.36
-2547.5
-3605.83
-4493.8
-5787.73
-6292.15
-2572.16
-1415.54
-921.393
-1097.3
-1220.41
-1311.09
-1397.34
-1540.97
-1668.33
-1976.26
-2542
-3854.96
-4518.95
-5788.2
-3941.61
-1482.57
-1794.95
-689.774
-842.601
-943.573
-934.006
-954.311
-1009.28
-1115.18
-1446.38
-2062.28
-3179.22
-3607.71
-4002.17
-1049.68
-844.943
8198.67
-1173.45
-1303.05
-1331.07
-1096.75
-1048.84
-1283.08
-1480.84
-2032.28
-3376.99
-5388
-5701.11
-5080.12
-3712.02
29.7011
-1251.94
-500.662
-653.548
-670.479
-239.504
-425.204
-532.738
-225.54
-343.761
-1663.64
-3220.88
-3501.44
-5850.3
-3839.16
-7847
-2127.6
-1813.64
-1770.92
-1448
-1160.15
-1972.65
-2876.94
-3069.52
-3251.09
-6323.56
-9409.48
-10528.3
-11209.2
-11200.6
-15766.9
-27549.9
-124.937
-1165.05
-1014.67
33.7543
1160.46
127.51
-1968.22
-4222.93
-7543.01
-6859.03
-6474.63
-6601.14
-2716.98
-7794.15
-9010.46
-4610.82
-6910.5
-6870.53
-7580.06
-9851.86
-14982.8
-19330.8
-20847.6
-21059.4
-17961.6
-13680.1
-7961.73
-16306.6
-44235.1
-25920.6
-1797.26
-5304.56
-4581.48
-1331.93
-2614.9
-7000.81
-6853.84
-5304.13
-2631.11
-413.629
1426.86
12544.9
23521.7
3141.57
-8189.27
-26842.8
-34378.2
-43436.3
-47428
-46146.3
-36126.5
-30445.1
-31129.7
-42328.5
-57508.5
-72816.7
-87475.7
-89058.6
-79726.3
-108954
-2556.37
-3459.91
-4198.21
-5145.45
-6195.29
-7484.17
-9037.49
-10971.4
-13470.8
-16692.9
-22102.9
-24555.3
-46805.6
-40544.6
-132576
-905.714
-1026
-1036.54
-1208.9
-1374.97
-1668.83
-1994
-2573.75
-3310.91
-4448.49
-6931.15
-9914.53
-12871
-23615.4
-10662.1
-492.719
-598.437
-681.207
-849.774
-1016.89
-1254.71
-1544.75
-2021.83
-2596.8
-3805.4
-5201.86
-8504.75
-10847.2
-22575.5
-0.616726
-834.918
-1049.83
-1233.21
-1481.13
-1734.16
-2067.07
-2431.3
-3004.08
-3629.03
-4840.88
-6242.62
-8233.89
-10099.9
-9449.69
-3551.48
-839.521
-1017.99
-1155.78
-1341.06
-1521.54
-1761.7
-2006.62
-2455.47
-2930.84
-4093.22
-5029.02
-7352.14
-7963.6
-10768.3
-5127.53
-747.626
-915.284
-1049.46
-1201.23
-1338.97
-1500.77
-1675.95
-2017.15
-2406.59
-3525.38
-4354.56
-5989.08
-6188.71
-3512.92
-255.206
-924.028
-1095.7
-1208.63
-1300.13
-1367.35
-1465.55
-1552.14
-1855.5
-2377.44
-3737.66
-4369.24
-6036.89
-3988.81
-1625.26
488.816
-690.398
-840.564
-929.882
-937.025
-926.412
-895.445
-1064.55
-1466.26
-2096.74
-3303.77
-3776.38
-4415.56
-863.153
-1097.45
11643.4
-1185.1
-1271.67
-1272.88
-1160.36
-1025.41
-1222.01
-1505.88
-2078.1
-3535.56
-5822.84
-6603.95
-5803.07
-4493.58
144.945
-2437.47
-506.6
-573.4
-575.499
-406.235
-442.221
-383.903
-383.581
-493.754
-1946.35
-3663.79
-3632.01
-5112.52
-2582.81
-7444.9
3071.53
-1799.64
-1212.85
-1233.63
-1296.42
-1819.25
-2656.12
-3451.96
-4438.24
-7846.26
-9771.98
-9266.16
-9722.46
-10223.3
-16970.2
-27332.1
55.0802
-416.223
-359.838
864.668
2974.91
1482.99
-1272.79
-3227.67
-6234.88
-4371.13
-3640.79
-4879.85
-1965.59
-8686.94
-10826.4
-3735.84
-6324.98
-6278.05
-8800.19
-9734.33
-13083.4
-16009.5
-16463.9
-17735.6
-11547.9
-8950.97
-14626.2
-24169
-47653.9
-20618.5
2292.52
4952.21
9727.49
4883.46
1009.3
-3088.65
-3712.1
-3864.82
-8267
-5687.22
4948.2
17406
23243.9
-2685.8
19551.1
-28799.9
-34329.6
-41265.4
-38676.4
-37701.2
-34381.8
-32938.7
-38828.3
-53716.8
-72668.8
-79425.6
-76765.3
-81019.5
-77093.5
-103207
-2555.96
-3460.4
-4195.91
-5145.91
-6186.38
-7484.89
-9009.53
-10968.7
-13410.6
-16685
-22091.9
-24532.6
-46744.6
-40753.1
-133062
-905.491
-1025.89
-1035.44
-1208.43
-1371.13
-1668.02
-1982.76
-2572.47
-3288.99
-4448.1
-6914.85
-9976.33
-12818.1
-23561.9
-10502.9
-492.582
-598.019
-679.984
-847.807
-1012.8
-1249.07
-1533.17
-2011.52
-2575.14
-3802.64
-5170.07
-8584.6
-10779.6
-22797
485.162
-834.798
-1049.59
-1231.88
-1478.37
-1727.27
-2055.42
-2404.78
-2978.55
-3566.11
-4827.85
-6157.03
-8336.41
-9949.32
-9543.66
-2288.17
-840.031
-1017.81
-1153.17
-1335.83
-1509.67
-1739.35
-1961.51
-2406.2
-2833.29
-4047.2
-4842.82
-7507.55
-7556.52
-10970.9
-2875.79
-747.241
-915.907
-1048.45
-1196.66
-1324.73
-1464.77
-1609.9
-1907.55
-2214.49
-3439.57
-4200.5
-6296.32
-5608.82
-5146.65
3591.85
-928.43
-1099.06
-1203.42
-1287.98
-1336.61
-1385.41
-1385.76
-1647.52
-2148.72
-3580.63
-4174.81
-6499.72
-3862.04
-3486.22
-410.17
-685.21
-846.941
-934.965
-926.22
-897.488
-810.112
-1032.05
-1382
-1968.66
-3411.65
-4080.53
-5500.12
-991.076
-3056.63
9840.32
-1220.73
-1314.76
-1272.29
-1164.9
-1086.34
-1222.17
-1482.29
-2073.88
-3541.6
-6134.81
-7298.75
-6944.76
-5664.23
-1252.05
-10844.4
-466.952
-661.06
-627.5
-379.694
-550.847
-507.719
-530.088
-921.52
-2820.48
-5101.06
-4593.24
-5564.16
-2178.38
-7996.04
3764.22
-2139.57
-1605.27
-1187.02
-1321.32
-1393.14
-1820.52
-2616.4
-3849.16
-7546.56
-9238.28
-9555.09
-11364.8
-11159.9
-18233.7
-26137.4
2.07319
-472.31
57.2995
1054.26
2258.18
979.63
-1077.58
-3404.28
-6701.81
-4798.4
-4639.2
-6099.45
-3026.15
-10217.2
-12114.7
-3838.31
-5300.37
-5032.07
-6926.82
-15541.6
-21946.3
-22465.5
-22853.6
-15985.4
-13097.3
-16793.2
-23694.3
-29214.7
-43846.6
-15104.5
4429.93
5948.83
9356.93
3478.33
-4718.15
-10907.1
-10290.5
-15190.5
-8171.43
6638.1
13922.5
17609.7
20866
1292.97
47932.4
-28100.4
-37186.2
-46200.3
-53883.7
-48622.1
-41526.7
-39189
-47905.9
-66165.4
-67035.7
-67099.5
-71069.7
-77715.6
-73022.2
-86966
-2555.64
-3460.88
-4193.85
-5146.54
-6177.92
-7486.92
-8981.64
-10974.5
-13348.9
-16687.1
-22105.9
-24497.7
-46778.6
-41012.4
-133585
-905.325
-1025.9
-1034.63
-1208.19
-1368.17
-1668.13
-1973.7
-2575.37
-3272.39
-4458.58
-6924.58
-10038.8
-12833.1
-23476.8
-10443.7
-492.578
-597.855
-679.083
-846.493
-1009.36
-1245.31
-1522.66
-2007.05
-2558.01
-3817.55
-5165.62
-8687.86
-10803.6
-22912.9
910.254
-834.815
-1049.63
-1231.06
-1476.78
-1722.11
-2046.71
-2380.23
-2959.72
-3510.92
-4853.32
-6115.06
-8535.43
-10082.7
-9566.71
-1757.72
-841.181
-1018.56
-1151.88
-1332.77
-1500.93
-1720.66
-1918.49
-2365.69
-2751.51
-4073.52
-4755.7
-7810.5
-7336.25
-10640.4
-718.973
-747.391
-917.25
-1049.31
-1197.63
-1317.63
-1427.64
-1520.64
-1753.12
-2070.23
-3455.38
-4089.42
-6679.45
-4641.28
-4908.73
4137.2
-934.857
-1105.02
-1201.77
-1283.29
-1298.61
-1253.85
-1112.28
-1448.73
-1988.72
-3591.71
-4048.58
-6846.2
-3281.52
-2591.78
-2781.7
-681.885
-852.555
-947.348
-955.399
-861.459
-535.024
-716.931
-1165.32
-1865.4
-3467.19
-3924.11
-5932.19
-228.759
-2102.84
9299.98
-1248.84
-1354.36
-1282.77
-1178.9
-747.133
-763.401
-1260.45
-2247.85
-3489.17
-5769.93
-7069.91
-7256.5
-6083.05
-1481.59
-16277.2
-418.395
-683.692
-734.517
-592.913
-226.929
-484.266
-1409.34
-2103.19
-3180.21
-5040.82
-4355.19
-5875.01
-2761.04
-9425.22
3712.49
-2276.38
-2021.68
-1553.36
-872.547
-750.287
-1774.26
-3353.94
-4625.67
-7289.2
-9663.85
-11616.4
-14873.9
-14578.8
-19788.7
-26700.7
478.798
-516.797
-951.076
875.223
2057.99
-111.993
-3481.22
-5590.63
-7172.72
-6190.61
-5827.83
-7970.31
-5487.09
-10242.2
-11239.9
-6761.45
-6544.98
-3516.59
-2425.72
-7329.71
-14410.2
-20153.6
-18276.8
-14188.8
-17728.4
-23652.8
-29745.8
-33399.4
-36235.3
-1780.62
2720.16
1405.71
11053.3
12882.5
3388.94
-6540.38
-10583.3
-7773.31
5643.41
11845.1
11706.2
16819
16116
2112.46
57868.5
-23083.6
-39217
-47735.5
-53766.7
-59563.6
-59144.5
-56891.4
-61201
-60967.8
-57933.2
-65112.5
-67113.7
-70216.1
-68049.3
-71271.1
-2555.39
-3461.24
-4192.08
-5147.27
-6170.42
-7489.33
-8956.18
-10983
-13294.1
-16686.9
-22115.1
-24459.5
-46810.8
-41244.4
-133826
-905.195
-1025.92
-1034.16
-1208.08
-1366.65
-1668.54
-1970.07
-2577.84
-3268.77
-4469.9
-6921.76
-10106.8
-12778.7
-23381
-9978.5
-492.544
-597.679
-678.416
-845.469
-1007.12
-1242.5
-1516.72
-2004.07
-2549.9
-3836.41
-5148.91
-8789.07
-10689.3
-22880.7
1633.91
-834.842
-1049.7
-1230.58
-1475.79
-1718.5
-2040.78
-2365.63
-2957
-3485.13
-4900.65
-6066.71
-8764.83
-9983.45
-10029.5
65.6668
-841.914
-1018.89
-1150.77
-1330.56
-1494.42
-1709.75
-1899.02
-2362.36
-2741.65
-4186
-4699.86
-8196.16
-6236.6
-12144.2
1725.47
-747.502
-918.21
-1050.42
-1198.27
-1310.95
-1408.35
-1502.75
-1790.16
-2068.49
-3517.9
-3916.13
-7356.46
-2617.03
-7313.85
9539.43
-939.391
-1108.22
-1200.9
-1280.71
-1272.7
-1228.17
-1109.02
-1442.21
-2035.11
-3828.37
-4123.5
-7891.39
-2665.38
-10627.6
-12333.1
-679.828
-855.512
-962.952
-968.82
-835.844
-471.768
-655.674
-1420.71
-2256.18
-3864.12
-4043.96
-7276.12
141.104
-12128.9
-11395.9
-1273.56
-1377.84
-1303.84
-1186.55
-567.822
-716.704
-1697.6
-3066.86
-4116.75
-5980.09
-7121.36
-7681.19
-5806.19
-589.252
-16646.4
-389.464
-680.943
-887.169
-564.763
-412.085
-1346.32
-2579.2
-3099.83
-3341.21
-4548.78
-3376.7
-5037.06
-2139.29
-11362.1
4081.54
-2391.95
-2253.62
-1943.1
-701.78
-1121.54
-2298.66
-3180.66
-3925.49
-6270.44
-9747.85
-13069.6
-17289.1
-16826.6
-20915.2
-24533
662.864
-564.439
-973.13
-1003.04
-907.358
-1862.32
-3367.96
-5485.33
-6952.99
-6751.3
-6062.61
-8946.26
-7782
-11653.6
-8208.49
-6341.63
-8762.42
-4769.59
-2952.11
-4793.74
-8584.59
-12852.5
-12465.4
-13581.5
-21289.2
-27084.2
-29214.1
-33802.1
-34439.3
-2233.77
3632.67
618.154
5012.7
13371.5
11627.1
8499.24
5841.23
8858.79
8390.19
10164.5
9622.68
14330.4
11570.9
2277.18
59547.5
-23051.5
-35651.7
-51765.1
-50530.8
-52258
-53025.2
-54774.9
-55987
-58153
-54685.6
-60926.2
-60910.6
-61606.9
-50792.1
-46974.9
-2555.27
-3461.55
-4190.82
-5147.94
-6164.79
-7492.16
-8936.56
-10995.7
-13246.1
-16700.7
-22154.4
-24392
-47067.4
-41889.1
-134410
-905.095
-1026.08
-1033.56
-1208.16
-1364.06
-1669.71
-1961.77
-2588.03
-3256.04
-4499.6
-6963.32
-10175.4
-12840.9
-22819.1
-9506.35
-492.67
-597.778
-677.943
-844.967
-1004.92
-1241.78
-1511.22
-2012.24
-2550.32
-3890.57
-5182.46
-8957.56
-10986.3
-22866
1713.08
-834.982
-1049.97
-1230.46
-1475.62
-1715.99
-2038.69
-2356.13
-2976.08
-3488.14
-5033.28
-6087.67
-9213.94
-10509.7
-9738.24
-1398.15
-843.641
-1020.56
-1151.36
-1330.59
-1491.82
-1710.29
-1902.91
-2419.63
-2807.19
-4482.36
-4783.35
-9184.47
-6087.97
-11696.6
1597.3
-748.274
-920.089
-1053.79
-1203.38
-1314.57
-1414.35
-1534.48
-1951.15
-2274
-3908.39
-4078.21
-8920.45
-2704.95
-7622.53
3411.36
-949.53
-1118.22
-1208.43
-1286.24
-1275.41
-1292.35
-1312.08
-1750.91
-2450.27
-4435.56
-4606.62
-9120.52
-3197.5
-11100.1
-9476.14
-681.286
-861.735
-988.327
-1010.61
-910.729
-601.559
-919.767
-1922.59
-2621.35
-4029.98
-4027.73
-7580.84
270.965
-7795.33
2072.77
-1330.87
-1429.07
-1357.46
-1184.57
-630.128
-923.584
-1843.39
-2893.86
-3844.78
-5710.2
-7205.8
-8150.47
-6275.05
2856.55
-26161.5
-387.13
-685.859
-1003.3
-788.294
-561.698
-1105.32
-2049.58
-2625.03
-2979.25
-4167.24
-2859.09
-5066.08
-1876.52
-13057.4
-4053.82
-2706.11
-2496.9
-2291.07
-930.127
-637.467
-1232.26
-2250.8
-3756.2
-6289.93
-10670.2
-15449.3
-18027.1
-17992.7
-22817.6
-24822.3
702.765
-588.829
-1076.28
-1243.27
-745.537
-1595.23
-3296.59
-5665.65
-6346.71
-6109.33
-6380.51
-8419.26
-7346.42
-13306.2
6461.82
-7519.26
-8644.33
-7575.79
-2983.34
-3431.93
-5841.27
-8435.52
-10604.7
-13328.2
-24666.3
-28076.6
-26047.8
-29671.3
-21928.1
18223.4
4051.63
2450.45
3024.51
11412
11395.9
8064.92
6650.27
6893.65
5921.72
9018.28
7498.84
14964.8
10760.2
17177.5
14407.8
-20907.3
-33171.3
-49037
-54870.1
-54594.6
-53069.3
-56399.3
-57998.2
-58037.1
-51777.9
-57753.7
-56034.7
-58080.6
-35600.3
-54819.1
)
;

boundaryField
{
    outletsourceFace
    {
        type            zeroGradient;
    }
    outletdestinationFace
    {
        type            zeroGradient;
    }
    outletFace
    {
        type            zeroGradient;
    }
    outletWall
    {
        type            fixedValue;
        value           uniform 0;
    }
    inletFace
    {
        type            zeroGradient;
    }
    inletWall
    {
        type            fixedValue;
        value           uniform 5;
    }
    inletsourceFace
    {
        type            zeroGradient;
    }
    inletdestinationFace
    {
        type            zeroGradient;
    }
}


// ************************************************************************* //
