/*--------------------------------*- C++ -*----------------------------------*\
| =========                 |                                                 |
| \\      /  F ield         | OpenFOAM: The Open Source CFD Toolbox           |
|  \\    /   O peration     | Version:  4.1                                   |
|   \\  /    A nd           | Web:      www.OpenFOAM.org                      |
|    \\/     M anipulation  |                                                 |
\*---------------------------------------------------------------------------*/
FoamFile
{
    version     2.0;
    format      ascii;
    class       volScalarField;
    location    "25";
    object      p;
}
// * * * * * * * * * * * * * * * * * * * * * * * * * * * * * * * * * * * * * //

dimensions      [0 2 -2 0 0 0 0];

internalField   nonuniform List<scalar> 
6750
(
-117.507
-56.948
-130.39
-130.603
-150.631
-157.465
-163.662
-167.557
-169.641
-168.518
-169.909
-163.819
-170.289
-85.9511
-186.648
-117.327
-56.3621
-130.004
-130.502
-150.943
-157.846
-164.138
-167.629
-169.628
-168.524
-169.989
-164.094
-170.159
-85.397
-186.684
-117.167
-55.8284
-129.728
-130.506
-151.219
-158.147
-164.511
-167.631
-169.612
-168.541
-170.084
-164.139
-170.061
-84.8694
-186.76
-116.969
-55.1186
-129.359
-130.503
-151.567
-158.516
-164.906
-167.708
-169.614
-168.611
-170.188
-164.046
-170.065
-84.5188
-186.666
-116.802
-54.3587
-129.017
-130.536
-151.898
-158.842
-165.267
-167.925
-169.775
-168.84
-170.25
-163.327
-169.977
-84.2314
-186.576
-116.681
-53.6002
-128.687
-130.566
-152.208
-159.178
-165.801
-168.311
-169.792
-168.967
-170.177
-163.667
-170.059
-83.9183
-186.483
-116.652
-52.9895
-128.425
-130.58
-152.413
-159.439
-166.112
-168.246
-169.758
-169.038
-169.925
-164.217
-170.066
-83.6
-186.4
-116.704
-52.8277
-128.371
-130.606
-152.511
-159.578
-166.338
-168.42
-169.813
-168.968
-170.131
-164.593
-170.121
-83.3556
-186.409
-116.807
-53.1587
-128.571
-130.676
-152.504
-159.58
-166.339
-168.495
-169.905
-168.983
-170.17
-164.33
-170.134
-83.5361
-186.23
-116.988
-53.8549
-128.944
-130.75
-152.387
-159.437
-166.052
-168.464
-169.961
-169.065
-170.296
-163.614
-170.115
-83.8309
-186.108
-117.236
-54.6773
-129.377
-130.81
-152.178
-159.185
-165.64
-168.28
-170.069
-169.12
-170.679
-163.642
-170.093
-84.0664
-186.015
-117.504
-55.4748
-129.798
-130.852
-151.925
-158.935
-165.333
-168.211
-170.16
-169.185
-170.726
-164.373
-170.201
-84.3085
-185.954
-117.779
-56.2073
-130.235
-130.927
-151.65
-158.646
-165.051
-168.306
-170.39
-169.488
-170.794
-164.985
-170.306
-84.6485
-185.952
-117.989
-56.7531
-130.557
-130.971
-151.424
-158.399
-164.772
-168.435
-170.473
-169.694
-170.78
-165.129
-170.45
-85.179
-185.815
-118.209
-57.347
-130.987
-131.125
-151.166
-158.074
-164.356
-168.463
-170.624
-169.814
-170.724
-164.963
-170.621
-85.7405
-185.722
-161.545
-41.1623
-133.715
-130.438
-151.286
-157.873
-163.986
-167.658
-169.949
-168.545
-170.502
-163.147
-177.251
-65.5664
-261.996
-161.334
-40.6037
-133.271
-130.267
-151.632
-158.29
-164.544
-167.764
-169.944
-168.545
-170.558
-163.367
-177.038
-64.994
-262.084
-161.167
-40.1916
-133.02
-130.245
-151.904
-158.551
-164.909
-167.758
-169.933
-168.555
-170.65
-163.292
-176.824
-64.4911
-262.31
-160.962
-39.5924
-132.624
-130.187
-152.262
-158.913
-165.331
-167.84
-169.928
-168.579
-170.766
-163.196
-176.782
-64.0954
-262.07
-160.82
-38.9759
-132.258
-130.187
-152.589
-159.204
-165.673
-167.999
-170.118
-168.715
-170.889
-162.451
-176.564
-63.7924
-261.899
-160.757
-38.3527
-131.866
-130.184
-152.899
-159.514
-166.195
-168.383
-170.135
-168.785
-170.856
-162.814
-176.674
-63.4604
-261.723
-160.817
-37.8417
-131.523
-130.181
-153.096
-159.743
-166.502
-168.296
-170.243
-168.867
-170.77
-163.234
-176.711
-63.1672
-261.615
-160.925
-37.6963
-131.442
-130.2
-153.189
-159.869
-166.712
-168.48
-170.187
-168.835
-170.748
-163.544
-176.75
-62.915
-261.741
-161.019
-37.9549
-131.706
-130.274
-153.189
-159.878
-166.712
-168.532
-170.248
-168.875
-170.825
-163.417
-176.804
-63.0745
-261.38
-161.192
-38.5147
-132.164
-130.365
-153.082
-159.768
-166.446
-168.533
-170.315
-168.95
-170.888
-162.812
-176.708
-63.3224
-261.145
-161.452
-39.1793
-132.663
-130.461
-152.88
-159.549
-166.054
-168.368
-170.439
-169.018
-171.256
-162.719
-176.647
-63.5575
-261.013
-161.743
-39.8161
-133.105
-130.539
-152.633
-159.336
-165.765
-168.3
-170.478
-169.039
-171.231
-163.387
-176.833
-63.7867
-260.936
-162.056
-40.436
-133.57
-130.676
-152.359
-159.061
-165.47
-168.357
-170.679
-169.252
-171.313
-163.937
-177.018
-64.1312
-261.056
-162.289
-40.8594
-133.863
-130.749
-152.139
-158.855
-165.201
-168.48
-170.769
-169.379
-171.292
-164.117
-177.274
-64.5973
-260.755
-162.555
-41.4339
-134.357
-130.986
-151.863
-158.511
-164.732
-168.487
-171.029
-169.55
-171.311
-164.089
-177.53
-65.1556
-260.595
-235.689
-8.60236
-136.745
-130.703
-152.328
-158.948
-165.003
-168.111
-170.516
-168.751
-171.507
-160.946
-188.265
-18.7132
-394.217
-235.426
-8.21963
-136.287
-130.413
-152.672
-159.379
-165.619
-168.266
-170.551
-168.755
-171.512
-161.127
-187.88
-18.2833
-394.45
-235.252
-8.05839
-136.083
-130.343
-152.912
-159.572
-165.925
-168.245
-170.534
-168.766
-171.557
-160.987
-187.332
-17.8498
-394.955
-235.057
-7.72251
-135.657
-130.187
-153.249
-159.914
-166.352
-168.337
-170.534
-168.768
-171.643
-160.973
-187.268
-17.6179
-394.511
-234.995
-7.41321
-135.245
-130.131
-153.543
-160.146
-166.639
-168.41
-170.691
-168.799
-171.748
-160.301
-186.871
-17.4636
-394.24
-235.078
-7.0331
-134.744
-130.073
-153.824
-160.415
-167.08
-168.726
-170.676
-168.796
-171.695
-160.631
-186.992
-17.2019
-393.924
-235.29
-6.67094
-134.247
-130.054
-153.994
-160.596
-167.35
-168.645
-170.824
-168.837
-171.616
-160.795
-186.986
-16.9075
-393.686
-235.437
-6.55386
-134.101
-130.069
-154.077
-160.707
-167.518
-168.82
-170.778
-168.903
-171.615
-161.037
-186.882
-16.5461
-393.969
-235.475
-6.70303
-134.479
-130.146
-154.098
-160.723
-167.532
-168.851
-170.837
-168.948
-171.74
-160.994
-187.112
-16.6694
-393.227
-235.601
-7.01109
-135.091
-130.255
-154.023
-160.665
-167.34
-168.92
-170.936
-169.018
-171.746
-160.632
-186.975
-16.8374
-392.727
-235.862
-7.35645
-135.712
-130.412
-153.862
-160.496
-167.033
-168.796
-171.069
-169.101
-172.065
-160.464
-186.838
-16.9297
-392.365
-236.184
-7.6524
-136.193
-130.548
-153.65
-160.344
-166.798
-168.748
-171.006
-169.103
-172.026
-160.969
-187.094
-16.9223
-392.088
-236.562
-7.99925
-136.688
-130.798
-153.413
-160.099
-166.502
-168.751
-171.054
-169.19
-172.136
-161.331
-187.313
-16.9738
-392.241
-236.838
-8.17186
-136.924
-130.919
-153.224
-159.957
-166.276
-168.853
-171.06
-169.227
-172.13
-161.469
-187.893
-17.2752
-391.531
-237.191
-8.58965
-137.436
-131.296
-152.973
-159.625
-165.778
-168.813
-171.214
-169.43
-172.253
-161.541
-188.302
-17.5934
-391.108
-311.86
19.2568
-133.552
-134.106
-153.686
-161.332
-166.991
-169.305
-171.06
-169.448
-172.937
-160.072
-196.359
34.0777
-542.571
-311.617
19.4125
-133.211
-133.757
-153.947
-161.715
-167.553
-169.513
-171.18
-169.525
-172.903
-160.239
-195.684
34.3991
-542.776
-311.511
19.3576
-133.061
-133.67
-154.131
-161.855
-167.771
-169.493
-171.197
-169.558
-172.893
-160.235
-194.595
34.7664
-543.444
-311.422
19.3683
-132.684
-133.46
-154.392
-162.158
-168.156
-169.612
-171.307
-169.649
-173
-160.336
-194.519
34.8046
-542.699
-311.584
19.3544
-132.269
-133.388
-154.622
-162.343
-168.384
-169.656
-171.467
-169.675
-173.07
-159.881
-193.981
34.7086
-542.234
-311.87
19.4251
-131.707
-133.311
-154.831
-162.575
-168.714
-169.854
-171.423
-169.635
-173.026
-160.109
-194.008
34.781
-541.55
-312.175
19.4283
-131.1
-133.31
-154.955
-162.725
-168.927
-169.821
-171.509
-169.644
-172.977
-160.105
-193.851
34.9601
-541.055
-312.323
19.377
-130.899
-133.332
-155.019
-162.824
-169.047
-169.908
-171.409
-169.759
-172.971
-160.359
-193.364
35.4923
-541.282
-312.264
19.3935
-131.362
-133.409
-155.082
-162.857
-169.103
-169.951
-171.56
-169.826
-173.121
-160.226
-193.958
35.4408
-540.196
-312.29
19.5173
-132.072
-133.511
-155.071
-162.844
-169.017
-170.109
-171.768
-169.943
-173.078
-160.094
-193.95
35.3736
-539.3
-312.491
19.6692
-132.761
-133.699
-154.999
-162.73
-168.831
-170.056
-171.895
-170.003
-173.33
-160.006
-193.853
35.3404
-538.718
-312.778
19.821
-133.25
-133.856
-154.861
-162.637
-168.685
-170.051
-171.808
-170.009
-173.308
-160.344
-194.202
35.5524
-538.174
-313.156
19.8016
-133.707
-134.176
-154.723
-162.452
-168.448
-170.007
-171.721
-169.968
-173.434
-160.504
-194.37
35.8035
-538.437
-313.428
19.8257
-133.881
-134.32
-154.594
-162.367
-168.305
-170.085
-171.688
-169.918
-173.474
-160.456
-195.465
35.6806
-537.418
-313.804
19.5765
-134.281
-134.779
-154.455
-162.113
-167.905
-170.024
-171.776
-170.026
-173.623
-160.51
-196.132
35.5958
-536.873
-399.51
20.9083
-128.479
-143.108
-156.939
-165.851
-170.982
-172.069
-173.511
-171.278
-175.323
-163.835
-206.219
73.7975
-716.178
-399.367
21.1103
-128.319
-142.784
-157.099
-166.16
-171.398
-172.26
-173.512
-171.477
-175.399
-164.127
-205.337
72.8391
-716.804
-399.385
21.1101
-128.262
-142.705
-157.226
-166.263
-171.517
-172.214
-173.454
-171.522
-175.334
-164.327
-203.659
72.156
-717.785
-399.528
21.1941
-128.038
-142.514
-157.388
-166.512
-171.796
-172.339
-173.467
-171.716
-175.49
-164.541
-203.525
71.6214
-716.992
-399.863
21.1322
-127.731
-142.46
-157.546
-166.669
-171.964
-172.398
-173.612
-171.824
-175.568
-164.323
-202.866
71.259
-716.434
-400.178
20.9301
-127.289
-142.404
-157.676
-166.871
-172.214
-172.49
-173.555
-171.732
-175.424
-164.464
-202.641
70.938
-715.345
-400.508
20.4755
-126.79
-142.427
-157.759
-167.009
-172.384
-172.484
-173.582
-171.716
-175.35
-164.518
-202.287
70.9466
-714.284
-400.635
20.1249
-126.623
-142.474
-157.814
-167.102
-172.489
-172.441
-173.509
-171.719
-175.325
-164.777
-201.488
71.2881
-713.993
-400.561
20.2713
-127.038
-142.577
-157.934
-167.176
-172.609
-172.585
-173.735
-171.85
-175.534
-164.531
-202.338
72.2049
-712.255
-400.563
20.7827
-127.645
-142.68
-158.004
-167.212
-172.625
-172.853
-174.075
-172.099
-175.628
-164.376
-202.575
72.571
-710.64
-400.73
21.2879
-128.222
-142.872
-158.048
-167.166
-172.563
-172.885
-174.24
-172.169
-175.913
-164.38
-202.681
73.0205
-709.388
-400.961
21.6683
-128.614
-143.023
-158.008
-167.132
-172.534
-172.917
-174.272
-172.161
-175.964
-164.553
-203.145
73.8314
-708.252
-401.289
21.7025
-128.951
-143.35
-158.005
-167.044
-172.453
-172.871
-174.374
-172.015
-176.023
-164.578
-203.271
75.1429
-708.037
-401.514
21.6778
-129.051
-143.497
-157.949
-167.018
-172.444
-173.009
-174.548
-171.95
-176.012
-164.319
-204.879
76.2224
-706.162
-401.851
21.3055
-129.293
-143.965
-157.954
-166.891
-172.258
-173.087
-174.832
-171.966
-175.956
-164.171
-205.585
77.7596
-704.755
-503.281
-4.1281
-127.088
-159.827
-163.754
-173.668
-178.489
-177.871
-180.584
-175.6
-180.268
-174.931
-230.854
78.8725
-929.937
-503.318
-3.69116
-127.053
-159.559
-163.845
-173.914
-178.747
-177.927
-180.366
-175.783
-180.821
-175.732
-229.298
78.1886
-930.271
-503.513
-3.42272
-127.075
-159.476
-163.934
-173.988
-178.779
-177.778
-180.21
-175.759
-181.048
-176.567
-227.315
77.3358
-931.164
-503.706
-3.11385
-127.013
-159.322
-164.032
-174.188
-178.935
-177.814
-179.978
-176.04
-181.53
-176.994
-226.135
77.3719
-930.777
-504.008
-3.10141
-126.908
-159.276
-164.147
-174.329
-179.038
-177.875
-179.919
-176.206
-181.677
-177.053
-224.701
77.0406
-930.179
-504.3
-3.31624
-126.712
-159.251
-164.242
-174.524
-179.26
-177.991
-179.823
-176.108
-181.436
-177.39
-223.864
76.6336
-928.432
-504.614
-3.8582
-126.471
-159.312
-164.319
-174.677
-179.431
-178.038
-179.822
-176.007
-181.168
-177.393
-222.897
76.3122
-927.368
-504.791
-4.22295
-126.411
-159.409
-164.393
-174.792
-179.569
-178.002
-179.855
-175.894
-181.272
-177.976
-222.344
76.2533
-925.23
-504.855
-4.05092
-126.693
-159.553
-164.572
-174.94
-179.771
-178.286
-180.105
-176.152
-181.435
-177.445
-222.985
77.5346
-923.508
-504.947
-3.60241
-127.041
-159.687
-164.716
-175.038
-179.883
-178.603
-180.627
-176.632
-181.992
-177.406
-223.887
78.4723
-920.696
-505.131
-3.28198
-127.374
-159.907
-164.864
-175.077
-179.946
-178.669
-180.966
-176.701
-182.419
-177.258
-224.741
79.1076
-919.06
-505.333
-3.08923
-127.602
-160.082
-164.92
-175.113
-180.052
-178.749
-181.31
-176.821
-182.662
-177.376
-226.217
80.075
-917.256
-505.619
-3.27727
-127.826
-160.415
-165.046
-175.151
-180.188
-178.902
-181.808
-176.581
-182.291
-177.133
-227.428
80.8224
-915.804
-505.802
-3.43678
-127.882
-160.584
-165.061
-175.193
-180.319
-179.241
-182.15
-176.743
-181.995
-176.341
-229.501
81.87
-913.495
-506.103
-3.99103
-128.052
-161.042
-165.197
-175.206
-180.369
-179.58
-182.619
-176.838
-181.533
-175.789
-231.071
83.1689
-911.774
-620.935
-37.9393
-133.303
-184.82
-176.299
-186.648
-191.563
-189.123
-194.552
-186.174
-197.023
-196.261
-290.682
79.5831
-1199.13
-620.969
-37.5409
-133.287
-184.604
-176.352
-186.874
-191.723
-189.009
-194.008
-186.024
-196.939
-196.665
-285.131
75.5621
-1202.78
-621.171
-37.2877
-133.31
-184.512
-176.412
-186.939
-191.695
-188.731
-193.685
-185.668
-196.461
-197.767
-279.648
74.0871
-1205.68
-621.357
-36.9845
-133.316
-184.388
-176.495
-187.121
-191.768
-188.58
-193.354
-185.615
-196.593
-199.116
-275.193
73.1299
-1203.5
-621.663
-36.9464
-133.338
-184.348
-176.6
-187.267
-191.839
-188.62
-193.245
-185.864
-196.788
-199.826
-271.451
72.0605
-1201.26
-621.95
-37.0293
-133.339
-184.362
-176.713
-187.492
-192.067
-188.899
-192.933
-185.817
-196.029
-200.4
-268.949
71.2863
-1196.65
-622.292
-37.2806
-133.367
-184.466
-176.825
-187.688
-192.294
-189.118
-192.886
-185.876
-195.77
-200.982
-267.747
70.6672
-1192.75
-622.572
-37.4084
-133.43
-184.626
-176.957
-187.861
-192.493
-189.191
-192.798
-185.827
-195.845
-201.607
-267.645
69.7992
-1188.01
-622.815
-37.3288
-133.579
-184.819
-177.205
-188.114
-192.831
-189.638
-193.309
-186.221
-196.313
-201.153
-268.576
71.0354
-1183
-623.025
-37.1935
-133.719
-185.017
-177.435
-188.309
-193.081
-189.953
-194.16
-186.697
-197.246
-200.561
-270.56
71.8719
-1177.69
-623.259
-37.2438
-133.903
-185.307
-177.689
-188.465
-193.323
-190.076
-195.03
-186.832
-198.431
-200.327
-273.606
73.788
-1175.56
-623.453
-37.339
-134.049
-185.555
-177.856
-188.591
-193.595
-190.25
-195.648
-186.999
-199.016
-199.515
-277.655
77.5351
-1173.66
-623.719
-37.72
-134.258
-185.941
-178.113
-188.777
-193.974
-190.762
-196.382
-187.337
-199.344
-198.78
-282.995
82.1414
-1173.47
-623.869
-37.9315
-134.34
-186.161
-178.219
-188.89
-194.252
-191.328
-196.977
-187.971
-199.904
-197.955
-288.851
85.7965
-1168.04
-624.152
-38.4994
-134.548
-186.638
-178.493
-189.039
-194.517
-191.924
-197.865
-188.49
-200.343
-197.833
-293.962
92.5997
-1162.12
-750.897
-72.0972
-146.469
-216.866
-196.953
-206.538
-212.085
-206.656
-217.039
-203.921
-231.665
-219.132
-405.821
77.6348
-1522.25
-751.028
-71.791
-146.45
-216.712
-196.978
-206.794
-212.286
-206.659
-216.228
-203.959
-231.089
-222.845
-393.338
76.5814
-1526.98
-751.371
-71.5442
-146.449
-216.627
-197.011
-206.887
-212.277
-206.487
-215.769
-203.847
-229.934
-226.525
-382.423
77.0885
-1540.81
-751.649
-71.2878
-146.484
-216.55
-197.098
-207.115
-212.371
-206.387
-215.34
-203.465
-228.268
-227.576
-366.714
76.4464
-1542.65
-752.04
-71.2352
-146.561
-216.543
-197.207
-207.292
-212.445
-206.402
-215.171
-203.694
-227.278
-231.123
-355.865
73.4476
-1537.47
-752.39
-71.2123
-146.671
-216.615
-197.365
-207.577
-212.721
-206.954
-214.828
-204.192
-226.109
-233.917
-349.083
71.0403
-1530.06
-752.807
-71.2821
-146.841
-216.78
-197.541
-207.821
-213.025
-207.29
-214.536
-204.571
-225.368
-234.231
-342.078
71.2087
-1527.96
-753.175
-71.3054
-146.984
-217
-197.776
-208.08
-213.334
-207.466
-214.278
-204.959
-226.551
-236.795
-346.153
67.5489
-1514.02
-753.526
-71.381
-147.1
-217.257
-198.129
-208.469
-213.907
-208.097
-215.313
-205.368
-227.037
-234.896
-345.498
69.0728
-1510.74
-753.812
-71.4978
-147.196
-217.541
-198.486
-208.822
-214.438
-208.59
-216.891
-205.848
-229.443
-235.106
-353.791
71.323
-1502.3
-754.114
-71.7803
-147.381
-217.928
-198.9
-209.15
-214.993
-208.888
-218.513
-205.718
-231.183
-231.706
-362.189
78.2907
-1501.94
-754.339
-72.0308
-147.533
-218.273
-199.229
-209.41
-215.536
-209.197
-219.845
-206.263
-234.044
-229.837
-375.528
85.8869
-1503.63
-754.646
-72.4828
-147.778
-218.743
-199.667
-209.757
-216.188
-209.959
-220.984
-206.844
-236.152
-228.946
-392.473
88.9833
-1490.86
-754.803
-72.6994
-147.893
-219.02
-199.898
-209.952
-216.608
-210.541
-221.921
-207.403
-237.751
-225.261
-403.381
87.3725
-1474.91
-755.115
-73.2252
-148.147
-219.536
-200.36
-210.244
-217.065
-211.211
-223.267
-208.043
-239.384
-223.005
-418.535
88.6574
-1465.41
-895.66
-107.94
-164.219
-255.688
-228.419
-236.328
-244.537
-232.133
-253.891
-229.738
-304.816
-234.599
-667.685
89.7705
-1994.22
-895.913
-107.682
-164.228
-255.614
-228.421
-236.609
-244.706
-232.346
-252.117
-229.437
-298.543
-234.392
-588.759
92.1026
-2014.84
-896.415
-107.407
-164.228
-255.568
-228.444
-236.772
-244.768
-232.477
-251.359
-229.398
-291.654
-242.235
-525.013
96.3852
-2019.71
-896.804
-107.181
-164.309
-255.573
-228.546
-237.104
-244.996
-232.849
-250.859
-229.778
-286.12
-255.469
-489.94
98.1051
-2001.86
-897.318
-107.125
-164.425
-255.651
-228.677
-237.342
-245.14
-233.052
-250.391
-230.222
-281.921
-259.571
-471.17
92.8183
-1986.72
-897.773
-107.077
-164.598
-255.817
-228.89
-237.677
-245.437
-233.712
-249.702
-231.553
-280.065
-267.547
-460.359
93.6858
-1962.84
-898.3
-107.138
-164.828
-256.073
-229.175
-237.98
-245.82
-234.098
-249.334
-233.261
-280.531
-271.759
-452.637
88.5099
-1956.38
-898.759
-107.21
-165.03
-256.373
-229.57
-238.386
-246.329
-234.244
-249.033
-233.609
-282.27
-273.678
-456.536
84.5809
-1924.26
-899.217
-107.422
-165.212
-256.715
-230.085
-238.934
-247.298
-235.111
-251.205
-234.806
-285.079
-272.691
-463.879
79.0279
-1914.81
-899.597
-107.667
-165.369
-257.096
-230.635
-239.52
-248.323
-235.931
-253.752
-234.81
-287.773
-268.083
-475.532
86.8482
-1898.94
-900.012
-108.06
-165.608
-257.603
-231.304
-240.173
-249.505
-236.78
-256.715
-234.268
-292.153
-262.727
-489.838
97.5905
-1919.48
-900.324
-108.365
-165.793
-258.046
-231.862
-240.669
-250.497
-237.358
-258.992
-234.011
-297.483
-254.34
-514.736
113.889
-1922.54
-900.721
-108.858
-166.078
-258.618
-232.567
-241.249
-251.588
-238.238
-261.096
-234.325
-305.387
-242.241
-574.542
119.937
-1933.58
-900.915
-109.093
-166.208
-258.946
-232.956
-241.541
-252.232
-238.75
-262.858
-235.231
-314.06
-238.969
-652.153
122.394
-1910.29
-901.286
-109.633
-166.499
-259.523
-233.678
-242.078
-253.12
-239.449
-265.629
-236.364
-322.215
-241.028
-731.394
135.225
-1881.7
-1053.75
-149.94
-185.23
-301.532
-270.612
-276.939
-293.647
-265.234
-314.767
-257.826
-435.548
-152.256
-1236.33
118.692
-2313.98
-1054.14
-149.718
-185.273
-301.546
-270.584
-277.229
-293.487
-266.15
-311.714
-259.608
-426.8
-181.964
-1190.68
77.4987
-2393.11
-1054.8
-149.427
-185.283
-301.572
-270.619
-277.505
-293.715
-266.988
-310.957
-261.674
-413.778
-217.999
-997.439
141.288
-2632.01
-1055.33
-149.225
-185.407
-301.685
-270.717
-277.95
-293.944
-268.23
-309.102
-262.898
-387.023
-240.397
-730.401
190.207
-2603.46
-1056
-149.185
-185.562
-301.878
-270.886
-278.274
-294.031
-269.014
-308.158
-265.791
-375.285
-283.758
-632.893
165.906
-2552.75
-1056.59
-149.168
-185.773
-302.158
-271.156
-278.616
-294.051
-269.454
-306.651
-268.245
-372.331
-299.485
-614.167
137.59
-2505.68
-1057.26
-149.313
-186.039
-302.539
-271.584
-278.982
-294.273
-269.471
-305.24
-270.359
-372.242
-302.471
-585.029
134.433
-2487.83
-1057.84
-149.489
-186.294
-302.962
-272.189
-279.621
-295.264
-269.654
-305.777
-271.017
-378.53
-309.007
-611.973
108.008
-2459.59
-1058.46
-149.82
-186.575
-303.435
-272.933
-280.348
-296.683
-270.613
-309.319
-272.467
-380.856
-301.822
-606.865
122.28
-2419.84
-1058.98
-150.14
-186.828
-303.938
-273.761
-281.252
-298.661
-272.242
-315.046
-274.423
-391.244
-303.831
-638.765
133.715
-2423.54
-1059.55
-150.618
-187.165
-304.597
-274.814
-282.413
-301.219
-274.013
-320.752
-272.371
-397.354
-272.87
-694.864
176.832
-2441.06
-1059.96
-150.995
-187.411
-305.15
-275.692
-283.308
-303.244
-275.537
-325.506
-270.77
-420.802
-238.552
-887.203
186.693
-2488.88
-1060.45
-151.594
-187.772
-305.863
-276.791
-284.282
-305.318
-276.613
-330.808
-271.295
-449.845
-219.072
-1195.04
108.425
-2389.09
-1060.69
-151.9
-187.928
-306.248
-277.374
-284.699
-306.253
-276.771
-333.505
-270.628
-461.158
-185.182
-1255.33
72.5187
-2167.12
-1061.11
-152.545
-188.295
-306.944
-278.463
-285.641
-308.147
-277.472
-338.769
-270.136
-473.736
-162.319
-1302.51
93.0485
-2087.99
-1222.84
-204.38
-211.157
-358.148
-327.417
-331.958
-366.685
-309.326
-408.883
-283.034
-569.937
-112.015
-1040.44
-15.6035
-2819.95
-1223.37
-204.212
-211.219
-358.28
-327.384
-332.366
-366.188
-310.891
-405.27
-287.996
-563.867
-119.459
-1148.8
-81.4986
-2811.13
-1224.21
-203.896
-211.249
-358.428
-327.486
-332.896
-366.794
-313.725
-404.317
-293.488
-563.022
-155.168
-1283.07
-148.775
-2941.33
-1224.91
-203.708
-211.419
-358.681
-327.624
-333.561
-367.071
-316.785
-402.25
-299.844
-538.127
-211.021
-1131.85
-37.8332
-3299.99
-1225.76
-203.696
-211.619
-359.024
-327.908
-334.098
-367.028
-318.171
-399.657
-303.95
-497.321
-241.567
-837.892
146.08
-3224.92
-1226.53
-203.729
-211.872
-359.451
-328.314
-334.6
-366.849
-318.454
-399.092
-311.385
-502.884
-318.596
-802.313
158.946
-3096.6
-1227.37
-203.967
-212.193
-359.998
-328.974
-335.207
-367.096
-318.16
-396.472
-312.624
-509.059
-316.284
-749.301
156.751
-3199.16
-1228.13
-204.241
-212.522
-360.593
-329.882
-336.229
-369.202
-319.465
-399.444
-314.73
-523.043
-312.111
-916.533
52.2681
-2994.45
-1228.93
-204.69
-212.923
-361.269
-330.97
-337.257
-371.214
-320.664
-404.503
-315.824
-521.322
-317.597
-751.929
150.601
-3075.72
-1229.62
-205.12
-213.294
-361.945
-332.183
-338.486
-374.357
-322.527
-414.408
-318.768
-531.844
-300.738
-889.231
188.755
-2966.31
-1230.33
-205.745
-213.769
-362.801
-333.756
-340.127
-378.841
-325.216
-424.2
-316.311
-552.533
-239.391
-1100.53
140.394
-3129.76
-1230.86
-206.256
-214.11
-363.486
-335.051
-341.405
-382.457
-328.25
-432.845
-314.14
-594.322
-203.49
-1456.61
-14.789
-2896.14
-1231.43
-207.024
-214.598
-364.38
-336.672
-342.802
-385.866
-329.217
-439.523
-309.789
-607.308
-149.731
-1282.37
-18.9353
-2657.9
-1231.72
-207.437
-214.802
-364.826
-337.487
-343.269
-387.04
-327.702
-443.346
-306.25
-610.148
-139.103
-1083.5
-30.0831
-2620.19
-1232.19
-208.236
-215.3
-365.687
-339.074
-344.643
-390.524
-328.395
-451.273
-304.069
-616.375
-151.854
-916.396
51.1432
-2697.33
-1397.61
-273.254
-240.554
-424.316
-396.429
-397.923
-460.211
-374.934
-530.255
-331.458
-663.038
-150.777
-684.245
274.56
-4287.2
-1398.29
-273.139
-240.632
-424.558
-396.371
-398.407
-459.567
-376.16
-530.014
-337.804
-696.462
-191.021
-868.64
-117.988
-4091.56
-1399.32
-272.793
-240.676
-424.823
-396.526
-399.145
-460.293
-380.709
-530.669
-343.399
-723.512
-202.449
-1092.94
-194.133
-3664.68
-1400.22
-272.627
-240.88
-425.211
-396.691
-399.955
-460.5
-384.816
-531.064
-355.483
-716.375
-225.362
-1384.05
-175.886
-3577.78
-1401.27
-272.655
-241.123
-425.712
-397.099
-400.717
-460.404
-386.147
-528.59
-362.578
-688.264
-286.232
-1385
-75.1241
-3976.68
-1402.26
-272.752
-241.424
-426.292
-397.658
-401.423
-460.34
-385.533
-527.085
-368.768
-666.536
-313.06
-1243.81
114.732
-3846.02
-1403.32
-273.087
-241.825
-427.03
-398.597
-402.408
-461.169
-385.632
-524.694
-372.73
-691.671
-358.17
-1107.8
88.4599
-3875.75
-1404.3
-273.473
-242.249
-427.818
-399.86
-403.836
-464.511
-389.177
-531.398
-376.152
-722.542
-294.257
-1537.06
-207.602
-3423.82
-1405.31
-274.076
-242.792
-428.746
-401.423
-405.265
-467.59
-390.48
-538.036
-377.047
-695.055
-332.338
-1104.77
146.109
-3699.14
-1406.19
-274.673
-243.299
-429.634
-403.145
-406.812
-472.246
-392.286
-553.791
-381.147
-736.418
-334.082
-1578.27
141.248
-3655.91
-1407.07
-275.502
-243.95
-430.743
-405.386
-408.946
-478.779
-396.938
-569.375
-382.469
-777.631
-271.739
-1820.02
-32.0298
-3450.63
-1407.74
-276.195
-244.422
-431.597
-407.237
-410.584
-484.251
-401.681
-582.335
-378.447
-812.421
-222.85
-1487.48
-3.37039
-3198.32
-1408.43
-277.173
-245.097
-432.732
-409.577
-412.564
-489.641
-403.906
-590.372
-373.395
-809.1
-215.942
-1200
-36.7342
-3445.16
-1408.8
-277.722
-245.383
-433.269
-410.761
-413.175
-491.871
-401.377
-595.26
-371.661
-787.234
-216.133
-901.717
201.523
-3805.92
-1409.34
-278.709
-246.078
-434.363
-413.04
-415.137
-497.254
-403.391
-604.114
-371.702
-771.525
-206.321
-876.494
626.263
-3724.95
-1572.2
-366.039
-281.263
-507.5
-493.497
-489.858
-594.793
-480.258
-706.414
-415.426
-868.424
-204.636
-1277.91
421.214
-4890.23
-1573.02
-366
-281.342
-507.905
-493.419
-490.695
-594.277
-482.308
-709.117
-424.082
-889.729
-187.922
-1349.65
157.417
-4982.82
-1574.2
-365.642
-281.385
-508.338
-493.61
-491.852
-594.892
-487.992
-713.201
-427.212
-952.875
-249.563
-1569.28
-335.299
-4780.08
-1575.3
-365.529
-281.606
-508.939
-493.829
-493.15
-595.39
-493.609
-720.317
-444.989
-1004.43
-298.914
-1684.62
-353.835
-4152.04
-1576.54
-365.617
-281.886
-509.683
-494.407
-494.562
-595.746
-496.804
-720.31
-460.904
-971.819
-318.179
-1905.31
-322.589
-4117.28
-1577.74
-365.803
-282.248
-510.502
-495.225
-495.854
-596.673
-497.454
-720.534
-470.805
-964.659
-429.979
-1867.64
-53.4332
-4491.79
-1579.02
-366.246
-282.756
-511.513
-496.593
-497.545
-598.72
-499.569
-719.041
-478.114
-965.726
-431.732
-1673.54
100.247
-4495.72
-1580.23
-366.762
-283.314
-512.541
-498.397
-499.442
-603.665
-504.665
-734.18
-480.399
-1044.99
-426.025
-2089.88
-99.8244
-3837.51
-1581.45
-367.526
-284.043
-513.75
-500.713
-501.341
-608.59
-505.959
-740.309
-483.679
-987.616
-431.522
-1943.45
143.276
-4423.41
-1582.53
-368.297
-284.744
-514.849
-503.244
-503.1
-615.631
-507.576
-763.147
-487.215
-1073.18
-437.728
-2567.62
107.316
-3877.26
-1583.59
-369.318
-285.64
-516.201
-506.441
-505.517
-624.387
-512.357
-783.839
-485.05
-1105.92
-321.101
-2180.43
53.1083
-3906.87
-1584.41
-370.189
-286.32
-517.195
-509.133
-507.162
-632.053
-515.924
-802.27
-475.881
-1144.11
-329.65
-1914.92
8.13105
-4179.37
-1585.23
-371.356
-287.263
-518.547
-512.493
-509.478
-640.119
-518.245
-813.071
-469.444
-1118.78
-254.844
-1720.91
288.747
-4594.24
-1585.68
-372.035
-287.691
-519.153
-514.283
-510.078
-644.288
-515.465
-820.623
-470.547
-1116.62
-252.477
-1811.85
656.773
-4372.93
-1586.3
-373.194
-288.658
-520.467
-517.511
-512.499
-652.204
-518.686
-836.753
-474.331
-1154.03
-269.499
-2044.52
654.231
-4235.1
-1734.91
-478.25
-327.266
-599.18
-602.111
-587.336
-746.891
-605.349
-966.247
-552.794
-1462.81
-468.124
-2941.81
198.234
-5886.76
-1735.85
-478.298
-327.294
-599.728
-601.642
-588.409
-744.336
-607.673
-956.556
-558.31
-1392.5
-443.604
-2498.34
332.139
-5990.59
-1737.19
-477.97
-327.294
-600.304
-601.529
-589.76
-742.804
-612.177
-948.827
-558.097
-1358.04
-397.456
-2326.22
157.041
-6134.72
-1738.47
-477.933
-327.472
-601.088
-601.382
-591.319
-741.394
-617.331
-948.869
-576.811
-1401.14
-504.348
-2523.53
-169.034
-5911.79
-1739.91
-478.112
-327.74
-602.052
-601.768
-593.143
-740.327
-621.021
-940.6
-588.218
-1370.26
-455.855
-2686.95
-113.164
-5389.78
-1741.34
-478.413
-328.12
-603.081
-602.548
-594.824
-741.015
-623.354
-938.979
-602.983
-1330.12
-507.831
-2935.6
-142.885
-5256.62
-1742.86
-479.001
-328.712
-604.339
-604.167
-596.947
-743.553
-626.794
-937.918
-613.87
-1301.17
-535.375
-2588.72
242.176
-5880.72
-1744.32
-479.679
-329.392
-605.567
-606.441
-598.988
-749.885
-631.59
-959.978
-620.581
-1402.81
-597.506
-2696.67
318.959
-5472.55
-1745.79
-480.645
-330.322
-607.014
-609.6
-601.158
-757.37
-633.378
-973.39
-626.292
-1394.12
-612.166
-3357.84
534.841
-5216.79
-1747.1
-481.626
-331.244
-608.274
-613.137
-602.923
-767.89
-634.551
-1006.65
-621.192
-1475
-522.899
-3327.56
341.62
-4998.08
-1748.38
-482.892
-332.441
-609.836
-617.631
-605.442
-781.012
-638.621
-1048.14
-618.422
-1630.22
-546.847
-3076.17
373.531
-5520.52
-1749.39
-483.984
-333.386
-610.941
-621.582
-606.96
-793.7
-641.074
-1092.59
-614.126
-1778.97
-580.55
-3464.08
497.781
-5299.16
-1750.38
-485.403
-334.687
-612.508
-626.479
-609.594
-807.613
-644.501
-1129.43
-613.111
-1859.49
-518.506
-3982.16
857.63
-4882.26
-1750.95
-486.245
-335.312
-613.18
-629.268
-610.257
-816.193
-643.508
-1157.89
-614.858
-1965.17
-558.8
-4515.41
767.251
-4560.08
-1751.68
-487.646
-336.649
-614.732
-633.972
-613.22
-829.492
-648.283
-1195.98
-618.143
-2102.84
-520.597
-5008.33
668.388
-4474.96
-1853.27
-656.666
-407.558
-707.376
-781.37
-736.364
-1010.02
-771.34
-1393.94
-664.156
-2244.44
-372.636
-4641.83
181.589
-7004.12
-1854.25
-656.863
-407.368
-708.254
-779.733
-738.65
-1002.53
-778.11
-1368.66
-682.277
-2177.57
-482.122
-4677.75
364.7
-6573.41
-1855.56
-656.649
-407.22
-709.18
-778.791
-741.31
-997.007
-786.678
-1346.83
-699.4
-2134.94
-532.143
-4636.49
544.066
-6269.86
-1856.92
-656.757
-407.172
-710.378
-777.58
-744.338
-990.669
-795.816
-1326.85
-719.726
-2110.75
-568.664
-4291.55
422.377
-6908.2
-1858.43
-657.103
-407.308
-711.803
-777.317
-747.846
-986.094
-805.477
-1305.3
-748.137
-2049.19
-562.514
-3793.97
155.078
-7032.9
-1859.98
-657.603
-407.617
-713.224
-777.776
-750.809
-984.815
-812.305
-1293.01
-764.092
-1916.39
-527.686
-4068.45
122.328
-6642.93
-1861.61
-658.391
-408.295
-714.85
-779.747
-753.972
-988.082
-818.163
-1293.55
-776.136
-1899.97
-611.671
-4075.61
700.768
-7404.91
-1863.19
-659.273
-409.173
-716.281
-782.9
-756.173
-996.86
-821.023
-1317.81
-774.691
-1939.56
-492.546
-3530.79
58.3252
-8378.07
-1864.77
-660.438
-410.47
-717.878
-787.711
-758.338
-1010.33
-821.86
-1354.45
-774.605
-2059.7
-520.536
-4738.6
-142.696
-6975.43
-1866.2
-661.626
-411.847
-719.097
-793.291
-759.276
-1028.08
-818.471
-1406.25
-746.131
-2105.07
-408.132
-4337.94
-118.933
-7544.02
-1867.57
-663.078
-413.645
-720.596
-800.368
-760.706
-1050.71
-815.43
-1483.19
-715.643
-2417.69
-488.394
-4771.98
-96.1399
-7736.31
-1868.69
-664.347
-415.169
-721.494
-806.865
-760.575
-1073.19
-808.072
-1561.89
-677.711
-2687.27
-544.453
-5853.39
630.078
-6814.24
-1869.74
-665.902
-417.172
-722.95
-814.59
-762.098
-1097.45
-805.457
-1630.38
-656.117
-2803.83
-361.295
-6134.27
849.792
-6535.86
-1870.39
-666.854
-418.236
-723.424
-819.24
-761.636
-1112.86
-799.684
-1679.66
-643.266
-2927.18
-272.224
-6167.91
678.938
-6472.42
-1871.13
-668.352
-420.254
-724.952
-826.441
-764.126
-1135.07
-802.08
-1742.59
-641.312
-3072
-171.405
-6225.32
791.16
-6647.81
-2046.14
-2893.84
-3724.84
-4810.1
-6179.14
-7842.77
-10060.2
-12665.5
-16412.6
-20448.2
-27836.2
-31088.3
-56944.5
-44931.3
-143831
-815.819
-1060.29
-1230.42
-1549.22
-1950.24
-2455.73
-3155.73
-3977.13
-5276.54
-6603.15
-9664.5
-12227.5
-17246.1
-27662.6
-20709
-545.907
-751.694
-938.869
-1235.46
-1572.21
-2020.3
-2570.64
-3348.68
-4284.54
-5854.16
-7560.32
-11528.6
-14291
-28302.9
-4921.41
-827.013
-1140.63
-1449.23
-1881.76
-2403.89
-3090.04
-3917.57
-5033.04
-6294.09
-8104.65
-10027.5
-12611.4
-15246.5
-16363.7
-14312.6
-936.058
-1283.49
-1628.75
-2085.68
-2620.47
-3293.96
-4078.07
-5117.93
-6198.51
-7826.79
-9084.02
-11788.7
-12123.8
-17129.8
-15602.5
-848.92
-1162.95
-1479.76
-1924.67
-2485.67
-3197.01
-4007.78
-5017.82
-5939.8
-7312.31
-7977.41
-10203.5
-9743.55
-14439.4
-11769
-1221.63
-1695.66
-2218.95
-2826.87
-3462.72
-4171.88
-4932.78
-5835.23
-6603.51
-7882.86
-8288.1
-11060.8
-10051.5
-17153
-15348.7
-891.468
-1211.32
-1560.5
-2063.1
-2726.03
-3508.26
-4320.55
-5115.51
-5577.62
-6342.97
-5967.17
-8105.01
-5609.95
-18731.3
-1715.3
-1741.79
-2393.78
-3438.05
-4341.46
-4970.56
-5477.12
-5945.96
-6238.26
-6502.39
-6916.1
-7197.07
-11577.4
-13566.7
-17343
-2467.48
-900.21
-1149.71
-1716.61
-2502.35
-3425.23
-4136.48
-4707.31
-4887.74
-4577.96
-4487.28
-2666.47
-2615.05
-2755.55
2016.85
9048.07
-2648.16
-3407.52
-6627.11
-8045.5
-8185.24
-7845.92
-7343.13
-6091.7
-5776.83
-3477.03
-6499.17
-13349.6
-17359
-16320.9
-6921.46
-716.892
-179.43
-876.346
-1870.89
-2941
-2504.39
-3047.57
-3140.93
-1967.95
-4348.27
-7697.96
-9219.63
-856.688
-5606.6
11412.5
-4516.58
-4918.54
-13292.6
-14337.1
-14663.5
-14094.9
-12258.4
-9032.85
-10127.7
-19568.1
-28271.6
-28611.5
-39147.4
-45647.3
-19499.9
118.286
2373.39
3745.68
2620.41
3208.4
8220.5
-1996.02
5776.97
9756.08
-14717.9
-9205.03
9475.35
7744.85
26563.5
42976.5
-13033.9
-15953.5
-11636.1
-15058.8
-20144.5
-23995.5
-38687.8
-66659.8
-108308
-90378.4
-50143.1
-37721
-36759.1
-67301.6
-107093
-2047.24
-2895.37
-3726.38
-4811.56
-6180.35
-7844.24
-10055.1
-12656.9
-16396.7
-20424.1
-27802.6
-31063
-56644.7
-44781.7
-140575
-816.148
-1060.49
-1230.12
-1547.71
-1946.45
-2449.4
-3145.47
-3962.83
-5252.34
-6569.84
-9612.78
-12170.1
-17278.6
-27158.8
-21011.1
-545.291
-750.544
-936.655
-1231.63
-1566.18
-2012.21
-2559.5
-3333.54
-4263.83
-5825.95
-7527.23
-11484.5
-14327.6
-28112.2
-6763.77
-828.227
-1141.67
-1448.55
-1876.84
-2392.8
-3071.5
-3891.17
-4997.82
-6251.12
-8057.21
-9973.67
-12569
-15164.3
-16275.7
-14568.3
-932.199
-1275.82
-1614.25
-2062.59
-2588.83
-3254.66
-4032.96
-5065.38
-6140.44
-7763.41
-9006.86
-11704.1
-11990.3
-17013.6
-15800.8
-852.296
-1165.75
-1474.99
-1904.41
-2446.96
-3140.59
-3938.68
-4935.94
-5860.47
-7242.72
-7934.27
-10197
-9694.49
-14267.9
-11398.9
-1205.12
-1661.81
-2153.51
-2734.55
-3354.68
-4063.52
-4834.64
-5748
-6538.78
-7829.14
-8219.34
-10901.2
-9614.06
-16814.6
-14261.2
-901.003
-1219.29
-1538.11
-1996.48
-2627
-3393.09
-4201.89
-4990.46
-5488.05
-6312.3
-6024.56
-8212.79
-5914.31
-19574.6
2492.64
-1689.09
-2265.26
-3206.92
-4087.43
-4719.08
-5271.21
-5811.22
-6181.14
-6542.7
-6992.74
-7059.02
-10656.7
-12100.2
-15729.3
9537.66
-917.19
-1161.57
-1686.56
-2449.2
-3370.34
-4104.96
-4745.73
-4894.99
-4642.42
-4754.34
-2991.55
-2676.24
-4096.51
1248.04
-2399.3
-2553.88
-3344.74
-6283.04
-7751.07
-8082.58
-7887.99
-7677.64
-6292.97
-6439.66
-3908.94
-4151.82
-10319.4
-17226.3
-16829.8
-21524.3
-738.262
-552.646
-1277.25
-2340.62
-3460.92
-3475.87
-4765.66
-3567.29
-2640.63
-4725.01
-8162.29
-10049.5
-6337.12
-7027.52
-1667.61
-5457.2
-4250.07
-11870.2
-14136.5
-15199
-14043.6
-12774.9
-6249.39
-16313.2
-35571.4
-32669.5
-24453.8
-34700.6
-46605.1
-19196.9
-493.577
998.584
3700.43
2102.4
1637.71
5008.66
-4229.29
6494.02
-12710.9
-28807.2
-9116.74
4399.57
10940.3
7964.36
21379.7
-11455.4
-16570.4
-13012.8
-15269.6
-19967.5
-23665.8
-35968.5
-65836.5
-83745
-60580.4
-32771.9
-37777.7
-31758
-58479.6
-91824.9
-2048.66
-2897.42
-3728.67
-4814.1
-6182.97
-7848.84
-10052.8
-12651.8
-16386.3
-20409.4
-27775.8
-31048.7
-56601.2
-44699.8
-141270
-816.016
-1060.07
-1229.2
-1545.88
-1942.86
-2443.95
-3140.35
-3955.92
-5239.49
-6553.93
-9580.92
-12126.4
-17243.4
-27061
-20254.5
-544.855
-749.801
-935.196
-1229.15
-1562.62
-2007.76
-2554.19
-3325.41
-4253.77
-5811.55
-7508.67
-11456.1
-14301.9
-28099.9
-6296.24
-829.495
-1142.91
-1448.71
-1874.5
-2387.26
-3062.07
-3878.13
-4979.37
-6230.28
-8033.39
-9950.32
-12547.4
-15123.9
-16208.6
-14053.4
-929.501
-1270.77
-1604.88
-2049.04
-2572.56
-3236.03
-4013.09
-5040.87
-6116.08
-7731.46
-8972.02
-11649.7
-11919.9
-16944.3
-15576.6
-855.974
-1169.62
-1474.54
-1896.68
-2432.24
-3119.37
-3912.67
-4901.19
-5832.2
-7212.1
-7936.41
-10202.1
-9732.26
-14362.5
-11685.7
-1190.64
-1634.85
-2103.24
-2679.69
-3308.45
-4026.73
-4801.82
-5716.89
-6524.3
-7808.27
-8210.9
-10785.6
-9531.94
-16468.2
-12902.5
-912.247
-1233.13
-1537.03
-1982.35
-2610.96
-3371.43
-4166.44
-4941.5
-5462.01
-6285.43
-6100.05
-8233.97
-6189.18
-19382
-3011.5
-1618.84
-2122.99
-2947.97
-3925.99
-4669.22
-5270.26
-5798.59
-6212.12
-6617.07
-7129.28
-7067.93
-10083.3
-11327.7
-15629.3
-1193.2
-929.283
-1156.66
-1558.92
-2206.06
-3129.05
-3998.71
-4722.48
-4894.68
-4742.3
-4697.7
-3439.37
-2754.75
-3912.4
-1337.5
-508.242
-2390.9
-3154.68
-6261.78
-8399.14
-8771.72
-8324.86
-7766.53
-6735.56
-6937.39
-5170.88
-3403.03
-8486.38
-14853.5
-16995.6
-23991.8
-649.995
-641.37
-985.182
-2218.58
-3904.76
-4616.59
-5826.19
-4132.23
-4017.76
-3427.83
-5927.06
-11630.4
-4765.08
-8048.54
-6388.25
-5827.83
-4528.6
-12341.2
-14058.5
-14772.2
-14079.5
-10700.1
-7580.95
-16154.4
-22637.7
-23507.2
-25476.4
-27900.4
-46745.7
-17866
-412.647
570.388
3298.77
2384.77
2117.62
3141.05
-348.099
5791.38
-11351.5
-13223.4
-3156.9
-939.119
6464.62
2575.63
29064.7
-10145.6
-16376.7
-13458.8
-15656.8
-20608.5
-26073.3
-39141.9
-60462.6
-62336.4
-41338.9
-27193.3
-32510.8
-38538.5
-51976
-95869.2
-2050.18
-2899.78
-3731.23
-4816.27
-6184.94
-7853.97
-10050.6
-12643.6
-16368.1
-20383.1
-27738.4
-30993.9
-56462.8
-44666.3
-140902
-816.242
-1060.08
-1228.64
-1544.1
-1938.09
-2435.95
-3131.55
-3944.19
-5217.81
-6526.65
-9536.21
-12065.4
-17185
-26813.4
-19639.2
-544.396
-748.947
-933.437
-1225.5
-1556.58
-1999.46
-2544.04
-3310.1
-4233.49
-5782.2
-7472.74
-11399
-14268.9
-27915.9
-6156.85
-831.081
-1144.53
-1448.89
-1870.68
-2377.74
-3045.69
-3854.97
-4946.12
-6190.44
-7986.34
-9901.11
-12503.3
-15064.4
-16055.7
-13913.3
-925.881
-1263.61
-1590.79
-2025.85
-2542.19
-3199.99
-3973.3
-4991.72
-6063.4
-7665.31
-8895.71
-11548.5
-11772.4
-16772.3
-15444.1
-860.237
-1174.39
-1473.3
-1882.59
-2402.3
-3074.85
-3858.55
-4832.45
-5768.71
-7143.21
-7906.92
-10192.8
-9745.09
-14490.4
-12031.3
-1173.83
-1601.31
-2032.36
-2572.24
-3195.05
-3931.81
-4724
-5643.5
-6473.97
-7746.06
-8165.73
-10611.4
-9180.1
-16211.5
-12489.9
-924.914
-1249.77
-1522.36
-1943.54
-2555.74
-3301.85
-4087.33
-4854.16
-5404.7
-6221.56
-6160.91
-8200.1
-6276.77
-19103
-7664.56
-1563.22
-1981.45
-2596.05
-3434.85
-4278.18
-5148.47
-5772.29
-6240.39
-6704.79
-7252.3
-7147.63
-9402.52
-10066.6
-15209.9
-6120.24
-940.471
-1218.21
-1636.51
-2306.37
-3073.92
-3859.92
-4608.1
-4854.08
-4799.9
-4655.67
-3717.71
-2743.45
-3406.39
-66.2913
4098.44
-2579.05
-3043.88
-5500.85
-8038.6
-9353.69
-9755.27
-8859.93
-7829.93
-7699.73
-6522.89
-3918.21
-7275.96
-13289.5
-18161.1
-24550.6
-967.01
-1083.93
-1582.02
-2374.34
-3648.39
-5370.26
-6896.15
-5821.44
-5841.22
-2916.57
-4447.87
-10106.2
-4483.15
-9278.46
-7351.02
-5409.7
-3829.13
-11436.7
-16635.2
-17437.4
-15697.6
-8189.07
-9403.64
-15729.5
-16748.9
-22745.9
-26268.3
-24008.2
-44633.7
-19806.8
131.205
1915.8
5158.37
3575.07
2949.77
3366.81
4562.92
2308.34
-5493.7
-9540.02
-4534.9
-1097.87
4722.83
-5015.85
34386.3
-10703
-16618.8
-15712.7
-16393.8
-20586.6
-25895.5
-39870.7
-52837.9
-41531.6
-27551.4
-22366
-26253.4
-33990.6
-42834.8
-85453.8
-2051.81
-2902.35
-3734.65
-4819.49
-6187.54
-7860.28
-10055
-12640.5
-16354
-20361.1
-27703.1
-30948.8
-56373
-44575.9
-140601
-816.699
-1060.37
-1228.4
-1542.99
-1934.59
-2429.45
-3123.6
-3936.61
-5202.54
-6511.5
-9502.97
-12030.1
-17153.5
-26692.7
-19754.7
-544.233
-748.525
-932.477
-1223.28
-1552.32
-1993.21
-2537.02
-3299.11
-4219.2
-5760.03
-7443.89
-11354
-14229
-27813.5
-6240.48
-832.931
-1146.68
-1450.34
-1869.49
-2372.42
-3035.41
-3840.44
-4923.17
-6163.64
-7953.42
-9868.62
-12479.4
-15030.6
-16000.6
-13973.5
-923.689
-1258.92
-1580.83
-2008.57
-2519.02
-3172.36
-3944.07
-4954.48
-6026.63
-7612.83
-8837.1
-11456.3
-11634
-16622.8
-15082.1
-864.907
-1179.91
-1476.21
-1877.88
-2386.99
-3049.01
-3825.33
-4785.21
-5730.18
-7092
-7900.36
-10194.4
-9787.77
-14706.1
-12258.1
-1159.44
-1573.29
-1973.72
-2474.73
-3082.36
-3829.58
-4639.61
-5569.69
-6432.69
-7691.36
-8146.88
-10449
-8873.11
-15680.5
-11807.4
-937.945
-1260.6
-1520.42
-1938.14
-2541.22
-3280.62
-4041.65
-4795.22
-5374.84
-6164.93
-6217.94
-8173.89
-6577.42
-18334.8
-11168.2
-1489.69
-1847.5
-2333.45
-3062.14
-3920.93
-4847.12
-5567.94
-6162.49
-6733.24
-7436.19
-7368
-9101.31
-8878.11
-13535.2
-3998.96
-973.258
-1263.29
-1585.24
-2139.05
-2915.93
-3764.39
-4449.88
-4794.33
-4776.69
-4705.46
-3779.87
-2905.63
-3175.74
2982.67
1036.49
-2289.19
-2886.34
-4267.86
-6133.82
-7775.47
-8927.56
-9051.97
-9075.57
-8575.53
-7854.05
-5627.14
-7279.33
-10717.2
-18109.2
-26188.3
-817.054
-1095.2
-1724.08
-2761.35
-4192.21
-5834.31
-7531.11
-7438.03
-7445.1
-4889.3
-2760.85
-8565.4
-5014.07
-8502.65
-3843.06
-5123.88
-3811.87
-7760.15
-13380.6
-15994.1
-15309.8
-11258.8
-15044.2
-19017.8
-18242.9
-18961.7
-23023.3
-23706.1
-42598.7
-26049
-34.1757
664.366
4351.17
4707.69
5003.59
6637.02
4530.2
-2381.94
-5764.35
-7204.92
-2525.65
-1196.46
3860.72
-12188.6
40438.7
-12116.9
-17854.7
-18900.3
-20146.5
-22994.5
-27805.3
-39986.6
-43038.1
-29206.6
-22389.8
-20819
-25997.7
-27593.1
-33217.2
-68434
-2053.51
-2904.87
-3738.32
-4823.92
-6190.75
-7865.78
-10061.3
-12646.5
-16339.4
-20338.3
-27654.2
-30908.6
-56253.4
-44491.1
-140306
-817.357
-1060.95
-1228.4
-1542.15
-1931.58
-2422.93
-3112.08
-3924.34
-5184.24
-6496.81
-9460.41
-11992.5
-17083.3
-26590.2
-19572.7
-544.314
-748.38
-931.742
-1221.6
-1548.65
-1986.82
-2528.6
-3286.69
-4201.98
-5732.02
-7405.79
-11293.6
-14182.7
-27687.3
-6193.81
-834.661
-1148.85
-1452.02
-1868.82
-2367.67
-3024.88
-3825.43
-4898.54
-6133.06
-7913.28
-9824.63
-12443.5
-14987.9
-15991.6
-14086.7
-922.541
-1255.86
-1573.18
-1994.56
-2499.2
-3146.39
-3914.07
-4911.85
-5980.33
-7542.41
-8754.5
-11326.5
-11465.1
-16425
-14559.2
-868.481
-1184.9
-1479.41
-1874.37
-2373.82
-3024.2
-3791.88
-4733.75
-5684.76
-7022.14
-7870.66
-10165.7
-9796.72
-14950.8
-12519.1
-1150.72
-1554.31
-1931.53
-2412.06
-3011.38
-3754.66
-4563.08
-5480.81
-6362.31
-7579.18
-8080.89
-10190.9
-8733.53
-15055.5
-10332.9
-946.625
-1275.09
-1532.73
-1941.09
-2517.23
-3232.49
-3980.78
-4727.28
-5335.07
-6068.49
-6195.79
-7846.09
-6563.21
-17322.6
-12700
-1447.51
-1771.12
-2166.96
-2803.24
-3626.07
-4549.35
-5268.07
-5884.82
-6485.65
-7265.23
-7506.63
-9171.3
-8253.52
-10999.3
3006.02
-991.994
-1300.62
-1547.68
-2096.09
-2861.04
-3656.45
-4240.68
-4587.87
-4643.55
-4409.1
-3595.98
-2869.56
-3431.73
2345.17
-2984.18
-2004.39
-2351.32
-3263.03
-4823.68
-6457.27
-7786.5
-8329.36
-8201.3
-7848.86
-7926.3
-6608.31
-8029.85
-9550.58
-16191.6
-27369.4
-390.425
-513.974
-1637.83
-2717.22
-3990.16
-4975.61
-5577.43
-5673.8
-5702.33
-4581.9
-2043.61
-5009.44
-2564.44
-4640.54
3835.61
-5252.82
-4283.86
-4432.89
-9026.76
-12654.2
-12734
-13283.3
-16614.4
-18050.9
-16593.5
-15664.2
-19510.7
-22096.4
-40310.9
-31712.3
220.923
-230.09
2235.46
5127.53
5177.88
6437.06
3121.84
-407.013
-3532.96
-6961.08
-3172.61
-1097.88
4171.97
5294.03
31675.8
-10095.5
-14950.7
-21011.1
-22055.8
-25084.5
-30290.7
-38300.3
-34041
-26135.3
-24286.7
-23131.9
-27067.3
-24157.5
-23283.6
-51621.2
-2055.36
-2907.59
-3742.02
-4829.13
-6195.79
-7872.09
-10068.6
-12665
-16329.5
-20321.9
-27601.1
-30906.7
-56146.2
-44419.8
-140139
-818.311
-1062.09
-1229.21
-1542.39
-1930.45
-2419.2
-3102.35
-3911.74
-5172.36
-6493.32
-9426.09
-11954.1
-17026.7
-26547.2
-19360.7
-544.96
-749.097
-932.16
-1221.44
-1547.2
-1982.73
-2522.07
-3278.11
-4190.54
-5710.79
-7373.41
-11248.4
-14143.6
-27592.2
-6071.89
-836.551
-1151.56
-1455.09
-1871.11
-2367.76
-3019.91
-3816.36
-4882.08
-6113.48
-7888.32
-9793.72
-12436.9
-14954.1
-16076.9
-14178.1
-923.862
-1257.04
-1572.32
-1990.03
-2489.12
-3127.75
-3889.76
-4875.68
-5944.29
-7484.12
-8680.33
-11209.6
-11272.5
-16263.9
-13946.1
-871.543
-1190.57
-1486.97
-1879.11
-2370.11
-3007.87
-3765.67
-4690.58
-5653.7
-6969.53
-7860.64
-10185.6
-9807.53
-15435.2
-12953.1
-1151.55
-1555.32
-1922.86
-2385.73
-2958.13
-3674.05
-4474.23
-5388.07
-6305.99
-7471.85
-8031.8
-9898.1
-8516.57
-14581.2
-6979.61
-950.04
-1294.27
-1569.1
-1944.74
-2476.79
-3178.01
-3909.2
-4653.34
-5310.36
-5978.57
-6215.19
-7613.95
-6632.08
-16350.5
-13128.5
-1463.89
-1832.04
-2148.9
-2662.46
-3377.76
-4235.18
-4969.88
-5690.7
-6403.59
-7164.96
-7573.86
-8836.2
-7869.94
-10304.1
8130.2
-1032.32
-1364.39
-1624.08
-2090.24
-2790.78
-3644.07
-4203.96
-4582.23
-4697.2
-4229.52
-3328.75
-2634.22
-3935.2
2750.98
-1173.2
-1965.98
-2185
-2959.95
-4325.14
-5915.92
-7307.38
-7620.21
-7448.68
-7417.53
-7408.07
-7867.6
-10991.2
-12384.8
-12972.1
-22977.4
-532.454
-739.254
-2008.16
-3062.03
-4155.04
-4663.18
-3269.89
-2626.68
-3598.6
-3660.55
-4197.72
-5519.01
844.42
-1121.61
4858.61
-6628.04
-5143.61
-4514.73
-7963.33
-11335.8
-14148.3
-16083.3
-16994.5
-18094.2
-18025.8
-17613.3
-14228.6
-14103.2
-33979.3
-30930.8
-123.669
-385.825
2547.46
4831.88
4934.72
5550.48
3490.02
902.193
-6927.98
-10058
-8136.15
-2526.41
6527.7
19953.3
24829.7
-10799.6
-15713.3
-21056.6
-22065.2
-24499
-27725.9
-30136.1
-30005.9
-30492
-31222.9
-29750.7
-34107.2
-27905.2
-25652.6
-42520.5
-2057.19
-2910.41
-3745.83
-4834.39
-6201.5
-7878.79
-10073
-12685.6
-16320.3
-20320.2
-27534.6
-30938.7
-56042.4
-44356.7
-139996
-819.363
-1063.48
-1230.55
-1543.46
-1930.48
-2417.83
-3094.02
-3898.57
-5163.4
-6488.03
-9387.87
-11898.1
-16968.5
-26510.1
-19149.7
-545.97
-750.41
-933.425
-1222.32
-1547.03
-1980.09
-2516.34
-3268.73
-4177.98
-5689.66
-7336.16
-11195.3
-14095.6
-27467.8
-5878.18
-838.073
-1154.08
-1458.2
-1873.93
-2369.34
-3017.82
-3810.42
-4868.2
-6095.54
-7865.66
-9753.87
-12432.3
-14892.1
-16210.6
-14374.8
-927.083
-1261.32
-1575.52
-1990.72
-2486.03
-3117.72
-3873.47
-4843.64
-5905.45
-7417.69
-8580.38
-11079.2
-10992.4
-16091.5
-13620.1
-873.115
-1194.66
-1491.11
-1880.27
-2366.51
-2997.96
-3752.32
-4659.85
-5627.33
-6909.85
-7821.55
-10200
-9725.42
-16315.6
-13941.4
-1160.05
-1566.59
-1923.6
-2373.28
-2933.9
-3636.97
-4427.06
-5313.77
-6231.56
-7302.55
-7907.98
-9554.38
-8172.91
-14442.8
-5821.6
-949.815
-1298.01
-1559.69
-1917.04
-2445.59
-3158.17
-3921.98
-4686.01
-5342.81
-5891.04
-6150.39
-7261.29
-6601.04
-15735
-13057.8
-1484.63
-1842.64
-2053.5
-2547.41
-3288.74
-4181.67
-4971.03
-5669.93
-6185.31
-6596.95
-6896.32
-7974.56
-6842.19
-9556.13
16910.2
-1004.69
-1216.89
-1401.27
-1959.84
-2720.65
-3619.31
-4243.78
-4647.77
-4644.81
-4134.66
-2964.14
-1954.54
-3247.2
7387.04
-1465.62
-1774.77
-1933.01
-2710.86
-4132.31
-5395.99
-6402.28
-6817.02
-6845.03
-6430.03
-6120.87
-6280.25
-9117.48
-11200.8
-7318.56
-19519.2
-632.309
-941.577
-1884.54
-2971.29
-3748.25
-4090.43
-3631.28
-4554.12
-4801.71
-4003.75
-4186.92
-4671.71
2079.06
990.675
2387.75
-4249.3
-4085.12
-5018.35
-8454.97
-10673.6
-12381.9
-12935.4
-13481.5
-13638.9
-15984.8
-18014.9
-16095.7
-18824.5
-29429.9
-27794.2
138.452
821.391
4466
4803.82
4819.45
6315.77
7108.76
6069.77
-1933.35
-8476.91
-6125.6
377.302
3465.1
14917.4
5556.59
-16002.7
-19850
-21550.5
-22538.4
-25660.2
-29213.1
-32505.7
-36669.8
-46564.1
-49716.5
-41289.9
-35882
-31234.3
-30922.5
-49104.3
-2059.02
-2913.36
-3750.07
-4840.35
-6208.32
-7887.09
-10077.3
-12706.5
-16309.3
-20350.8
-27474
-30986.7
-55965.8
-44311.5
-139901
-820.703
-1065.31
-1232.59
-1545.86
-1932.67
-2420.2
-3091.02
-3893.62
-5159.19
-6475.24
-9359.78
-11856
-16926.2
-26499.6
-18946.7
-547.598
-752.638
-936.066
-1225.28
-1549.72
-1980.98
-2514.62
-3262.99
-4169.01
-5673.95
-7306
-11159.8
-14049.8
-27371.9
-5712.59
-839.678
-1157.04
-1462.62
-1879.79
-2376.01
-3022.33
-3811.89
-4862.26
-6087
-7859.31
-9724.75
-12464.4
-14807.3
-16451
-14768.7
-932.984
-1270.03
-1585.98
-2002.15
-2495.78
-3120.21
-3867.94
-4821.89
-5878.99
-7373.79
-8490.18
-10992.7
-10610.4
-16094.9
-13526.1
-874.159
-1198.85
-1499.52
-1892.24
-2377.18
-3000.37
-3745.93
-4632.85
-5608.68
-6874.48
-7799.72
-10283.6
-9519.42
-18138.4
-15988.4
-1177.22
-1595.67
-1962.38
-2413.74
-2959.58
-3635
-4396.51
-5249.96
-6184.4
-7190.93
-7841.53
-9212.25
-7787.02
-14942.9
-9724.33
-946.057
-1304.84
-1588.75
-1948.01
-2455.01
-3163.88
-3937.27
-4689.06
-5353.66
-5808.77
-6094.45
-6724.43
-6270.21
-14751.9
-14698.7
-1536.51
-1959.73
-2238.38
-2684.41
-3381.76
-4341.76
-5234.71
-5945.23
-6344.35
-6556.73
-6699.47
-7473.82
-5972.2
-7910.35
38983.9
-1025.55
-1335.65
-1556.7
-2072.56
-2872.02
-3875.95
-4579.37
-5061.21
-5151
-4582.64
-3372.3
-1494.04
-2017.31
11132.1
-179.951
-2031.7
-2315.49
-3177.6
-4736.06
-6089.28
-7084.46
-7330.28
-7084.06
-6368.27
-5747.49
-5275.39
-7088.65
-6391.7
-1865.51
-21703
-1030.3
-1291.71
-2128.18
-2991.74
-3722.26
-4626.56
-4251.47
-4967.33
-5312.06
-3434.05
-1634.75
-1814.98
4122
4397.69
4265.05
-4091.49
-4410.79
-6070.63
-9732.09
-12297.1
-14375
-17787.1
-17106.2
-11854.8
-11227.8
-11970.1
-16059.7
-22364.5
-31854.1
-26589.7
2159.1
4889.77
5163.26
4826.57
4318.57
5418.01
6274.16
7092.48
10161.5
8582.97
4347.41
-2034.13
-4414.47
9128.93
-7118.3
-14428.3
-17143.8
-20724.7
-22639.3
-23860.7
-26656.1
-29462.8
-35196.8
-44305.3
-50580.3
-46597.6
-38918.9
-32773.7
-30353.6
-59976.7
-2060.65
-2916.01
-3754.17
-4846.53
-6215.77
-7895.84
-10083
-12724.5
-16295.6
-20390.9
-27418.6
-31027.5
-55899.6
-44276.7
-139858
-822.089
-1067.29
-1234.83
-1548.6
-1935.52
-2423.82
-3090.82
-3894.81
-5150.31
-6457.53
-9333.07
-11826.6
-16867.6
-26479.6
-18722.5
-549.448
-755.184
-939.153
-1228.97
-1553.59
-1983.4
-2514.22
-3259.47
-4159.44
-5658.18
-7274.6
-11133.6
-13989.6
-27295.1
-5700.44
-840.724
-1159.54
-1466.77
-1885.94
-2383.91
-3029.24
-3816.79
-4861.77
-6080.07
-7854.58
-9680.25
-12506.3
-14638.5
-16861.8
-15380.7
-940.302
-1281.1
-1599.57
-2018.04
-2511.3
-3128.51
-3866.72
-4802.76
-5848.54
-7326.74
-8370.26
-10943.6
-10018.9
-16461.9
-14528.4
-873.531
-1201.53
-1505.84
-1903.91
-2389.21
-3003.23
-3737.82
-4604.25
-5585.41
-6827.46
-7735.1
-10378
-9065.16
-21380.3
-19544.8
-1200.98
-1632.92
-2009.75
-2471.39
-3001.5
-3626.27
-4337.18
-5149.85
-6099.87
-7044.89
-7729.28
-8783.98
-7438.85
-19030.5
-18197.5
-936.839
-1303.48
-1595.84
-1967.59
-2437.22
-3113.45
-3893.59
-4654.57
-5351.45
-5661.92
-5959.29
-6187.43
-6122.18
-13336.4
-16711.8
-1594.24
-2036.3
-2379.7
-2861.36
-3441.53
-4338.13
-5322.21
-6149.19
-6621.37
-6822.41
-7187.14
-7981.24
-6380.77
-7543.67
55198.3
-962.937
-1303.53
-1511.56
-2070.57
-2896.47
-3977.02
-4760.15
-5291
-5473.52
-4795.04
-3761.33
-1456.95
-2155.49
11812.8
7823.73
-2173.36
-2544.84
-3346.99
-5152.14
-6657.02
-7473.32
-7690.99
-7711.22
-6767.91
-6144.2
-5718.85
-8192.96
-5102.06
-2846.55
-21283.2
-757.518
-1066.13
-1916.92
-3050.33
-3195
-2926.87
-2206.33
-4958.87
-6912.62
-4010.87
-645.717
-1503.98
5480.31
6001.38
2678.92
-5127.61
-5715.48
-6703.03
-9477.55
-12235.8
-14959.1
-18236.2
-20617.6
-12999.9
-9319.66
-10478.7
-19528.9
-19878
-31758.3
-24592.4
1348.44
3834.37
4812.91
4497.93
3043
2602.3
3784.68
2859.69
10465.9
15391.1
4965.48
-10156.5
-5757.48
679.453
-3110.93
-15169.3
-17291
-20383.6
-23625.7
-25451.7
-27465.3
-27524
-32417.7
-45398.8
-53667.2
-55144
-41605.9
-32776.4
-33905.7
-70902.5
-2062.22
-2918.49
-3758.07
-4852.85
-6224.3
-7906.42
-10090.7
-12742.1
-16295.2
-20434.8
-27376
-31069.3
-55841.1
-44267.7
-139912
-823.761
-1069.8
-1237.92
-1552.53
-1940.13
-2430.31
-3095.25
-3901.95
-5143.41
-6458.58
-9316.12
-11831.9
-16801.3
-26468.3
-18481.9
-551.883
-758.543
-943.324
-1234.19
-1559.93
-1989.64
-2518.88
-3261.61
-4156.34
-5657
-7255.98
-11133.7
-13941.4
-27312.8
-5640.79
-842.001
-1162.61
-1472.18
-1894.59
-2396.19
-3042.94
-3831.46
-4874.77
-6089.99
-7875.3
-9657.71
-12572.6
-14518.9
-17338.3
-16008.8
-949.907
-1295.93
-1618.7
-2041.64
-2538.28
-3153.28
-3886.56
-4809.99
-5848.08
-7319.27
-8284.67
-10912.8
-9422.56
-15800.4
-13983.6
-872.859
-1205.48
-1515.64
-1922.74
-2414.2
-3024.3
-3752.22
-4606.08
-5603.71
-6835.5
-7728.4
-10456.8
-9214.44
-25221.1
-22871.9
-1233.77
-1687.29
-2079.69
-2556.46
-3092.19
-3692.55
-4355.2
-5119.19
-6087.3
-6962.24
-7585.27
-8140.29
-6279.71
-22016.6
-9721.8
-923.855
-1302.75
-1608.96
-2007.49
-2461.9
-3052.16
-3764.14
-4539.24
-5352.65
-5593.7
-5894.37
-5582.04
-4778.07
-9705.33
-87.2496
-1715.02
-2235.09
-2622.89
-3162.19
-3673.23
-4295.69
-5056.36
-5857.43
-6484.14
-6829.52
-7588.23
-7872.89
-6766.01
-6550.84
45280.9
-880.218
-1211.53
-1427.65
-2025.89
-2876.93
-3925.73
-4741.13
-5439.81
-6034.57
-5485.99
-4493.98
-1690.13
-2682.4
13249.3
12973.5
-2663.39
-3504.09
-4423.11
-6234.94
-7975.69
-8819.23
-8317.46
-7852.74
-7571.84
-6897.59
-6726.87
-10473.6
-6161.44
-9459.7
-6778.48
-588.449
-1084.23
-1951.23
-3639.6
-4770.19
-5276.31
-3748.19
-4191.93
-7152.87
-2943.76
1004.99
-1688.22
5589.01
1935.84
9481.15
-6820.17
-8353.02
-10141.2
-11991.4
-12557.9
-15949.1
-18058.2
-16100.2
-12231.8
-7620.54
-10784.7
-21006
-16049.6
-36298.1
-15822.9
1040.72
1709.88
3524.87
4784.29
4143.37
3158.29
2635.71
455.308
10185
16805.9
3226.12
-13263.3
-2727.8
-5479.33
8389.73
-14046.7
-17461.2
-20245.5
-22961.7
-27302.9
-31168.6
-31367.1
-38801.4
-48421.7
-59362.3
-62810.8
-40742.7
-31717
-37227.2
-79333.5
-2063.53
-2920.48
-3761.11
-4857.92
-6231.75
-7916.42
-10097.9
-12755.9
-16296.8
-20476.9
-27334.4
-31095.5
-55782.2
-44256.8
-140032
-825.25
-1072.2
-1241.02
-1556.42
-1944.49
-2436.34
-3099.64
-3909.35
-5133.92
-6462.87
-9295.74
-11838.8
-16680.1
-26422
-18203.1
-554.075
-761.572
-946.992
-1238.64
-1565.3
-1995.14
-2523.33
-3263.66
-4153.85
-5658.2
-7240.35
-11146.4
-13898.3
-27529.2
-5833.24
-842.56
-1164.81
-1476.5
-1901.88
-2407.01
-3055.64
-3846.5
-4889.6
-6101.31
-7892.67
-9618.75
-12611.7
-14250.1
-17643.8
-16440.7
-959.152
-1310.22
-1636.9
-2063.78
-2563.41
-3177.94
-3910.72
-4824.08
-5851.21
-7309.16
-8179
-10941.5
-8775.67
-16233.2
-14234.2
-870.128
-1207.15
-1522.86
-1938.73
-2437.77
-3048.25
-3778.63
-4623.93
-5629.41
-6818.93
-7659.42
-10520.3
-9696.28
-33993
-23212.4
-1268.83
-1746.56
-2155.3
-2645.5
-3184.33
-3787.45
-4452.55
-5165.76
-6094.69
-6820.48
-7219.37
-7468.49
-4877.91
-19276.5
12773.3
-903.909
-1293.57
-1615.93
-2046.97
-2524.76
-3088.53
-3730.56
-4447.46
-5296.18
-5308.56
-5424.98
-4569.51
-2142.74
-2981.9
16109.3
-1864.08
-2531.6
-3009.43
-3589.28
-4076.32
-4548.61
-5070.52
-5593.1
-6154.05
-6214.02
-6808.64
-6372.09
-6293.54
-2728.94
21115.9
-781.655
-1139.28
-1488.64
-2237.01
-3066.76
-4019.18
-4612.82
-4918.78
-5898.06
-5549.66
-4660.78
-1489.56
-2576.01
13949.4
987.97
-3230.64
-4563.48
-6086.96
-7816.98
-9115.07
-10207.9
-9446.46
-8534.98
-8765.09
-7829.78
-7446.38
-12184.1
-5817.53
-15254.8
9013.53
-213.733
-858.671
-2365.34
-4150.84
-5535.53
-7209.32
-7050.64
-7323.49
-9231.64
-3240.06
1469.37
-2934.79
6397.82
-8918.82
22159.9
-8696.91
-10276.1
-11581.3
-13143.4
-13289.6
-18046.1
-23552.9
-18508.9
-12881
-7879.63
-13790.5
-24546.5
-14509.1
-45365.4
-4139.88
892.088
54.0474
984.126
3339.62
3624.69
5519.01
5169.1
4448.14
13699.8
20571.9
3374.11
-13079.5
2.12347
-13451.4
14344.1
-10212.3
-12832.8
-17075.5
-21652.5
-26142.9
-30060.7
-35495.2
-48234.5
-58199.4
-65061.8
-70291.9
-43028.5
-33450.8
-44297
-89037.8
-2064.8
-2922.45
-3764.02
-4862.63
-6238.98
-7926.97
-10107.6
-12771.2
-16302.6
-20524
-27310.9
-31131
-55757.4
-44288.8
-140248
-827.004
-1075.09
-1245.09
-1561.99
-1951.36
-2445.69
-3109.07
-3924.46
-5135.35
-6480.91
-9291.72
-11870
-16568.5
-26394.8
-17779.2
-556.845
-765.448
-951.848
-1244.67
-1572.95
-2004.07
-2533.16
-3273.09
-4160.8
-5671.82
-7245.04
-11187.3
-13902.2
-27813.4
-6116.55
-843.745
-1167.98
-1482.45
-1911.92
-2422.34
-3075.46
-3872.57
-4919.56
-6132.02
-7929.87
-9610.62
-12635.9
-14016.9
-17555.6
-16489.4
-969.935
-1326.77
-1658.39
-2090.8
-2596.66
-3215.87
-3955.77
-4867.8
-5890.92
-7346.59
-8157.31
-11085
-8553.3
-19163.6
-15118.2
-869.447
-1211.68
-1534.39
-1961.98
-2474.74
-3096.51
-3842.47
-4690.43
-5699.43
-6866.99
-7591.81
-10481.1
-8705.79
-34453.7
-21857.2
-1304.93
-1802.89
-2224.02
-2728.51
-3283.91
-3908.24
-4599.41
-5285.69
-6166.07
-6787.23
-7002.07
-7125.64
-2875.82
-13377.3
18240.9
-891.862
-1293.59
-1631.05
-2094.77
-2618.69
-3222.45
-3865.83
-4510.37
-5366.9
-5232.83
-5228.22
-4238.51
-2231.71
-2279.32
18936.6
-1984.3
-2725.05
-3231.39
-3841.85
-4390.61
-4992.81
-5512.89
-5784.2
-6099.4
-5590.32
-5826.22
-5782.54
-6909.95
-7446.82
-1161.04
-745.294
-1167.46
-1545.33
-2296.89
-3136.56
-4060.63
-4588.92
-4741
-5529.9
-4960.17
-3877.88
-1893.84
-3804.12
13270.2
-21580
-3505.04
-4855.49
-5815.9
-7282.81
-8419.02
-9906.26
-10235.8
-9195.96
-9743.44
-8056.67
-6900.21
-12983.8
-5280.77
-17762.9
13242.3
-201.597
-877.874
-1735.93
-2830.89
-4338.73
-6620.38
-8023.55
-9138.63
-11967.4
-3997.91
1837.8
-3589.55
10726.8
-14185.4
28232.3
-8074.48
-8495.47
-10646.1
-13573.3
-15473.6
-18910.7
-24034.3
-23210.6
-17569
-10068.6
-17044.3
-31267.8
-12379
-63141.1
5060.56
996.508
514.576
100.665
1040.59
749.546
3122.45
5877.29
6215.35
14999.8
21007.6
4138.85
-14177.8
2443.91
-21250.9
23390.2
-9517.54
-11888.4
-16094.8
-19775.1
-22251.6
-26967.4
-31416.9
-43096.7
-58961.8
-68804.4
-78363.8
-47532
-37352.6
-53200
-93040.9
-2065.59
-2923.67
-3765.76
-4865.32
-6243.13
-7933.47
-10113.5
-12780.4
-16302
-20554.1
-27285.3
-31181.1
-55599.2
-44267.7
-140365
-828.126
-1077.02
-1247.87
-1565.76
-1955.81
-2451.48
-3114.27
-3933.87
-5133.33
-6490.56
-9278.73
-11912.9
-16546.9
-26546.1
-17070.4
-558.444
-767.652
-954.462
-1247.7
-1576.62
-2008.13
-2537.79
-3276.7
-4163.72
-5674.42
-7250.47
-11191.3
-13975
-27844.4
-6567.02
-843.979
-1169.49
-1485.56
-1917.25
-2430.69
-3086.27
-3887.54
-4936.29
-6149.33
-7943.32
-9597.13
-12596.9
-13809.8
-17395.4
-16176.7
-976.709
-1336.81
-1670.5
-2105.11
-2613.67
-3234.5
-3978.99
-4888.87
-5909.57
-7354.86
-8146.5
-11147.6
-8647
-21710.5
-17698
-867.573
-1213.22
-1538.81
-1971.18
-2490.84
-3119.64
-3878.8
-4726.5
-5737.61
-6866.37
-7543.58
-10124.5
-7689.47
-25949.7
-17445.7
-1329.49
-1836.85
-2257.68
-2764.24
-3324.07
-3956.69
-4669.85
-5341.3
-6197.33
-6735.63
-6825.56
-7050.35
-2262.6
-11269.4
21354
-881.079
-1289.63
-1625.66
-2094.31
-2641.75
-3289.01
-3981.12
-4586.43
-5431.97
-5237.39
-5095.56
-4029.69
-3155.63
-4525.46
14311.6
-2071.99
-2814.93
-3286.07
-3897.29
-4453.64
-5072.2
-5654.18
-5868.04
-6244.9
-5359.2
-5306.9
-5646.63
-7890.93
-10070.6
-19256.8
-713.436
-1187.77
-1587.23
-2345.01
-3173.01
-4128.72
-4756.2
-4795.91
-5556.18
-4862.69
-3926.25
-2828.67
-6411.03
12524.5
-34070.3
-3797.85
-4882.29
-5432.74
-6649.98
-7664.49
-9015.81
-9823.58
-9221.13
-10662
-8868.29
-6409.16
-12653.6
-4225.44
-15473.1
3209.13
-377.289
-1145.41
-1785.12
-2653.08
-3646.79
-5324.38
-6488.44
-7409.41
-14742.8
-6219.52
1178.8
-3739.73
14012.3
-11197.2
23991.6
-8069.46
-8498.72
-9755.01
-12772.3
-14375.3
-17761
-22078.8
-23983.8
-20667.8
-11351.9
-19465.2
-36204.9
-12645.5
-85623.2
4513.69
684.193
468.011
627.551
2134.98
2111.9
3902.94
8658.33
6094.83
11188.1
22392.1
3288.18
-17387.6
-656.916
-38995
10959.4
-9667.75
-12918.4
-17263.4
-19570.7
-21355.3
-26126.8
-31599.1
-41284.8
-59647.6
-69489.2
-83330.7
-53926.4
-43459.2
-65938.9
-97590.2
-2066.52
-2925.19
-3768.03
-4868.82
-6248.45
-7941.49
-10122.7
-12793.6
-16309.6
-20591
-27293.2
-31166.8
-55649.8
-44956.3
-141192
-829.767
-1079.76
-1252.02
-1571.87
-1964.03
-2462.66
-3126.69
-3953.27
-5142.89
-6522.41
-9298.51
-12028.9
-16278.6
-25890.8
-16297.7
-561.184
-771.575
-959.533
-1254.07
-1584.72
-2017.93
-2549.81
-3290.42
-4177.35
-5692.85
-7276.39
-11253.6
-13968.4
-27970.9
-5446.79
-845.33
-1172.74
-1491.73
-1927.68
-2446.93
-3108.23
-3918.44
-4973.1
-6193.2
-7982.15
-9636.94
-12595.1
-13728
-17773.8
-16607.8
-986.704
-1352.56
-1691.77
-2132.66
-2648.85
-3276.81
-4034.42
-4949.21
-5980.86
-7405.27
-8245.73
-11100.4
-8973.99
-20959.2
-14378.9
-868.654
-1220.03
-1553.58
-1998.33
-2533.86
-3179.9
-3968.4
-4829.17
-5851.87
-6938.41
-7624.83
-9607.97
-7454.68
-15507.8
-13381.1
-1361.32
-1888.44
-2325.18
-2849.7
-3428.27
-4081.92
-4837.19
-5511.25
-6362.34
-6870.62
-6885.3
-7348.76
-3082.76
-10466.3
17401.2
-879.967
-1304.29
-1654.21
-2146.01
-2724.23
-3424.54
-4223.07
-4839.79
-5707.79
-5569.5
-5473.14
-4423.84
-4827.16
-6308.44
3892.92
-2155.78
-2954.38
-3460.77
-4124.13
-4741.55
-5428.44
-6151.49
-6322.97
-6858.2
-6025.31
-5671.57
-6303.49
-9974.5
-13537.8
-36409
-718.896
-1230.15
-1629.68
-2412.49
-3259.2
-4255.24
-5121.17
-5197.13
-6415.69
-5606.12
-4414
-4126.45
-8064.82
6798.7
-55407.6
-3928.18
-5059.58
-5747.65
-7027.76
-7857.64
-8910.51
-9793.94
-9304.13
-11415.7
-9153.1
-5727.99
-11183.7
-3451.94
-12709.1
-1870.76
-251.14
-867.253
-1341.82
-1831.34
-2524.85
-3590.84
-4293.98
-4933.16
-11468.1
-6052.24
455.762
-1761.51
16343.8
-3694.01
21275.2
-8115.71
-8281.32
-9412.77
-12894
-14408.5
-16700.9
-19384.6
-19731.7
-22164.3
-11766.6
-16915.6
-36665
-11232.2
-72274.1
9174.61
1092.15
1118.48
1866.65
4661.14
3534.17
5662.02
12443.1
10390.2
8277.68
21690.4
10411.6
-14346.1
1170.09
-37956.1
7233.1
-9726.34
-12996.4
-17030
-19192.9
-20865.3
-25451.7
-29696.3
-40262.4
-59196.1
-73931.9
-90987.7
-60886.7
-50450.6
-75678.1
-105766
)
;

boundaryField
{
    outletsourceFace
    {
        type            zeroGradient;
    }
    outletdestinationFace
    {
        type            zeroGradient;
    }
    outletFace
    {
        type            zeroGradient;
    }
    outletWall
    {
        type            fixedValue;
        value           uniform 0;
    }
    inletFace
    {
        type            zeroGradient;
    }
    inletWall
    {
        type            fixedValue;
        value           uniform 5;
    }
    inletsourceFace
    {
        type            zeroGradient;
    }
    inletdestinationFace
    {
        type            zeroGradient;
    }
}


// ************************************************************************* //
