/*--------------------------------*- C++ -*----------------------------------*\
| =========                 |                                                 |
| \\      /  F ield         | OpenFOAM: The Open Source CFD Toolbox           |
|  \\    /   O peration     | Version:  4.1                                   |
|   \\  /    A nd           | Web:      www.OpenFOAM.org                      |
|    \\/     M anipulation  |                                                 |
\*---------------------------------------------------------------------------*/
FoamFile
{
    version     2.0;
    format      ascii;
    class       volScalarField;
    location    "1";
    object      p;
}
// * * * * * * * * * * * * * * * * * * * * * * * * * * * * * * * * * * * * * //

dimensions      [0 2 -2 0 0 0 0];

internalField   nonuniform List<scalar> 
6750
(
-176.606
-36.8552
-58.9315
-70.7188
-70.5079
-76.3776
-79.0312
-81.5643
-84.0775
-87.0715
-86.6122
-91.5022
-87.9962
-51.7682
-243.695
-174.562
-35.8184
-59.3496
-70.4174
-70.7858
-77.037
-79.7661
-82.2948
-84.664
-87.5142
-86.852
-91.0825
-88.2381
-51.0926
-240.607
-173.896
-35.8912
-59.5813
-70.2693
-70.5152
-76.7727
-79.7095
-82.3281
-84.581
-87.1997
-86.5582
-90.8493
-88.2997
-51.3539
-239.447
-172.425
-35.3695
-59.9134
-70.409
-70.6901
-77.0044
-80.01
-82.5919
-84.7797
-87.3602
-86.6729
-90.879
-88.4731
-51.0714
-237.183
-171.426
-35.5373
-60.3608
-70.5944
-70.7437
-76.9899
-80.0639
-82.6268
-84.779
-87.3141
-86.6646
-90.9555
-88.7606
-51.4604
-235.558
-170.211
-35.5902
-60.6382
-70.7393
-70.8629
-77.0724
-80.1797
-82.7074
-84.8386
-87.3655
-86.7374
-91.0233
-88.9307
-51.7126
-233.709
-168.889
-36.144
-61.0563
-70.9168
-70.949
-77.0941
-80.2122
-82.7181
-84.8409
-87.3703
-86.7814
-91.1204
-89.264
-52.3807
-231.951
-168.006
-36.4234
-61.21
-70.9452
-70.9804
-77.1166
-80.2361
-82.7307
-84.8509
-87.3847
-86.8031
-91.1243
-89.3858
-52.6899
-230.911
-168.886
-36.1438
-61.0558
-70.9162
-70.9483
-77.0932
-80.2113
-82.7172
-84.84
-87.3694
-86.7803
-91.1195
-89.263
-52.3807
-231.947
-170.207
-35.5894
-60.6371
-70.738
-70.8614
-77.0708
-80.1779
-82.7055
-84.8368
-87.3636
-86.7354
-91.0213
-88.9286
-51.7118
-233.702
-171.422
-35.5359
-60.3592
-70.5925
-70.7416
-76.9875
-80.0613
-82.6241
-84.7763
-87.3113
-86.6617
-90.9526
-88.7575
-51.4587
-235.55
-172.42
-35.3675
-59.9114
-70.4065
-70.6875
-77.0013
-80.0067
-82.5884
-84.7761
-87.3565
-86.6691
-90.8752
-88.4692
-51.0688
-237.174
-173.89
-35.8886
-59.5789
-70.2663
-70.5121
-76.7691
-79.7056
-82.3239
-84.5767
-87.1953
-86.5537
-90.8446
-88.2951
-51.3505
-239.437
-174.556
-35.8154
-59.3469
-70.4141
-70.7822
-77.0329
-79.7617
-82.2902
-84.6591
-87.5092
-86.847
-91.0773
-88.2331
-51.0886
-240.596
-176.599
-36.8516
-58.9283
-70.7151
-70.5041
-76.3732
-79.0264
-81.5592
-84.0723
-87.0661
-86.6068
-91.4966
-87.9909
-51.7636
-243.684
-239.816
-52.5585
-51.5035
-78.4988
-74.5567
-77.5871
-77.4073
-77.9192
-81.9234
-87.3305
-88.7772
-99.8144
-78.8866
-64.0274
-358.753
-238.46
-50.3895
-51.5392
-76.8668
-73.8075
-78.4528
-79.8471
-81.0631
-84.4625
-88.2007
-88.0157
-97.6379
-78.8836
-61.7244
-356.027
-238.43
-50.3832
-51.9882
-76.516
-73.0532
-77.4679
-79.3894
-81.2659
-83.9897
-86.9686
-86.8606
-97.0637
-79.2132
-62.0512
-355.407
-237.56
-49.1182
-52.0102
-76.169
-72.9407
-77.6334
-79.9562
-81.8606
-84.2646
-86.9238
-86.6591
-96.6375
-79.1953
-60.9899
-353.338
-237.25
-49.1794
-52.6193
-76.2956
-72.9326
-77.4366
-80.0704
-82.0708
-84.2779
-86.5795
-86.5275
-96.6662
-79.7267
-61.5223
-352.044
-236.625
-48.9593
-52.6809
-76.1691
-72.9484
-77.488
-80.2907
-82.2699
-84.3506
-86.5244
-86.5264
-96.5356
-79.7413
-61.724
-350.259
-235.728
-49.7232
-53.1715
-76.363
-73.0651
-77.4736
-80.362
-82.3385
-84.3544
-86.4445
-86.599
-96.6937
-80.2045
-62.9096
-348.317
-234.934
-50.1022
-53.2567
-76.2967
-73.0516
-77.4853
-80.4148
-82.3791
-84.3723
-86.4404
-86.6001
-96.6362
-80.2733
-63.4484
-346.999
-235.724
-49.7232
-53.1708
-76.362
-73.0641
-77.4723
-80.3607
-82.3373
-84.3531
-86.4432
-86.5979
-96.6921
-80.203
-62.9102
-348.309
-236.619
-48.9586
-52.6795
-76.1671
-72.9464
-77.4856
-80.2882
-82.2674
-84.3481
-86.5218
-86.5239
-96.5325
-79.7385
-61.7235
-350.246
-237.242
-49.1777
-52.6172
-76.2928
-72.9297
-77.4332
-80.0668
-82.0672
-84.2742
-86.5756
-86.5237
-96.6616
-79.7225
-61.5203
-352.029
-237.551
-49.1155
-52.0074
-76.1654
-72.937
-77.6291
-79.9517
-81.856
-84.2599
-86.9187
-86.6541
-96.6316
-79.19
-60.9863
-353.321
-238.42
-50.3796
-51.9848
-76.5116
-73.0488
-77.4629
-79.3842
-81.2604
-83.984
-86.9625
-86.8545
-97.0567
-79.2068
-62.0461
-355.389
-238.45
-50.3854
-51.5354
-76.8619
-73.8026
-78.4472
-79.8412
-81.0569
-84.4561
-88.1941
-88.0088
-97.6301
-78.8765
-61.7181
-356.008
-239.805
-52.5535
-51.499
-78.4934
-74.5512
-77.5811
-77.4007
-77.9122
-81.9161
-87.3231
-88.7696
-99.8059
-78.8788
-64.0201
-358.733
-256.905
-65.0927
-52.1308
-87.822
-81.0163
-82.5945
-81.1576
-80.8399
-85.9785
-93.6598
-96.6087
-113.866
-81.975
-73.6485
-416.174
-255.802
-62.7686
-51.7867
-85.8683
-79.6665
-83.4409
-84.295
-85.2491
-89.5263
-94.6211
-95.0828
-111.126
-81.7123
-71.0102
-413.727
-255.855
-62.6798
-52.1557
-85.6542
-79.1557
-82.4024
-83.6242
-85.1725
-88.4454
-92.9327
-93.9682
-110.72
-82.0117
-71.3775
-413.312
-255.165
-61.2459
-51.8239
-84.9822
-78.8073
-82.5484
-84.4581
-85.95
-88.8593
-92.851
-93.5117
-109.942
-81.6373
-70.1079
-411.436
-255.039
-61.194
-52.2888
-85.0795
-78.8423
-82.3209
-84.5691
-86.1266
-88.7799
-92.2857
-93.344
-109.964
-82.0683
-70.6982
-410.403
-254.645
-60.7983
-52.0712
-84.7563
-78.7328
-82.3268
-84.8734
-86.3526
-88.8628
-92.1524
-93.1994
-109.637
-81.773
-70.8141
-408.864
-254.02
-61.4309
-52.4194
-84.9309
-78.861
-82.2949
-84.9639
-86.4077
-88.8375
-91.9874
-93.2532
-109.799
-82.1213
-72.0068
-407.253
-253.391
-61.744
-52.3926
-84.7881
-78.7902
-82.2794
-85.0362
-86.4555
-88.858
-91.9548
-93.1937
-109.656
-82.0599
-72.5097
-406.129
-254.013
-61.4317
-52.4183
-84.9294
-78.8596
-82.2928
-84.9617
-86.4057
-88.8355
-91.9853
-93.2511
-109.796
-82.1189
-72.0082
-407.239
-254.635
-60.7982
-52.0691
-84.7532
-78.7298
-82.3229
-84.8693
-86.3486
-88.8587
-92.1481
-93.1951
-109.632
-81.7682
-70.814
-408.844
-255.027
-61.1926
-52.2857
-85.0751
-78.8379
-82.3154
-84.5633
-86.1208
-88.774
-92.2793
-93.3376
-109.956
-82.0613
-70.6957
-410.378
-255.151
-61.2431
-51.8197
-84.9765
-78.8015
-82.5415
-84.4507
-85.9426
-88.8516
-92.8427
-93.5032
-109.932
-81.6284
-70.1029
-411.409
-255.84
-62.6757
-52.1507
-85.6474
-79.1486
-82.3944
-83.6156
-85.1637
-88.4363
-92.9229
-93.958
-110.708
-82.0011
-71.3701
-413.283
-255.786
-62.7636
-51.7811
-85.8609
-79.6587
-83.432
-84.2855
-85.239
-89.5159
-94.61
-95.0714
-111.113
-81.7005
-71.0009
-413.696
-256.889
-65.0867
-52.1244
-87.8137
-81.0077
-82.5848
-81.147
-80.8286
-85.9667
-93.6476
-96.5959
-113.852
-81.9621
-73.6376
-416.142
-286.332
-79.6652
-57.2949
-97.4831
-88.9832
-90.9228
-90.1348
-90.1888
-96.0789
-105.258
-108.851
-131.362
-96.9128
-89.1391
-496.964
-284.959
-77.0847
-56.764
-95.3653
-87.5048
-91.546
-92.889
-94.3544
-99.4335
-106.174
-107.134
-128.441
-96.5156
-86.1199
-493.771
-284.911
-76.9451
-57.1335
-95.1852
-87.2234
-90.7494
-92.2857
-94.1553
-98.2612
-104.617
-106.323
-128.163
-96.8031
-86.5915
-493.071
-284.103
-75.3806
-56.6917
-94.3662
-86.7458
-90.8199
-93.1702
-95.0663
-98.8616
-104.573
-105.727
-127.265
-96.2958
-85.2544
-490.592
-283.929
-75.267
-57.1536
-94.4708
-86.848
-90.6501
-93.2273
-95.1602
-98.6998
-104.024
-105.616
-127.358
-96.7089
-85.9947
-489.125
-283.478
-74.7987
-56.8884
-94.0808
-86.6783
-90.5979
-93.5293
-95.4037
-98.8213
-103.878
-105.392
-126.998
-96.3198
-86.2012
-487.06
-282.766
-75.4041
-57.2546
-94.2778
-86.838
-90.5763
-93.6015
-95.432
-98.7767
-103.714
-105.461
-127.22
-96.6705
-87.5383
-484.953
-282.061
-75.7042
-57.2226
-94.1196
-86.7451
-90.5351
-93.6666
-95.4833
-98.804
-103.669
-105.37
-127.062
-96.5754
-88.0839
-483.555
-282.755
-75.4058
-57.253
-94.2754
-86.8356
-90.573
-93.5979
-95.4286
-98.7731
-103.71
-105.458
-127.215
-96.6664
-87.5405
-484.931
-283.463
-74.7992
-56.8851
-94.076
-86.6734
-90.5917
-93.5224
-95.397
-98.8142
-103.87
-105.385
-126.989
-96.3116
-86.2011
-487.026
-283.911
-75.2656
-57.1488
-94.4639
-86.8408
-90.6411
-93.2176
-95.1504
-98.6895
-104.013
-105.605
-127.345
-96.6971
-85.9908
-489.085
-284.083
-75.3772
-56.6854
-94.3574
-86.7365
-90.8086
-93.1579
-95.0537
-98.8483
-104.558
-105.713
-127.249
-96.2807
-85.2465
-490.547
-284.889
-76.9399
-57.1259
-95.1747
-87.2122
-90.7363
-92.2713
-94.1402
-98.2453
-104.6
-106.305
-128.144
-96.7852
-86.5798
-493.023
-284.936
-77.0782
-56.7557
-95.3537
-87.4923
-91.5315
-92.8732
-94.3374
-99.4157
-106.154
-107.114
-128.419
-96.4958
-86.1052
-493.721
-286.309
-79.6571
-57.2854
-97.4704
-88.9695
-90.9071
-90.1172
-90.1698
-96.0588
-105.237
-108.829
-131.338
-96.8912
-89.1218
-496.912
-317.185
-89.928
-62.2022
-107.654
-98.1849
-101.71
-102.681
-104.41
-111.047
-121.431
-124.828
-152.209
-115.861
-98.4048
-602.663
-315.543
-87.1687
-61.5443
-105.31
-96.6836
-102.155
-104.988
-108.029
-114.01
-122.41
-123.174
-148.961
-115.395
-95.029
-598.577
-315.388
-86.988
-61.909
-105.125
-96.5348
-101.59
-104.546
-107.835
-112.985
-121.13
-122.573
-148.739
-115.655
-95.6815
-597.549
-314.505
-85.3018
-61.38
-104.177
-95.9819
-101.585
-105.364
-108.787
-113.688
-121.16
-121.921
-147.754
-115.047
-94.3362
-594.326
-314.333
-85.1405
-61.8456
-104.278
-96.1287
-101.472
-105.39
-108.809
-113.488
-120.726
-121.872
-147.912
-115.451
-95.3433
-592.327
-313.883
-84.61
-61.5341
-103.824
-95.9181
-101.367
-105.65
-109.057
-113.64
-120.595
-121.612
-147.543
-114.981
-95.7454
-589.622
-313.185
-85.2151
-61.9188
-104.032
-96.1003
-101.358
-105.7
-109.057
-113.585
-120.475
-121.706
-147.822
-115.348
-97.3569
-586.981
-312.474
-85.5151
-61.8793
-103.857
-95.9936
-101.295
-105.747
-109.107
-113.616
-120.428
-121.601
-147.659
-115.228
-98.0034
-585.303
-313.169
-85.2183
-61.9165
-104.029
-96.0965
-101.353
-105.694
-109.051
-113.579
-120.468
-121.7
-147.814
-115.341
-97.3606
-586.943
-313.86
-84.6117
-61.5292
-103.817
-95.9104
-101.357
-105.639
-109.045
-113.628
-120.582
-121.599
-147.529
-114.967
-95.7455
-589.567
-314.306
-85.1394
-61.8384
-104.268
-96.1174
-101.458
-105.374
-108.793
-113.471
-120.707
-121.853
-147.891
-115.431
-95.3373
-592.26
-314.475
-85.2977
-61.3707
-104.164
-95.9673
-101.567
-105.344
-108.765
-113.665
-121.136
-121.896
-147.727
-115.022
-94.3237
-594.252
-315.356
-86.9812
-61.8978
-105.109
-96.5172
-101.569
-104.523
-107.81
-112.958
-121.101
-122.543
-148.706
-115.625
-95.6628
-597.469
-315.51
-87.1599
-61.5319
-105.292
-96.6641
-102.132
-104.962
-108
-113.98
-122.378
-123.141
-148.924
-115.362
-95.0055
-598.494
-317.151
-89.9171
-62.1882
-107.635
-98.1634
-101.684
-102.653
-104.379
-111.013
-121.396
-124.792
-152.169
-115.825
-98.377
-602.578
-351.515
-101.381
-69.2504
-120.511
-110.21
-115.859
-118.869
-122.97
-130.701
-143.285
-146.629
-179.724
-143.29
-106.759
-740.558
-349.687
-98.3757
-68.444
-117.892
-108.654
-116.142
-120.834
-126.171
-133.404
-144.332
-144.969
-175.927
-142.67
-102.931
-735.304
-349.458
-98.1395
-68.7934
-117.694
-108.584
-115.744
-120.547
-126.029
-132.549
-143.241
-144.445
-175.708
-142.822
-103.783
-733.822
-348.501
-96.2986
-68.1623
-116.607
-107.949
-115.656
-121.262
-126.961
-133.285
-143.315
-143.712
-174.57
-142.024
-102.395
-729.62
-348.328
-96.0683
-68.619
-116.695
-108.112
-115.573
-121.282
-126.948
-133.084
-142.965
-143.673
-174.756
-142.339
-103.703
-726.906
-347.877
-95.44
-68.2433
-116.167
-107.849
-115.416
-121.49
-127.185
-133.245
-142.837
-143.359
-174.346
-141.703
-104.311
-723.366
-347.197
-96.016
-68.6331
-116.376
-108.035
-115.408
-121.524
-127.167
-133.189
-142.748
-143.452
-174.655
-142.03
-106.233
-720.04
-346.482
-96.2977
-68.574
-116.178
-107.91
-115.325
-121.551
-127.211
-133.218
-142.695
-143.328
-174.475
-141.853
-106.988
-718.013
-347.172
-96.0215
-68.6295
-116.371
-108.029
-115.4
-121.515
-127.158
-133.179
-142.738
-143.442
-174.643
-142.018
-106.239
-719.978
-347.842
-95.4433
-68.2359
-116.156
-107.837
-115.401
-121.472
-127.166
-133.225
-142.816
-143.337
-174.322
-141.679
-104.312
-723.275
-348.287
-96.0675
-68.6082
-116.678
-108.094
-115.551
-121.257
-126.921
-133.055
-142.933
-143.641
-174.72
-142.304
-103.693
-726.795
-348.456
-96.2934
-68.1482
-116.586
-107.926
-115.628
-121.23
-126.927
-133.247
-143.274
-143.671
-174.524
-141.981
-102.375
-729.497
-349.411
-98.1304
-68.7766
-117.669
-108.557
-115.71
-120.509
-125.988
-132.504
-143.193
-144.396
-175.653
-142.772
-103.753
-733.689
-349.638
-98.3636
-68.4254
-117.865
-108.623
-116.106
-120.793
-126.125
-133.355
-144.279
-144.914
-175.867
-142.614
-102.894
-735.166
-351.465
-101.366
-69.2296
-120.481
-110.177
-115.819
-118.823
-122.919
-130.646
-143.227
-146.569
-179.659
-143.229
-106.714
-740.416
-388.355
-112.797
-77.1415
-135.56
-125.091
-133.694
-139.178
-146.337
-155.739
-172.125
-175.889
-215.2
-181.603
-113.174
-921.235
-386.415
-109.55
-76.226
-132.702
-123.492
-133.835
-140.856
-149.199
-158.225
-173.197
-174.154
-210.738
-180.84
-108.938
-914.271
-386.167
-109.268
-76.5682
-132.503
-123.49
-133.561
-140.694
-149.106
-157.497
-172.16
-173.614
-210.503
-180.819
-110.116
-912.09
-385.187
-107.293
-75.8477
-131.286
-122.774
-133.389
-141.298
-149.989
-158.209
-172.203
-172.744
-209.159
-179.766
-108.778
-906.485
-385.056
-107.018
-76.303
-131.367
-122.946
-133.323
-141.319
-149.964
-157.996
-171.866
-172.665
-209.355
-179.927
-110.543
-902.723
-384.636
-106.312
-75.868
-130.77
-122.628
-133.114
-141.473
-150.18
-158.138
-171.708
-172.265
-208.89
-179.067
-111.496
-897.998
-383.999
-106.879
-76.2683
-130.984
-122.812
-133.101
-141.498
-150.154
-158.074
-171.622
-172.332
-209.226
-179.324
-113.878
-893.685
-383.287
-107.149
-76.1893
-130.76
-122.666
-132.999
-141.506
-150.186
-158.094
-171.556
-172.183
-209.027
-179.076
-114.808
-891.153
-383.96
-106.888
-76.2629
-130.975
-122.803
-133.089
-141.484
-150.138
-158.058
-171.604
-172.315
-209.206
-179.302
-113.888
-893.581
-384.585
-106.318
-75.8568
-130.753
-122.609
-133.09
-141.446
-150.148
-158.106
-171.672
-172.229
-208.85
-179.026
-111.497
-897.845
-384.997
-107.018
-76.2866
-131.342
-122.918
-133.288
-141.28
-149.919
-157.948
-171.814
-172.611
-209.296
-179.868
-110.528
-902.537
-385.122
-107.287
-75.8266
-131.254
-122.739
-133.344
-141.247
-149.932
-158.148
-172.136
-172.675
-209.083
-179.692
-108.746
-906.277
-386.098
-109.256
-76.543
-132.465
-123.447
-133.508
-140.634
-149.038
-157.424
-172.081
-173.532
-210.413
-180.732
-110.068
-911.867
-386.344
-109.533
-76.1981
-132.661
-123.444
-133.777
-140.79
-149.124
-158.144
-173.109
-174.062
-210.638
-180.744
-108.877
-914.039
-388.283
-112.776
-77.1107
-135.514
-125.039
-133.631
-139.105
-146.254
-155.649
-172.028
-175.789
-215.091
-181.5
-113.101
-920.997
-428.496
-125.61
-87.0287
-153.315
-143.094
-155.487
-164.108
-175.361
-187.304
-209.341
-214.617
-260.109
-235.56
-116.15
-1159.97
-426.486
-122.101
-86.0393
-150.284
-141.487
-155.495
-165.504
-177.845
-189.488
-210.381
-212.753
-254.839
-234.624
-111.573
-1150.33
-426.252
-121.756
-86.3685
-150.099
-141.553
-155.318
-165.434
-177.773
-188.837
-209.331
-212.127
-254.566
-234.292
-113.239
-1146.99
-425.287
-119.631
-85.5536
-148.772
-140.767
-155.062
-165.912
-178.55
-189.432
-209.279
-211.046
-252.944
-232.846
-112.077
-1139.23
-425.232
-119.304
-85.9948
-148.853
-140.947
-155.003
-165.929
-178.501
-189.164
-208.894
-210.865
-253.122
-232.706
-114.507
-1133.82
-424.867
-118.517
-85.4863
-148.192
-140.575
-154.743
-166.026
-178.672
-189.242
-208.669
-210.332
-252.58
-231.502
-116
-1127.29
-424.281
-119.079
-85.8858
-148.41
-140.757
-154.725
-166.041
-178.631
-189.146
-208.557
-210.341
-252.934
-231.621
-119.061
-1121.44
-423.57
-119.34
-85.7794
-148.16
-140.589
-154.604
-166.029
-178.647
-189.147
-208.47
-210.155
-252.715
-231.28
-120.266
-1118.12
-424.224
-119.093
-85.8777
-148.396
-140.742
-154.706
-166.018
-178.605
-189.121
-208.527
-210.311
-252.901
-231.584
-119.078
-1121.27
-424.792
-118.527
-85.4693
-148.165
-140.546
-154.706
-165.982
-178.622
-189.19
-208.611
-210.272
-252.515
-231.431
-116.001
-1127.03
-425.145
-119.304
-85.9699
-148.814
-140.903
-154.949
-165.866
-178.428
-189.088
-208.808
-210.777
-253.025
-232.604
-114.483
-1133.51
-425.192
-119.622
-85.5217
-148.723
-140.711
-154.992
-165.831
-178.458
-189.333
-209.169
-210.931
-252.82
-232.718
-112.026
-1138.88
-426.153
-121.738
-86.3305
-150.04
-141.486
-155.235
-165.338
-177.664
-188.718
-209.2
-211.99
-254.418
-234.143
-113.161
-1146.61
-426.384
-122.076
-85.9972
-150.22
-141.412
-155.404
-165.398
-177.724
-189.355
-210.235
-212.601
-254.674
-234.461
-111.474
-1149.94
-428.392
-125.579
-86.9825
-153.246
-143.013
-155.388
-163.991
-175.228
-187.157
-209.18
-214.45
-259.928
-235.383
-116.031
-1159.57
-468.913
-136.699
-97.4333
-173.181
-164.198
-181.486
-194.176
-210.997
-226.741
-256.618
-265.783
-316.148
-312.559
-110.64
-1475.26
-466.967
-132.969
-96.4047
-170.059
-162.639
-181.373
-195.273
-212.984
-228.462
-257.51
-263.659
-309.798
-311.369
-105.894
-1461.21
-466.808
-132.6
-96.7022
-169.903
-162.784
-181.278
-195.268
-212.905
-227.846
-256.405
-262.861
-309.455
-310.463
-108.324
-1455.84
-465.849
-130.389
-95.7873
-168.494
-161.949
-180.94
-195.606
-213.51
-228.242
-256.217
-261.473
-307.435
-308.344
-107.58
-1444.63
-465.904
-130.067
-96.1948
-168.579
-162.143
-180.887
-195.613
-213.413
-227.894
-255.756
-261.117
-307.556
-307.629
-111.017
-1436.53
-465.633
-129.261
-95.595
-167.859
-161.723
-180.578
-195.646
-213.507
-227.874
-255.445
-260.383
-306.902
-305.855
-113.38
-1427.15
-465.113
-129.877
-95.98
-168.08
-161.903
-180.553
-195.646
-213.438
-227.732
-255.288
-260.293
-307.262
-305.708
-117.471
-1418.85
-464.397
-130.159
-95.8406
-167.802
-161.711
-180.411
-195.612
-213.431
-227.706
-255.173
-260.054
-307.022
-305.234
-119.119
-1414.26
-465.029
-129.899
-95.9678
-168.06
-161.88
-180.524
-195.611
-213.399
-227.691
-255.239
-260.243
-307.209
-305.642
-117.5
-1418.56
-465.525
-129.277
-95.5691
-167.818
-161.677
-180.519
-195.577
-213.43
-227.791
-255.347
-260.282
-306.794
-305.73
-113.385
-1426.71
-465.78
-130.069
-96.1571
-168.52
-162.075
-180.801
-195.512
-213.298
-227.77
-255.615
-260.968
-307.397
-307.452
-110.98
-1436
-465.716
-130.376
-95.7392
-168.419
-161.862
-180.829
-195.477
-213.362
-228.081
-256.035
-261.282
-307.23
-308.124
-107.498
-1444.04
-466.672
-132.574
-96.6449
-169.813
-162.679
-181.147
-195.115
-212.73
-227.653
-256.189
-262.633
-309.209
-310.207
-108.199
-1455.2
-466.828
-132.933
-96.3413
-169.961
-162.523
-181.228
-195.104
-212.789
-228.246
-257.27
-263.406
-309.524
-311.088
-105.734
-1460.55
-468.768
-136.654
-97.3641
-173.075
-164.071
-181.329
-193.991
-210.783
-226.502
-256.355
-265.504
-315.848
-312.257
-110.448
-1474.57
-513.907
-151.53
-110.968
-195.219
-187.777
-210.809
-228.784
-253.233
-274.94
-315.392
-333.69
-384.659
-423.593
-92.7686
-1899.39
-512.093
-147.439
-109.958
-192.092
-186.26
-210.516
-229.514
-254.565
-276.007
-315.8
-330.936
-376.845
-421.854
-88.0402
-1877.35
-511.977
-147.035
-110.247
-192.008
-186.5
-210.484
-229.537
-254.45
-275.358
-314.526
-329.779
-376.362
-419.886
-91.63
-1868.19
-510.989
-144.696
-109.237
-190.58
-185.641
-210.055
-229.71
-254.804
-275.43
-314.076
-327.908
-373.734
-416.54
-91.617
-1851.09
-511.172
-144.411
-109.622
-190.719
-185.879
-210.019
-229.699
-254.627
-274.961
-313.471
-327.259
-373.736
-414.742
-96.5576
-1838.41
-511.001
-143.64
-108.926
-189.984
-185.435
-209.669
-229.659
-254.617
-274.801
-313.02
-326.229
-372.916
-411.996
-100.28
-1824.31
-510.478
-144.427
-109.302
-190.239
-185.632
-209.648
-229.643
-254.51
-274.592
-312.792
-325.981
-373.272
-411.365
-105.937
-1811.95
-509.683
-144.796
-109.131
-189.943
-185.421
-209.484
-229.582
-254.472
-274.526
-312.635
-325.665
-373.011
-410.698
-108.286
-1805.26
-510.357
-144.459
-109.283
-190.207
-185.597
-209.602
-229.588
-254.448
-274.523
-312.711
-325.896
-373.186
-411.248
-105.986
-1811.45
-510.846
-143.662
-108.887
-189.921
-185.364
-209.577
-229.551
-254.493
-274.662
-312.861
-326.06
-372.741
-411.776
-100.29
-1823.57
-510.994
-144.412
-109.565
-190.628
-185.773
-209.884
-229.54
-254.445
-274.759
-313.238
-327.01
-373.475
-414.431
-96.5015
-1837.49
-510.799
-144.676
-109.164
-190.464
-185.505
-209.884
-229.508
-254.569
-275.171
-313.779
-327.589
-373.397
-416.155
-91.4883
-1850.07
-511.784
-146.995
-110.16
-191.871
-186.337
-210.28
-229.296
-254.169
-275.045
-314.173
-329.398
-375.957
-419.44
-91.4301
-1867.1
-511.897
-147.383
-109.861
-191.942
-186.08
-210.29
-229.247
-254.254
-275.658
-315.408
-330.513
-376.392
-421.368
-87.7839
-1876.21
-513.704
-151.462
-110.863
-195.057
-187.58
-210.563
-228.492
-252.891
-274.553
-314.961
-333.224
-384.162
-423.07
-92.4588
-1898.22
-549.228
-160.135
-125.718
-220.244
-216.032
-245.709
-270.028
-304.192
-334.973
-389.11
-427.623
-467.992
-597.512
-49.6861
-2462.87
-547.914
-155.943
-124.948
-217.49
-214.844
-245.42
-270.462
-304.756
-335.075
-388.316
-423.894
-457.831
-594.603
-45.2417
-2426.05
-548.095
-155.626
-125.066
-217.49
-215.188
-245.448
-270.476
-304.553
-334.301
-386.718
-422.115
-457.157
-590.496
-50.7646
-2409.83
-547.368
-153.404
-123.926
-216.169
-214.404
-245.005
-270.518
-304.587
-333.905
-385.736
-419.309
-453.62
-584.688
-52.1447
-2382.47
-547.875
-153.377
-124.151
-216.358
-214.68
-244.983
-270.469
-304.303
-333.25
-384.859
-418.061
-453.481
-580.73
-59.4817
-2362
-547.914
-152.86
-123.261
-215.626
-214.229
-244.609
-270.36
-304.166
-332.871
-384.164
-416.427
-452.431
-576.117
-65.3666
-2340.21
-547.423
-154.019
-123.556
-215.907
-214.433
-244.587
-270.321
-304.006
-332.554
-383.816
-415.86
-452.794
-574.513
-73.3924
-2321.23
-546.532
-154.58
-123.333
-215.592
-214.199
-244.398
-270.229
-303.925
-332.424
-383.593
-415.389
-452.511
-573.499
-76.8229
-2311.1
-547.254
-154.066
-123.527
-215.857
-214.376
-244.513
-270.235
-303.904
-332.44
-383.683
-415.714
-452.658
-574.3
-73.4754
-2320.38
-547.7
-152.891
-123.201
-215.529
-214.115
-244.464
-270.189
-303.965
-332.644
-383.903
-416.138
-452.15
-575.719
-65.3888
-2338.94
-547.629
-153.378
-124.063
-216.218
-214.514
-244.771
-270.219
-304.01
-332.918
-384.477
-417.64
-453.059
-580.172
-59.3998
-2360.44
-547.104
-153.375
-123.815
-215.992
-214.19
-244.735
-270.197
-304.212
-333.48
-385.247
-418.77
-453.069
-584.001
-51.9474
-2380.72
-547.825
-155.568
-124.934
-217.28
-214.933
-245.128
-270.096
-304.107
-333.795
-386.137
-421.474
-456.493
-589.706
-50.4533
-2407.95
-547.638
-155.863
-124.803
-217.259
-214.562
-245.066
-270.04
-304.258
-334.51
-387.671
-423.183
-457.087
-593.747
-44.8402
-2424.09
-548.943
-160.038
-125.562
-219.997
-215.726
-245.325
-269.568
-303.648
-334.349
-388.4
-426.842
-467.172
-596.597
-49.198
-2460.88
-591.909
-179.025
-142.619
-242.956
-241.5
-278.159
-311.451
-359.103
-404.707
-475.612
-552.498
-565.084
-854.447
36.1352
-3242.02
-591.521
-173.959
-142.337
-240.703
-240.452
-277.588
-311.38
-358.656
-403.428
-472.729
-547.32
-551.252
-850.987
38.0538
-3167.62
-592.778
-173.8
-142.487
-240.958
-241.021
-277.669
-311.276
-358.237
-402.438
-470.734
-544.679
-550.495
-842.872
29.6392
-3137.02
-592.665
-171.572
-141.34
-239.976
-240.465
-277.279
-311.19
-357.915
-401.46
-468.964
-540.528
-545.795
-832.316
26.047
-3090.35
-593.579
-172.092
-141.596
-240.467
-240.987
-277.379
-311.121
-357.515
-400.576
-467.761
-538.447
-545.632
-824.175
15.1877
-3057.01
-593.789
-172.065
-140.592
-239.943
-240.7
-277.093
-310.989
-357.253
-399.935
-466.754
-535.954
-544.358
-816.144
6.18004
-3022.93
-593.104
-174.09
-140.922
-240.405
-241.038
-277.15
-310.957
-357.045
-399.493
-466.269
-534.941
-544.803
-812.891
-5.22614
-2993.37
-591.866
-175.112
-140.694
-240.129
-240.822
-276.961
-310.839
-356.915
-399.284
-465.96
-534.248
-544.505
-811.386
-10.221
-2977.56
-592.869
-174.154
-140.878
-240.33
-240.949
-277.034
-310.821
-356.883
-399.308
-466.056
-534.692
-544.59
-812.513
-5.35564
-2991.9
-593.494
-172.103
-140.5
-239.796
-240.522
-276.864
-310.721
-356.933
-399.568
-466.331
-535.465
-543.911
-815.438
6.13674
-3020.72
-593.239
-172.084
-141.462
-240.254
-240.727
-277.047
-310.728
-357.048
-400.038
-467.141
-537.734
-544.954
-823.186
15.2949
-3054.26
-592.297
-171.52
-141.17
-239.705
-240.133
-276.857
-310.688
-357.318
-400.772
-468.169
-539.62
-544.905
-831.102
26.3259
-3087.24
-592.391
-173.708
-142.286
-240.638
-240.626
-277.169
-310.679
-357.529
-401.62
-469.786
-543.601
-549.412
-841.479
30.0923
-3133.69
-591.123
-173.838
-142.116
-240.351
-240.016
-277.038
-310.718
-357.867
-402.517
-471.675
-546.126
-550.034
-849.481
38.6433
-3164.18
-591.505
-178.878
-142.38
-242.578
-241.029
-277.564
-310.732
-358.242
-403.707
-474.451
-551.185
-563.731
-852.837
36.8675
-3238.53
-610.003
-189.532
-167.6
-273.812
-278.276
-321.397
-363.571
-426.288
-492.533
-579.88
-740.044
-662.526
-1317.94
165.431
-4289.15
-609.611
-185.366
-169.071
-273.447
-278.6
-321.62
-363.75
-425.032
-489.704
-574.098
-734.311
-643.425
-1311.43
181.909
-4154.08
-610.854
-185.675
-168.395
-273.722
-279.016
-321.334
-363.223
-424.195
-488.448
-571.774
-730.644
-642.728
-1294.61
165.424
-4097.55
-610.679
-184.092
-167.19
-273.419
-278.95
-321.311
-363.311
-423.655
-486.791
-568.923
-724.57
-636.183
-1274.24
157.464
-4017.81
-611.632
-185.2
-166.828
-273.933
-279.388
-321.256
-363.024
-423.006
-485.591
-567.382
-721.247
-636.415
-1258.32
139.491
-3963.54
-611.853
-185.629
-165.373
-273.559
-279.191
-321.076
-362.938
-422.654
-484.638
-566.008
-717.323
-635.026
-1244.03
125.47
-3910.02
-611.116
-188.266
-165.398
-274.025
-279.473
-321.069
-362.814
-422.334
-484.01
-565.384
-715.583
-635.9
-1237.9
109.668
-3863.96
-609.733
-189.621
-165.057
-273.747
-279.239
-320.874
-362.68
-422.156
-483.692
-564.961
-714.492
-635.668
-1235.46
102.994
-3839.13
-610.821
-188.349
-165.33
-273.909
-279.322
-320.88
-362.597
-422.074
-483.704
-565.037
-715.139
-635.583
-1237.17
109.477
-3861.54
-611.481
-185.671
-165.231
-273.333
-278.901
-320.71
-362.51
-422.141
-484.033
-565.317
-716.465
-634.337
-1242.68
125.44
-3906.28
-611.202
-185.177
-166.624
-273.606
-278.975
-320.731
-362.403
-422.258
-484.709
-566.369
-720.009
-635.352
-1256.44
139.692
-3958.84
-610.212
-184.006
-166.931
-273.004
-278.431
-320.649
-362.518
-422.699
-485.664
-567.623
-723.008
-634.772
-1271.94
157.918
-4012.47
-610.36
-185.532
-168.091
-273.233
-278.405
-320.557
-362.284
-423.061
-487.112
-570.226
-728.803
-640.997
-1292
166.139
-4091.83
-609.101
-185.181
-168.736
-272.91
-277.929
-320.768
-362.715
-423.777
-488.223
-572.377
-732.283
-641.463
-1308.64
182.803
-4148.19
-609.484
-189.313
-167.242
-273.241
-277.557
-320.478
-362.444
-424.924
-490.921
-577.995
-737.83
-660.326
-1314.98
166.536
-4283.2
-662.078
-219.558
-190.492
-293.303
-295.635
-342.731
-400.394
-484.652
-580.382
-692.752
-954.133
-810.774
-2036.28
460.216
-5813.7
-659.034
-216.211
-194.739
-296.234
-297.839
-343.966
-401.305
-483.02
-575.839
-682.975
-946.262
-775.201
-2114.31
386.646
-5296.66
-660.502
-218.412
-193.857
-297.395
-298.877
-343.178
-399.638
-481.254
-574.054
-680.34
-941.783
-777.367
-2074.19
383.418
-5218.2
-659.936
-217.615
-193.617
-299.193
-300.904
-344.724
-400.67
-480.973
-571.878
-676.117
-933.361
-768.885
-2036.15
370.474
-5082.05
-661.101
-219.941
-193.431
-300.832
-302.418
-345.101
-400.262
-480.107
-570.519
-674.513
-929.056
-771.344
-1998.16
356.455
-5027.85
-661.483
-220.598
-192.032
-301.489
-303.409
-345.864
-400.692
-479.95
-569.437
-672.8
-923.464
-770.196
-1968.51
344.531
-4965.49
-660.994
-223.992
-192.223
-302.499
-304.287
-346.222
-400.64
-479.614
-568.768
-672.212
-921.224
-772.004
-1957.15
327.562
-4905.51
-659.496
-225.719
-191.926
-302.368
-304.279
-346.224
-400.603
-479.452
-568.378
-671.651
-919.667
-771.601
-1954.03
318.476
-4866.34
-660.642
-224.069
-192.112
-302.285
-304.022
-345.926
-400.31
-479.221
-568.295
-671.663
-920.501
-771.476
-1955.99
327.634
-4901.8
-661.044
-220.6
-191.809
-301.121
-302.925
-345.291
-400.038
-479.166
-568.496
-671.706
-922.058
-769.08
-1966.31
344.527
-4958.75
-660.593
-219.843
-193.11
-300.329
-301.76
-344.282
-399.307
-478.954
-569.14
-672.902
-927.023
-769.641
-1994.98
356.414
-5018.75
-659.383
-217.427
-193.21
-298.557
-300.094
-343.695
-399.447
-479.493
-570.112
-674.049
-930.79
-766.616
-2032.2
370.583
-5071.47
-659.918
-218.141
-193.376
-296.645
-297.929
-341.97
-398.185
-479.492
-571.953
-677.872
-938.751
-774.558
-2069.65
383.771
-5206.77
-658.427
-215.879
-194.207
-295.406
-296.801
-342.652
-399.712
-481.079
-573.512
-680.231
-942.921
-771.992
-2109.37
387.358
-5285.35
-661.457
-219.179
-189.924
-292.425
-294.527
-341.312
-398.651
-482.526
-577.84
-689.744
-950.496
-807.181
-2030.94
461.235
-5802.52
-647.066
-268.65
-241.195
-324.632
-335.155
-391.07
-458.937
-560.027
-686.218
-792.789
-1240.92
-773.529
-3180.49
329.414
-7999.75
-634.577
-265.701
-248.436
-331.513
-342.101
-396.719
-465.489
-561.574
-679.844
-783.636
-1218.52
-743.929
-3145.45
413.29
-7489.87
-634.456
-269.98
-244.826
-332.476
-340.134
-390.18
-459.553
-557.883
-677.401
-782.75
-1214.43
-755.485
-3119.56
383.531
-7361.72
-631.492
-269.362
-244.782
-335.059
-343.233
-392.933
-462.658
-558.742
-674.8
-777.712
-1203.13
-748.41
-3075.51
386.059
-7104.43
-632.556
-271.879
-243.542
-336.598
-344.105
-391.886
-460.825
-556.91
-673.067
-776.828
-1199.12
-757.923
-3044.82
364.118
-6974.27
-633.74
-271.879
-241.933
-337.453
-345.39
-393.133
-461.907
-557.141
-671.917
-775.055
-1192.13
-759.225
-3010.15
358.573
-6838.84
-634.505
-274.667
-241.989
-338.543
-346.154
-393.096
-461.355
-556.414
-671.028
-774.754
-1189.44
-764.623
-2993.74
353.81
-6738.46
-633.421
-275.996
-241.717
-338.434
-346.212
-393.26
-461.514
-556.344
-670.546
-774.063
-1186.94
-764.744
-2984.55
358.422
-6682.56
-634.106
-274.714
-241.835
-338.302
-345.817
-392.674
-460.87
-555.803
-670.237
-773.858
-1188.08
-763.965
-2990.99
354.328
-6733.38
-633.236
-271.804
-241.62
-336.967
-344.732
-392.294
-460.917
-555.909
-670.346
-773.257
-1189.58
-757.636
-3005.28
359.305
-6829.26
-631.962
-271.658
-243.086
-335.877
-343.155
-390.666
-459.361
-555.091
-670.774
-774.18
-1195.5
-755.383
-3038.08
364.971
-6960.5
-630.838
-269.011
-244.195
-334.133
-342.03
-391.379
-460.76
-556.384
-671.873
-774.314
-1198.62
-744.963
-3067.31
387.064
-7087.35
-633.76
-269.512
-244.127
-331.384
-338.732
-388.364
-457.292
-555.066
-673.946
-778.72
-1209.21
-751.185
-3110.31
384.891
-7342.84
-633.851
-265.15
-247.66
-330.315
-340.588
-394.749
-463.01
-558.475
-676.044
-779.168
-1212.83
-739.004
-3135.52
415.215
-7469.93
-646.324
-268.029
-240.358
-323.348
-333.514
-388.908
-456.184
-556.636
-682.142
-787.993
-1234.92
-768.019
-3170.21
331.484
-7979.93
-583.485
-881.929
-1300.76
-1979.07
-2936.12
-3922.15
-4991.54
-5619.39
-6857.09
-7874.88
-11233.4
-6685.59
-17702.9
-17511.3
-54361.8
-297.265
-421.274
-410.103
-304.964
-178.09
-119.44
-374.166
-579.086
-1130.53
-1400.91
-3416.48
-3611.39
-4765.84
-6116.33
1709.94
-265.732
-258.095
-241.711
-307.508
-474.753
-672.071
-966.382
-1205.85
-1678.86
-2356.1
-3990.59
-4729.66
-7064.67
-6663.4
-21191.8
-337.713
-369.238
-509.535
-672.227
-873.537
-1070.37
-1389.28
-1634.56
-2268.97
-2738.37
-4267.32
-4332.36
-6632.24
-5035.86
-9710.74
-335.792
-365.994
-483.153
-605.258
-775.058
-966.632
-1319.39
-1629.97
-2394.72
-2854.2
-4422.51
-4384.7
-7465.49
-4582.57
-13750.2
-382.112
-472.894
-594.202
-744.306
-972.978
-1237.17
-1677.25
-2040.61
-2889.41
-3297.58
-4899.01
-4725.73
-7681.69
-4739.42
-11888
-473.882
-634.029
-778.023
-940.597
-1176.3
-1445.77
-1912.28
-2308.71
-3229.13
-3618.57
-5299.81
-5018.42
-8234
-4988.83
-12946.8
-604.762
-796.704
-954.055
-1135.4
-1417.52
-1759.04
-2311.17
-2774
-3776.93
-4175.22
-5915.48
-5647.65
-8836.65
-5735.95
-13237.3
-740.623
-947.261
-1120.62
-1350.14
-1700.83
-2113.3
-2732.26
-3252.29
-4321.64
-4761.7
-6570.02
-6391.97
-9586.8
-6745.54
-14238.4
-960.547
-1229.23
-1447.7
-1757.15
-2200.48
-2707.53
-3410.9
-4013.01
-5155.35
-5668.9
-7543.77
-7560.35
-10591.9
-8284.44
-15011.9
-1204.6
-1301.04
-1426.51
-1709.38
-2148.59
-2661.34
-3357.22
-3972.69
-5116.7
-5701.74
-7646
-8087.36
-11056.5
-10302.7
-17133.4
-1310.1
-1864.92
-2338.15
-2939.5
-3655.45
-4426.78
-5356.09
-6244.21
-7628.2
-8538.31
-10714.6
-11641.2
-14017.5
-15405.7
-17572.3
-2933.59
-2792.25
-2990.39
-3378.26
-3809.41
-4266.3
-4835.1
-5377.03
-6368.27
-7010.45
-9249.85
-10709.2
-15013.4
-24032.5
-19561.1
1421.78
3475.98
5256.78
5750.77
5886.4
5873
5667.74
5317.56
4503.12
3934.87
2024.35
2332.68
-383.615
-558.326
307.142
-17071.3
-23206.8
-27296.6
-31960.5
-36742.3
-41472
-46152.1
-50774.4
-55658.8
-60461.1
-67043.5
-72088
-84547
-86119.1
-117434
-575.576
-876.202
-1287.64
-1940.78
-2852.93
-3772.06
-4797.63
-5314.57
-6666.53
-7517.31
-11032.7
-6596.13
-17876.8
-17183.4
-56864.3
-300.165
-423.439
-416.905
-328.066
-228.434
-193.48
-454.425
-632.818
-1181.19
-1440.45
-3331.95
-3717.94
-5089.96
-6975.23
-2203.08
-287.773
-276.696
-259.036
-319.66
-484.54
-679.334
-978.88
-1225.34
-1674.29
-2398.14
-3931.85
-4844.97
-7236.68
-8237.09
-24736.1
-361.975
-398.172
-530.941
-686.81
-890.209
-1096.36
-1435.71
-1703.9
-2348.26
-2838.3
-4342.43
-4500.95
-6989.28
-6557.97
-13952.1
-359.357
-405.286
-523.392
-649.308
-829.686
-1029.29
-1389.39
-1697.12
-2448.71
-2917.24
-4460.72
-4553.94
-7768.16
-6097.94
-17726.8
-403.677
-511.277
-644.016
-803.817
-1036.37
-1295.64
-1729.85
-2094.86
-2931.12
-3357.67
-4947.83
-4931.38
-8068.07
-6248.01
-16232.4
-491.107
-665.272
-819.696
-984.113
-1218.39
-1488.21
-1947.62
-2342.72
-3245.43
-3661.72
-5339.15
-5242.05
-8641.39
-6524.76
-17350.5
-615.739
-815.073
-970.188
-1149.84
-1428.9
-1766.63
-2310.46
-2775.45
-3764.76
-4194.5
-5946.23
-5885.64
-9284.96
-7317.86
-17870.3
-737.624
-940.261
-1101.6
-1318.03
-1660.87
-2069.15
-2679.31
-3198.42
-4253.48
-4723.74
-6552.09
-6610.08
-10041.3
-8392.31
-19042.5
-943.993
-1195.32
-1397.83
-1697.33
-2131.18
-2627.12
-3315.19
-3909
-5034.16
-5570.4
-7461.18
-7716.33
-11039.7
-10051.4
-20024
-1178.06
-1275.75
-1384.23
-1645.21
-2061.08
-2549.52
-3218.69
-3812.64
-4928.38
-5518.64
-7459.37
-8086
-11378.3
-12094.6
-21786.3
-1253.85
-1794.32
-2247.36
-2818.19
-3495.92
-4226.1
-5111.41
-5960.57
-7296.21
-8191.02
-10336.7
-11412.7
-14096.7
-17140.8
-22117.6
-3109.68
-2920.73
-3149.41
-3575.96
-4014.99
-4461.42
-5010.87
-5531.93
-6488.4
-7118.66
-9304.68
-10872.7
-15213.3
-25612.9
-19109.3
1067.93
2769.4
4834.49
5372.6
5483.39
5469.17
5297.9
5006.64
4288.11
3792.09
2016.6
2228.88
-153.99
-2534.97
-5625.93
-14641.4
-21738.6
-25800.7
-30171.7
-34739.7
-39360.4
-44012
-48659.2
-53605.4
-58429.6
-64995.6
-69694
-81731.7
-78817.8
-117555
-577.115
-875.494
-1285.92
-1933.74
-2833.01
-3739.19
-4759.79
-5247.91
-6608.04
-7403.89
-10973.2
-6542.74
-17900.9
-16646.6
-59176.6
-303.183
-426.332
-426.004
-351.44
-268.641
-245.945
-503.998
-675.694
-1232.57
-1483.28
-3316.59
-3705.28
-4954.07
-6885.7
357.09
-285.919
-280.004
-263.286
-322.117
-483.756
-673.161
-973.161
-1207.02
-1650.37
-2367.25
-3871.36
-4794.52
-7061.42
-8220.62
-22810.7
-364.895
-403.995
-533.79
-690.126
-896.504
-1105.31
-1447.49
-1719.65
-2364.22
-2849.07
-4324.89
-4448.45
-6853.22
-6430.59
-11971.8
-358.479
-411.407
-530.279
-657.867
-840.554
-1040.61
-1397.43
-1701.87
-2441.45
-2902.63
-4418.22
-4485.38
-7623.24
-6033.98
-16065.2
-395.237
-504.882
-642.169
-803.557
-1034.26
-1292.79
-1724.54
-2091.36
-2920.23
-3342.74
-4905.82
-4853.93
-7934
-6186.72
-14513.3
-479.03
-648.957
-802.149
-966.157
-1202.34
-1475.17
-1932.67
-2326.85
-3221.82
-3632.27
-5280.25
-5145.17
-8492.05
-6467.86
-15648.3
-606.443
-800.56
-951.732
-1129.26
-1407.94
-1746.99
-2291.22
-2756.43
-3738.59
-4158.27
-5875.85
-5766.75
-9119.89
-7249.41
-16110.8
-732.738
-931.057
-1090.68
-1308.3
-1651.98
-2059.91
-2666.67
-3182.53
-4227.14
-4685.15
-6474.2
-6467.65
-9843.31
-8291.85
-17182.3
-939.763
-1187.58
-1389.86
-1689.35
-2121.8
-2615.79
-3299.64
-3890.29
-5004.04
-5529.25
-7383.18
-7564.63
-10805.2
-9909.63
-18012.1
-1178.39
-1281.58
-1392.5
-1654.05
-2070.33
-2559.16
-3225.85
-3818.62
-4922.46
-5502.8
-7401.95
-7956.61
-11109.7
-11786
-19279.8
-1262.49
-1807.22
-2273.56
-2854.26
-3538.85
-4273.18
-5158.07
-6007.08
-7330.94
-8220.07
-10330.5
-11380.2
-13973.3
-16988.5
-19826.1
-3066.01
-2879.93
-3082.84
-3485
-3905.97
-4339.12
-4878.13
-5394.47
-6341.63
-6967.4
-9120.49
-10644.6
-14841.6
-25269.3
-15080.4
1042.21
2665.35
4573.46
5049.38
5119.25
5070.6
4871.12
4557.67
3833.71
3330.67
1590.78
1814.76
-183.825
-3406.33
-4163.21
-14581.9
-21479.7
-25457.1
-29756.7
-34279.2
-38868
-43498.1
-48130.5
-53059.7
-57842.1
-64304.7
-68713.7
-80238.2
-74864.3
-121786
-577.426
-872.753
-1275.92
-1907.65
-2776.26
-3650.88
-4649.1
-5121.17
-6498.87
-7242.39
-10852.6
-6489.17
-17812
-16019.2
-60137.2
-303.129
-426.172
-429.47
-365.269
-295.897
-281.67
-534.613
-697.825
-1261.24
-1507.44
-3291.8
-3700.38
-4964.18
-6339.94
1687.65
-290.551
-286.573
-269.686
-326.004
-483.823
-667.924
-964.168
-1189.36
-1631.43
-2352.3
-3806.69
-4742.54
-6951.1
-7840.05
-21678.7
-374.514
-416.252
-544.894
-700.578
-908.055
-1119.21
-1463.53
-1739.75
-2381.86
-2865.66
-4309.41
-4438.13
-6780.58
-6062.24
-10995.4
-368.637
-428.642
-552.841
-681.318
-864.118
-1063.64
-1417.45
-1717.57
-2444.51
-2901.29
-4384.07
-4468.66
-7530.59
-5771.84
-15301.4
-403.029
-514.36
-657.334
-819.989
-1048.71
-1304.99
-1732.59
-2097.95
-2916.38
-3338.6
-4876.3
-4855.59
-7878.51
-5959.41
-13715.6
-485.46
-655.195
-809.963
-974.031
-1209.39
-1481.29
-1934.15
-2324.25
-3206.08
-3617.77
-5244.16
-5152.66
-8446.71
-6271.98
-14864.9
-610.247
-803.81
-952.076
-1126.04
-1401.51
-1737.44
-2275.74
-2736.7
-3706.27
-4129.69
-5831.76
-5775.77
-9090.12
-7067.72
-15307.8
-731.731
-926.369
-1080.85
-1292.78
-1631.52
-2034.3
-2632.85
-3142.37
-4172.48
-4634.2
-6410.41
-6464.38
-9812.31
-8100.81
-16331.8
-933.031
-1173.36
-1368.91
-1660.05
-2083.28
-2567.69
-3238.95
-3819.46
-4915.42
-5442.08
-7282.04
-7527.09
-10759.9
-9689.69
-17141.5
-1168.29
-1266.59
-1368.19
-1616.72
-2019.87
-2495.63
-3145.98
-3725.18
-4805.93
-5381.85
-7253.23
-7841.95
-10973.2
-11384
-18161.7
-1246.89
-1793.47
-2268.63
-2851.96
-3533.26
-4260.19
-5132.24
-5969.91
-7270.91
-8156.58
-10241.5
-11331.2
-13941.6
-16666
-18928.9
-3062.74
-2874.29
-3061.5
-3450.02
-3856.4
-4272.39
-4791.96
-5292.43
-6212.98
-6825.27
-8920.89
-10390.1
-14349.9
-23660.3
-13059.3
928.203
2412.73
4284.92
4733.5
4768.96
4696.04
4485.76
4171.9
3472.88
2987.14
1320.94
1530.64
-503.757
-3024.86
-2374.6
-13726.6
-20618.4
-24509.9
-28630
-33002.9
-37484.1
-42041.3
-46627.8
-51530.3
-56285.4
-62698.6
-67049.7
-78534.2
-74843.3
-122407
-579.641
-871.101
-1270.74
-1894.69
-2745.48
-3604.11
-4588.34
-5055.26
-6436.19
-7147.83
-10755.8
-6443.07
-17655.5
-15498
-60273.7
-304.081
-429.93
-441.382
-390.736
-335.373
-327.793
-574.339
-726.25
-1291.76
-1529.48
-3276.36
-3650.56
-4850.47
-5714.1
2887
-290.578
-292.073
-277.29
-332.716
-487.128
-666.406
-959.079
-1175.52
-1617.3
-2331.83
-3742
-4648.53
-6742.95
-7226.74
-20564.6
-378.224
-422.134
-550.824
-707.484
-915.808
-1127.4
-1470.39
-1746.05
-2383.37
-2858.04
-4265.35
-4348.5
-6574.71
-5456.53
-10073.1
-372.129
-434.369
-562.1
-691.94
-874.285
-1071.65
-1420.51
-1714.65
-2429.39
-2872.14
-4318.06
-4358.47
-7293.68
-5235.52
-14513.7
-403.347
-514.9
-661.297
-823.84
-1050
-1304.06
-1727.48
-2089.16
-2896.96
-3306.47
-4808.71
-4742.68
-7646.49
-5437.57
-12967.9
-483.123
-650.804
-806.224
-970.288
-1204.68
-1475.34
-1924.16
-2308.96
-3177.51
-3574.5
-5163.22
-5026.8
-8200.01
-5751.52
-14119.8
-607.798
-799.539
-946.818
-1119.68
-1394.23
-1728.81
-2262.25
-2717.41
-3672.45
-4080.2
-5742.29
-5638.75
-8836.48
-6532.49
-14565.9
-730.674
-925.082
-1080.3
-1292.37
-1630.11
-2030.48
-2622.82
-3125.59
-4138.93
-4584.08
-6316.23
-6317.59
-9545.84
-7534.6
-15556.1
-932.652
-1173.95
-1371.49
-1662.45
-2083.83
-2565.38
-3229.84
-3803.7
-4881.64
-5393.11
-7187.31
-7377.71
-10491.3
-9104.79
-16392.5
-1170.26
-1275.34
-1381.64
-1631.22
-2034.61
-2509.95
-3155.57
-3730.49
-4793.34
-5354.88
-7173.79
-7692.36
-10674.6
-10687
-17241.5
-1256.83
-1812.66
-2303.94
-2901.39
-3593.37
-4327.3
-5200.46
-6038.48
-7325.6
-8202.25
-10244.5
-11288.3
-13816.9
-16188.7
-18304.5
-3035.06
-2847.99
-3019.44
-3392.8
-3787.96
-4194.05
-4703.72
-5198.62
-6104.68
-6708.45
-8755.62
-10136.1
-13910.6
-22373.1
-11711.6
847.841
2217.49
3974.73
4358.46
4336.53
4213.65
3962.3
3616.12
2907.6
2422.14
811.686
1080.98
-875.154
-2921.26
-2592.3
-13398.3
-20190
-24019.9
-28036.3
-32323
-36736.2
-41239.7
-45785.6
-50653.6
-55382.7
-61743.5
-66083.1
-77495
-74424.4
-122500
-580.937
-866.975
-1260.95
-1873.9
-2703.87
-3544.87
-4516.03
-4985.1
-6370.68
-7063.41
-10652.1
-6400.58
-17467.5
-15204.2
-59875.4
-303.532
-432.088
-449.54
-409.403
-364.406
-361.004
-600.905
-741.611
-1302.98
-1534.23
-3257.83
-3593.8
-4726.96
-5444.73
3854.18
-290.376
-294.758
-279.278
-332.317
-482.743
-657.984
-946.664
-1159.3
-1601.03
-2311.92
-3679.67
-4563.8
-6561.98
-6944.49
-19528.4
-381.867
-426.29
-553.486
-710.228
-918.334
-1129.71
-1470.4
-1744.33
-2373.9
-2838.16
-4205.97
-4264.92
-6384.51
-5217.64
-9209.15
-376.965
-440.798
-571.116
-701.352
-882.052
-1076.51
-1420.59
-1708.83
-2410.72
-2838.62
-4244.53
-4263.53
-7083.8
-5038.89
-13747.8
-407.075
-518.618
-666.959
-828.565
-1052.13
-1303.65
-1722.19
-2078
-2872.54
-3267.86
-4731.93
-4650.54
-7446.14
-5271.28
-12265
-485.617
-652.324
-807.954
-971.167
-1203.61
-1471.52
-1914.82
-2292.07
-3145.05
-3527.57
-5078.92
-4932.33
-7997.7
-5599.88
-13430.1
-608.941
-799.839
-945.388
-1115.52
-1387.1
-1717.94
-2244.5
-2691.57
-3630.27
-4024.58
-5650.71
-5541.45
-8637.45
-6387.46
-13897.9
-730.449
-923.449
-1076.25
-1284.88
-1618.66
-2014.24
-2598.47
-3092.2
-4087.5
-4519.13
-6214.72
-6212.43
-9341.68
-7380.25
-14870.1
-930.499
-1168.62
-1361.84
-1647.07
-2062.18
-2536.84
-3190.86
-3753.89
-4811.48
-5309.31
-7066.58
-7256.93
-10283.8
-8950.64
-15740.2
-1165.94
-1269.25
-1370.85
-1613.67
-2010.54
-2479.06
-3114.05
-3678.24
-4719.3
-5265.7
-7041.49
-7545.13
-10428.8
-10436.6
-16440.2
-1256.02
-1813.9
-2311.61
-2914.49
-3609.5
-4342.99
-5209.78
-6039.79
-7306.28
-8168.79
-10172.7
-11205.6
-13687.2
-16050.3
-17770.5
-3008.56
-2812.02
-2960.2
-3313.69
-3692.53
-4081.26
-4571.13
-5048.31
-5926.15
-6510.21
-8503.17
-9820.68
-13458.2
-21400.7
-10741.4
768.11
2030.93
3713
4046.35
3971.39
3803.03
3517.43
3147.58
2440.63
1968.49
430.014
759.916
-1147.93
-2815.64
-2684.67
-12946.5
-19645.8
-23397.8
-27278.4
-31445.6
-35762.9
-40188.3
-44672.2
-49490.8
-54195.2
-60540.7
-64976.6
-76478.6
-74310.3
-122066
-580.488
-860.599
-1248.98
-1851.45
-2665.01
-3493.92
-4457.26
-4930.66
-6319.84
-7001.09
-10548.2
-6341.21
-17264.7
-14888.3
-59026
-305.207
-438.527
-464.943
-436.505
-400.502
-398.29
-629.979
-757.458
-1310.5
-1535.76
-3238.8
-3514.45
-4559.06
-5234.74
4430.87
-290.843
-299.057
-284.672
-336.495
-483.637
-655.61
-940.579
-1149.87
-1589.52
-2294.69
-3622.34
-4467.65
-6360.59
-6681.45
-18639.6
-384.334
-429.838
-556.555
-713.98
-921.724
-1132.2
-1469.85
-1740.23
-2360.64
-2810.58
-4139.18
-4155.15
-6164.26
-4971.32
-8537.49
-379.529
-443.633
-575.377
-705.994
-885.2
-1076.95
-1416.45
-1698.15
-2387.28
-2796.68
-4161.69
-4137.91
-6839.27
-4800
-13101.2
-408.096
-518.724
-667.978
-828.931
-1050.58
-1299.54
-1713.32
-2062.35
-2843.15
-3218.82
-4640.54
-4516.26
-7196
-5038.42
-11673.3
-485.224
-650.59
-806.395
-969.172
-1200.1
-1465.51
-1903.48
-2272.41
-3109.01
-3469.96
-4976.72
-4787.82
-7735.82
-5362.51
-12838.7
-608.15
-798.373
-943.564
-1112.91
-1382.82
-1710.45
-2230.37
-2668.36
-3588.97
-3961.25
-5540.84
-5389.69
-8370.39
-6144.29
-13327.5
-730.165
-923.572
-1076.96
-1285.25
-1617.13
-2009.16
-2586.09
-3070.24
-4045.77
-4455.05
-6101.27
-6056.22
-9067.94
-7125.3
-14296.4
-930.788
-1170.2
-1364.5
-1649.07
-2061.84
-2532.6
-3178.63
-3731.73
-4768.25
-5244.68
-6951.74
-7102.25
-10016.3
-8707.53
-15224
-1167.08
-1275.01
-1379.71
-1623
-2019.34
-2486.12
-3115.27
-3671.83
-4693.35
-5220.06
-6943.7
-7399.88
-10160.7
-10151.8
-15860.5
-1263.78
-1830.78
-2340.5
-2954.48
-3658.32
-4397.1
-5263.42
-6089.91
-7340.06
-8186
-10145.4
-11139.7
-13546.7
-15897.8
-17462.5
-3011
-2808.43
-2950.94
-3303.31
-3680.52
-4063.2
-4542.3
-5007.5
-5861.16
-6423.35
-8361.71
-9614.74
-13136.5
-20703.9
-10238.3
688.888
1832.64
3440.27
3712.1
3569.96
3340.8
3004.34
2592.58
1864.78
1390.66
-87.1819
329.305
-1487.64
-2902.78
-3009.98
-12560
-19220.9
-22901.5
-26644.7
-30691.6
-34915.4
-39265.7
-43691.2
-48467.9
-53170.1
-59540.8
-64095.8
-75705.1
-74090
-121419
-578.689
-855.304
-1239.31
-1834.12
-2637.77
-3459.22
-4416.11
-4885.88
-6276.02
-6954.3
-10440
-6268.38
-17038.2
-14530.3
-57849.6
-305.877
-441.336
-471.887
-448.665
-416.43
-414.846
-643.109
-764.483
-1307.54
-1528.51
-3215.04
-3423.92
-4374.24
-5060.62
4720.35
-290.622
-299.688
-285.064
-335.827
-480.833
-650.7
-932.635
-1139.47
-1574.58
-2272.23
-3564.22
-4366.44
-6151.76
-6465.44
-17849.1
-384.753
-429.97
-555.509
-712.518
-919.256
-1128.38
-1462.94
-1728.72
-2338.22
-2771.01
-4060.37
-4031.47
-5933.56
-4760.32
-8026.07
-380.438
-444.494
-576.211
-706.218
-883.732
-1072.93
-1408.2
-1682.96
-2358.99
-2747.77
-4071.01
-4004.5
-6591.38
-4599.73
-12572.1
-408.978
-519.333
-668.482
-828.409
-1048.19
-1294.18
-1702.88
-2043.65
-2809.28
-3162.04
-4539.72
-4373.13
-6941.94
-4839.79
-11200.3
-485.759
-650.803
-806.36
-968.047
-1196.83
-1458.74
-1890.7
-2250.01
-3069.33
-3406.19
-4867.4
-4638.42
-7474.43
-5164.67
-12366.8
-608.238
-798.137
-942.413
-1110.03
-1377.13
-1700.54
-2213.33
-2640.97
-3542.82
-3890.96
-5424.03
-5235.1
-8105.99
-5946.27
-12879.8
-729.814
-922.562
-1074.39
-1280.15
-1608.65
-1996.08
-2565.22
-3038.37
-3993.8
-4378.92
-5977.25
-5896.33
-8798.51
-6924.4
-13859.6
-929.729
-1167.56
-1358.94
-1639.79
-2048.18
-2513.22
-3150.06
-3690.86
-4705.52
-5157.76
-6816.92
-6936.68
-9749.92
-8522.55
-14848.4
-1165.09
-1271.61
-1372.97
-1612.09
-2004.09
-2465.49
-3085.87
-3630.65
-4631.09
-5134.55
-6810.72
-7232.72
-9893.84
-9943.78
-15461.1
-1262.97
-1829.5
-2338.58
-2952.23
-3655.21
-4390.79
-5249.61
-6065.27
-7295.22
-8119.85
-10039.9
-11007.2
-13352.2
-15764.9
-17274
-3015.8
-2801.7
-2936.08
-3284.93
-3657.59
-4030.67
-4494.1
-4939.56
-5763.1
-6296.21
-8180.49
-9381.67
-12810.9
-20152.4
-9963.28
650.606
1735.98
3323.16
3567.71
3389.05
3122.89
2749.11
2294.69
1521.1
995.904
-483.589
-31.6329
-1791.35
-3140.98
-3469.68
-12305.6
-18960.7
-22586.9
-26225.5
-30168.9
-34295.6
-38541.4
-42843
-47469.7
-52042.4
-58439
-63172.2
-74969.1
-73780.1
-120759
-579.979
-859.522
-1247.16
-1848.36
-2659.34
-3483.77
-4436.56
-4891.23
-6261.72
-6933.54
-10341.6
-6186.33
-16794.9
-14071.7
-56206.4
-305.207
-438.524
-464.853
-436.292
-400.231
-398.629
-629.868
-755.629
-1294.66
-1509.45
-3176.29
-3319.9
-4174.32
-4845.42
4933.72
-290.626
-298.598
-283.75
-334.702
-480.303
-649.712
-930.128
-1132.99
-1562.09
-2246.06
-3504.41
-4258.18
-5910.57
-6199.33
-17007.6
-384.049
-429.016
-554.824
-710.873
-916.574
-1123.82
-1455.49
-1715.66
-2314.03
-2726.34
-3977.15
-3891.72
-5674.24
-4482.23
-7481.45
-379.128
-442.652
-573.346
-702.306
-878.872
-1066.23
-1398.14
-1665.71
-2329.31
-2695.32
-3976.66
-3854.94
-6313.22
-4327.56
-11964.6
-407.437
-517.477
-665.621
-824.839
-1043.57
-1287.04
-1691.29
-2023.37
-2773.95
-3100.57
-4431.7
-4206.58
-6647.68
-4553.11
-10631.2
-484.447
-649.341
-804.247
-965.065
-1192.32
-1451.24
-1877.81
-2227.35
-3029.49
-3338.32
-4749.56
-4462.17
-7167.19
-4872.86
-11788.1
-607.274
-796.885
-940.852
-1107.98
-1373.36
-1693.19
-2199.52
-2616.45
-3499.13
-3818.3
-5298.51
-5051.47
-7790.41
-5648.22
-12315.1
-729.103
-921.633
-1073.38
-1278.67
-1605.29
-1988.81
-2550.94
-3012.84
-3948.04
-4304.13
-5847.33
-5709.46
-8477.75
-6624.88
-13312.3
-929.32
-1167.37
-1359.49
-1640.35
-2046.82
-2507.53
-3136.69
-3665.19
-4658.33
-5081.57
-6685.09
-6752.64
-9436.91
-8244.82
-14367.8
-1165.3
-1272.06
-1374.72
-1614.35
-2004.65
-2461.99
-3075.47
-3609.27
-4590.76
-5068.4
-6693.05
-7066.67
-9603.52
-9682.76
-15014.9
-1262.53
-1827.54
-2334.75
-2944.61
-3641.71
-4369.84
-5219.11
-6021.74
-7232.66
-8035.67
-9920.44
-10866.4
-13128.7
-15592.9
-17035.1
-3006.53
-2801.7
-2939.68
-3284.34
-3649.69
-4014.45
-4466.33
-4894.33
-5693.31
-6196.03
-8037.83
-9216.57
-12571.9
-19748.5
-9789.8
687.787
1829.2
3433.19
3698.47
3544.95
3295.77
2924.52
2453
1632.33
1021.16
-585.705
-281.172
-2088.33
-3598.19
-4063.07
-12543.5
-19193.2
-22851.5
-26556.4
-30541.8
-34667.4
-38862.7
-43051.8
-47484.9
-51777.1
-57817.9
-62330.4
-74312.2
-73284.9
-120146
-580.277
-865.568
-1258.51
-1869.7
-2696.07
-3530.87
-4487.86
-4928.77
-6277.88
-6944.69
-10275.4
-6096.28
-16525.3
-13541.5
-54223.5
-303.348
-431.694
-448.694
-407.826
-361.747
-357.745
-594.262
-731.279
-1266.33
-1475.14
-3116.16
-3205.64
-3979.03
-4626.11
4908.67
-289.899
-293.811
-277.41
-328.824
-476.423
-646.877
-926.677
-1124.65
-1544.64
-2213.56
-3444.23
-4147.8
-5655.18
-5926.82
-16252.5
-381.194
-424.708
-550.282
-704.499
-908.696
-1113.51
-1442.03
-1695.47
-2281.82
-2671.72
-3885.04
-3738.06
-5400.68
-4179.72
-7063.77
-376.11
-438.899
-567.326
-694.41
-869.944
-1055.64
-1384.77
-1645.08
-2296.83
-2638.58
-3878.32
-3696.93
-6024.5
-4032.79
-11444.4
-405.774
-516.185
-662.481
-820.67
-1038.43
-1279.21
-1679.09
-2001.48
-2736.68
-3034.9
-4319.02
-4030.39
-6341.41
-4234.53
-10145.2
-484.041
-649.721
-803.466
-962.794
-1188.06
-1443.35
-1864.37
-2203.59
-2988.98
-3268.37
-4629.86
-4280.13
-6851.81
-4552.7
-11296
-607.113
-796.696
-939.77
-1105.5
-1368.28
-1683.79
-2183.75
-2589.41
-3453.76
-3743.1
-5171.65
-4863.93
-7468.66
-5323.92
-11839.2
-728.272
-919.509
-1069.08
-1271.84
-1595.27
-1973.93
-2529.04
-2978.68
-3894.73
-4221.44
-5712.28
-5517.57
-8152.08
-6304.7
-12868.4
-927.611
-1163.23
-1352.29
-1630.33
-2033.19
-2488.12
-3109.09
-3623.37
-4595.68
-4987.62
-6538.24
-6555.5
-9112.18
-7946.07
-13993
-1162.48
-1263.49
-1360.97
-1596.45
-1981.19
-2430.63
-3034.36
-3553
-4514.65
-4962.65
-6539.65
-6871.89
-9290.3
-9414.04
-14708.9
-1253.01
-1807.35
-2299.93
-2894.28
-3575.42
-4287.13
-5119.02
-5899.13
-7084.26
-7854.3
-9696.71
-10627.5
-12810
-15396.4
-16895.4
-3000.6
-2800.17
-2939.97
-3279.3
-3636.17
-3991.42
-4429.94
-4834.74
-5602.63
-6059.58
-7850.34
-9010.76
-12301.2
-19483.1
-9789.73
765.906
2026.21
3704.68
4030.24
3941.35
3748.15
3419.14
2973.26
2147.47
1485.58
-270.467
-227.635
-2256.16
-4307.27
-4919.55
-12917.7
-19601.6
-23319.3
-27143.1
-31220
-35394.7
-39597.7
-43746.4
-48075.9
-52148.8
-57721.5
-61665.4
-73519.3
-72417.5
-119748
-578.867
-869.46
-1267.82
-1889.57
-2735.87
-3586.68
-4553.87
-4984.69
-6320.2
-6993.02
-10259.2
-6001.22
-16196.3
-12939.5
-51530
-303.689
-429.09
-439.673
-387.598
-329.973
-320.171
-560.134
-706.387
-1232.88
-1435.25
-3045.17
-3081.93
-3771.88
-4330.09
4992.26
-289.866
-290.674
-274.562
-327.736
-478.27
-650.903
-931.222
-1124.98
-1530.83
-2182.61
-3392.3
-4034.46
-5361.47
-5573.76
-15248.6
-377.187
-419.9
-546.361
-699.502
-902.188
-1104.13
-1429.3
-1674.49
-2248.69
-2614.55
-3793.08
-3566.84
-5079.04
-3761.89
-6309.95
-370.811
-431.64
-556.753
-682.189
-857.183
-1041.63
-1368.67
-1622.01
-2263.86
-2579.55
-3778.94
-3516.84
-5676.71
-3607.46
-10517.9
-401.46
-511.393
-654.899
-812.503
-1030.19
-1268.86
-1665.32
-1978.1
-2699.51
-2966.22
-4201.74
-3822.63
-5959.8
-3760.83
-9191.5
-480.813
-646.913
-799.464
-957.945
-1182
-1434.34
-1850.95
-2180.41
-2950.67
-3196.21
-4503.48
-4060.65
-6450.31
-4066
-10302
-605.073
-794.829
-938.451
-1104.81
-1366.84
-1679.27
-2174.18
-2568.81
-3415.73
-3669.56
-5038.72
-4635.83
-7051.79
-4822.55
-10828.2
-727.428
-919.257
-1069.77
-1273.35
-1596.11
-1971.77
-2521.85
-2959.81
-3857.78
-4149.22
-5577.97
-5289.47
-7729.14
-5806.07
-11879.6
-928.441
-1166.22
-1357.77
-1638.37
-2042.08
-2495.01
-3111.78
-3614.44
-4568.78
-4924.23
-6411.12
-6338.55
-8694.8
-7473.2
-13074.6
-1165.25
-1266.96
-1367.16
-1605.92
-1991.42
-2438.54
-3038.16
-3545.45
-4491.62
-4906.6
-6428.99
-6686.95
-8904.67
-9004.4
-13930
-1252.06
-1802.92
-2286.51
-2871.12
-3542.37
-4243.81
-5065.2
-5828.68
-6995.21
-7729.98
-9519.27
-10396.2
-12411.6
-15103.5
-16346.4
-3024.58
-2831.93
-2991.86
-3345.81
-3710.77
-4070.73
-4509.6
-4904.1
-5657.36
-6081.12
-7834.53
-8970.42
-12127.4
-19483.4
-9652.76
845.237
2212.68
3967.79
4344.77
4310.1
4163.74
3870.38
3447.82
2618.81
1926.12
71.0738
-71.8504
-2316.64
-5361.67
-6131.5
-13360
-20132.6
-23918.7
-27863.3
-32036.2
-36270.1
-40494.3
-44618.8
-48868.3
-52775.1
-58076.8
-61471.5
-72677.1
-70687.9
-119731
-576.577
-870.961
-1272.67
-1901.87
-2765.32
-3630.86
-4609.94
-5038.28
-6362.83
-7058.06
-10271.7
-5904.83
-15811.4
-12341.5
-48760.9
-302.549
-424.929
-426.98
-360.71
-287.993
-269.91
-513.822
-671.217
-1185.75
-1384.15
-2975.5
-2966.99
-3642.06
-4049.99
4922.85
-289.637
-284.77
-266.216
-319.799
-472.937
-648.923
-929.991
-1124.24
-1514.02
-2152.12
-3350.26
-3933.11
-5101.24
-5220.83
-14287.6
-373.168
-413.469
-539.418
-690.79
-891.155
-1089.93
-1411.48
-1647.75
-2209.45
-2553.59
-3703.01
-3407.22
-4781.66
-3328.01
-5624.99
-366.893
-425.168
-546.146
-669.206
-842.836
-1025.95
-1351.8
-1599.45
-2233.89
-2526.13
-3690.12
-3358.16
-5358.49
-3167.85
-9650.47
-400.627
-509.919
-649.244
-805.625
-1023.49
-1260.3
-1653.93
-1956.84
-2665.68
-2903.77
-4096.64
-3642.04
-5615.33
-3266.8
-8314.87
-482.495
-650.103
-801.042
-958.013
-1180.35
-1429
-1841.33
-2161.02
-2918.42
-3135.24
-4397.22
-3879.71
-6099.43
-3568.78
-9410.72
-606.7
-797.667
-941.221
-1106.8
-1366.59
-1674.8
-2164.54
-2548.16
-3380.64
-3606.42
-4929.53
-4454.74
-6697.44
-4318.82
-9936.51
-727.508
-918.88
-1067.42
-1268.63
-1588.45
-1959.82
-2504.88
-2931.37
-3814.87
-4078.7
-5463.25
-5111.2
-7378.34
-5315.09
-11027.9
-927.683
-1163.68
-1351.72
-1629.81
-2030.81
-2479.05
-3090.26
-3580.07
-4519.9
-4844.47
-6286.23
-6158.67
-8345.21
-7008.51
-12285.1
-1161.99
-1256.03
-1349.79
-1584.48
-1964.77
-2404.36
-2995.95
-3487.95
-4419.48
-4803.61
-6287.28
-6506.07
-8557.81
-8592.05
-13278.4
-1240.58
-1781.02
-2246.24
-2812.97
-3467.57
-4152.74
-4958.53
-5700.09
-6846.21
-7544.13
-9290.8
-10128.2
-11966.2
-14735.5
-15812
-3050.51
-2855.14
-3028.44
-3393.6
-3763.57
-4123.85
-4557.78
-4936.19
-5670.44
-6059.8
-7784.41
-8961.33
-12063
-20153.8
-9331.66
925.564
2408.44
4280.5
4724.3
4749.66
4656.9
4409.52
4024.43
3210.97
2514.46
600.311
309.177
-1973.33
-6866.95
-8020.81
-13681
-20551
-24391.6
-28429
-32670.7
-36944.9
-41180.2
-45280.1
-49464
-53240
-58326.9
-61194.7
-71639.1
-67588.1
-120860
-576.215
-873.603
-1282.44
-1927.51
-2821.15
-3717.4
-4717.88
-5158.8
-6457.59
-7195.31
-10334.4
-5823.75
-15295.9
-11702.1
-44637.3
-302.44
-424.74
-422.823
-345.614
-258.545
-230.299
-476.936
-640.382
-1144.71
-1339.92
-2924.99
-2855.03
-3507.47
-3643.31
5311.66
-284.841
-277.865
-259.201
-314.913
-471.22
-651.337
-934.017
-1131.5
-1506.05
-2118.25
-3320.62
-3822.95
-4806.76
-4655.75
-12546.4
-363.304
-400.795
-527.547
-678.942
-877.045
-1071.21
-1386.64
-1610.84
-2160.82
-2481.4
-3604.58
-3201.9
-4405.12
-2597.13
-3855.4
-356.396
-407.326
-522.49
-643.816
-815.857
-996.834
-1320.69
-1563.32
-2193.51
-2458.62
-3591.4
-3137.52
-4943.53
-2407.2
-7578.29
-392.425
-499.679
-632.68
-786.679
-1004.59
-1240.19
-1632.03
-1925.24
-2624.8
-2826.57
-3976.5
-3380.7
-5144.37
-2420.57
-6078.95
-475.535
-642.874
-791.423
-947.016
-1167.99
-1413.51
-1823.3
-2134.01
-2881.79
-3058.07
-4269.1
-3602.03
-5598.98
-2700.88
-7081.42
-602.204
-793.22
-938.835
-1106.38
-1366.65
-1673.33
-2160.78
-2534.13
-3353.74
-3534.92
-4797.49
-4166.11
-6173.58
-3425.26
-7523.38
-727.693
-922.166
-1074.79
-1279.79
-1601.28
-1972.2
-2516.11
-2933.19
-3804.64
-4023.98
-5340.89
-4829.27
-6847.49
-4423.25
-8604.49
-933.471
-1176.27
-1369.73
-1653.9
-2060.29
-2511.78
-3125.29
-3608.45
-4538.69
-4820.44
-6194.35
-5908.03
-7820.87
-6133.23
-9906.16
-1171.01
-1269.1
-1370.62
-1615.7
-2004.79
-2450.48
-3047.32
-3535.41
-4461.62
-4808.2
-6236.45
-6321.29
-8073.3
-7747.92
-11123.5
-1254.79
-1792.35
-2246.72
-2807.45
-3460.02
-4144.35
-4950.25
-5683.93
-6822.99
-7482.26
-9176.97
-9893.94
-11412.1
-13907.3
-13994.8
-3052.51
-2858.57
-3045.78
-3421.67
-3801.59
-4171.85
-4614.04
-4991.81
-5726.96
-6096.58
-7814.14
-9055.62
-12379.5
-22984.7
-8174.89
1040.27
2662.79
4572.59
5046.32
5109.88
5046.74
4817.57
4442.07
3616.25
2913.73
962.397
692.522
-733.918
-7238.29
-11629.2
-14533.3
-21405.1
-25325.6
-29533.9
-33911.1
-38269.4
-42539.8
-46626.2
-50744.8
-54400.9
-59281.7
-61578.6
-70637.8
-60433
-123145
-574.644
-874.251
-1284.02
-1934.21
-2840.44
-3748.96
-4753.63
-5221.32
-6508.28
-7294.76
-10382.6
-5739.58
-14887.5
-10692.6
-41723.2
-299.303
-421.597
-413.26
-321.377
-216.752
-174.877
-422.727
-590.129
-1081.5
-1276.63
-2888.23
-2768.94
-3602.6
-2865.53
7091.05
-286.59
-274.323
-254.527
-311.783
-470.992
-655.857
-936.907
-1144.16
-1512.23
-2110.26
-3320.56
-3730.89
-4696.47
-3999.72
-10504.3
-360.213
-394.678
-524.194
-674.726
-869.108
-1059.11
-1369.15
-1583.68
-2123.84
-2430.84
-3560.08
-3087.03
-4229.57
-1830.87
-1530.96
-357.051
-400.765
-514.888
-634.048
-802.881
-981.731
-1305.82
-1545.6
-2177.31
-2426.96
-3554.97
-3034.22
-4748.08
-1684.57
-5289.66
-400.61
-505.526
-633.527
-785.193
-1003.73
-1237.95
-1628.5
-1913.04
-2609.33
-2791.93
-3934.78
-3276.33
-4942.83
-1623.92
-3767.55
-487.276
-658.469
-807.669
-962.997
-1180.9
-1421.27
-1829.06
-2133.09
-2878.27
-3037.19
-4240.49
-3515.35
-5410.87
-1912.53
-4816.71
-611.082
-806.975
-955.895
-1124.59
-1383.77
-1686.53
-2169.41
-2534.46
-3350.89
-3521.76
-4782.94
-4101.4
-6009.68
-2637.41
-5259.21
-732.042
-930.526
-1084.33
-1286.99
-1605.69
-1973.58
-2515.4
-2926.41
-3794.19
-4006.13
-5335.08
-4795.59
-6729.21
-3676.73
-6362.57
-937.085
-1183.01
-1375.99
-1658.82
-2064.37
-2514.05
-3125.79
-3602.29
-4529.12
-4798.07
-6183.32
-5891.23
-7767.16
-5439.12
-7639.5
-1170.01
-1262.12
-1360.28
-1603.22
-1989.34
-2430.51
-3023.34
-3502.31
-4424.49
-4756.13
-6186.77
-6258.23
-8056
-7138.27
-8882.61
-1245.21
-1777.87
-2217.63
-2766.33
-3408.69
-4083.73
-4882.19
-5604.21
-6737.22
-7376.27
-9065.83
-9732.88
-11279.1
-13104.3
-11766.5
-3095.61
-2898.15
-3110.1
-3508.74
-3904.11
-4283.47
-4729.52
-5102.07
-5831.36
-6185.21
-7899.14
-9152.84
-12517.9
-21784.5
-5566.92
1066.02
2767.3
4836.41
5374.47
5481.91
5457.34
5262.14
4916.04
4105.42
3422.14
1468.69
1258.78
35.8132
-5289.93
-9089.04
-14587.4
-21658.8
-25660.6
-29934.6
-34348.1
-38723.4
-42991.1
-47055
-51134
-54747.1
-59612.7
-61974
-71441.9
-63056
-123126
-582.531
-879.942
-1297.07
-1972.35
-2923.31
-3898.57
-4947.68
-5532.26
-6699.69
-7660.43
-10606
-5783.06
-14344.7
-11334.8
-35108.5
-296.302
-419.229
-406.068
-297.509
-164.998
-97.8242
-336.449
-526.068
-1018
-1211.47
-2936.51
-2654.01
-3424.75
-2736.54
7906.58
-264.448
-255.528
-236.86
-299.064
-460.26
-646.959
-921.674
-1118.04
-1505.13
-2042.05
-3342.77
-3601.9
-4429
-3021.03
-8105.45
-335.807
-365.522
-502.398
-659.407
-851.093
-1030.59
-1318.4
-1505.86
-2030.31
-2307.84
-3429.85
-2857.57
-3737.12
-611.819
1329.6
-333.235
-361.043
-473.931
-588.764
-746.153
-915.562
-1229.76
-1468.06
-2103.18
-2329.5
-3443.95
-2772.31
-4214.66
-353.321
-2067.72
-378.717
-466.547
-582.689
-724.021
-937.651
-1175.06
-1568.11
-1844.66
-2541.08
-2684.29
-3797.52
-2952.36
-4299.62
-214.219
-441.674
-469.62
-626.452
-764.694
-917.294
-1135.25
-1372.71
-1782.93
-2079.96
-2827.88
-2935.63
-4096.65
-3160.95
-4710.18
-486.767
-1402.92
-599.689
-787.958
-938.809
-1108.42
-1368.96
-1672.55
-2159
-2512.84
-3325.51
-3433.47
-4633.99
-3725.02
-5252.37
-1201.48
-1755.91
-734.656
-936.852
-1102.06
-1316.88
-1641.85
-2011.01
-2556.86
-2959.7
-3827.14
-3976.77
-5224.79
-4434.51
-5948.14
-2242.16
-2802.76
-953.207
-1216.17
-1424.5
-1716.21
-2129.4
-2587.04
-3209.1
-3684.9
-4614.91
-4836.93
-6145.91
-5593.07
-6981.38
-4008.27
-4031.19
-1196.06
-1286.44
-1400.76
-1664.24
-2071.5
-2533.37
-3147.3
-3638.39
-4574.83
-4877.17
-6270.51
-6127.71
-7429.21
-5805.55
-5400.51
-1300.59
-1847.03
-2305.85
-2883.18
-3560.78
-4272.34
-5107.81
-5858.03
-7023.98
-7653.62
-9342.3
-9813.8
-11064.7
-12031.8
-8735.72
-2919.01
-2769.01
-2949.84
-3308.94
-3695.06
-4082.83
-4545.14
-4934.1
-5691.34
-6046.29
-7801.43
-8834.11
-12009.8
-17740
-4366.44
1421.24
3477.61
5262.44
5758.47
5894.04
5874.65
5650.89
5252.09
4353.91
3608.79
1526.88
1467.13
-869.897
-2064.05
-2609.02
-17023.3
-23123.7
-27148.9
-31709.9
-36325.7
-40789.6
-45051.4
-49036.4
-52976.2
-56472.7
-61272.7
-64128.9
-74895.5
-73851.2
-119957
)
;

boundaryField
{
    outletsourceFace
    {
        type            zeroGradient;
    }
    outletdestinationFace
    {
        type            zeroGradient;
    }
    outletFace
    {
        type            zeroGradient;
    }
    outletWall
    {
        type            fixedValue;
        value           uniform 0;
    }
    inletFace
    {
        type            zeroGradient;
    }
    inletWall
    {
        type            fixedValue;
        value           uniform 5;
    }
    inletsourceFace
    {
        type            zeroGradient;
    }
    inletdestinationFace
    {
        type            zeroGradient;
    }
}


// ************************************************************************* //
