/*--------------------------------*- C++ -*----------------------------------*\
| =========                 |                                                 |
| \\      /  F ield         | OpenFOAM: The Open Source CFD Toolbox           |
|  \\    /   O peration     | Version:  4.1                                   |
|   \\  /    A nd           | Web:      www.OpenFOAM.org                      |
|    \\/     M anipulation  |                                                 |
\*---------------------------------------------------------------------------*/
FoamFile
{
    version     2.0;
    format      ascii;
    class       volScalarField;
    location    "16";
    object      p;
}
// * * * * * * * * * * * * * * * * * * * * * * * * * * * * * * * * * * * * * //

dimensions      [0 2 -2 0 0 0 0];

internalField   nonuniform List<scalar> 
6750
(
-229.576
-102.328
-182.64
-167.339
-203.053
-211.592
-239.341
-267.804
-255.04
-302.308
-354.82
-344.961
-349.402
-219.405
-335
-229.188
-100.087
-181.92
-167.176
-202.445
-211.146
-236.614
-266.571
-253.396
-305.428
-357.095
-346.444
-349.776
-216.663
-335.061
-228.808
-98.4253
-181.455
-167.009
-201.708
-210.619
-233.549
-265.864
-252.83
-306.138
-356.801
-347.607
-351.228
-214.874
-335.501
-228.292
-96.2225
-180.771
-166.738
-200.679
-209.811
-228.502
-264.106
-251.004
-308.616
-355.824
-349.222
-353.6
-214.901
-335.662
-227.821
-94.2487
-180.225
-166.522
-199.693
-209.024
-223.592
-261.26
-248.152
-308.192
-353.727
-350.169
-356.509
-215.243
-336.206
-227.409
-92.4115
-179.697
-166.323
-198.838
-208.262
-220.249
-257.248
-244.034
-307.609
-352.016
-350.441
-358.989
-215.476
-336.55
-227.167
-91.1201
-179.324
-166.213
-198.431
-207.879
-220.301
-255.474
-240.585
-303.051
-353.43
-351.116
-360.013
-214.423
-336.864
-227.114
-90.7436
-179.139
-166.089
-198.07
-207.616
-218.494
-254.104
-239.692
-300.763
-353.031
-350.469
-362.089
-212.887
-337.143
-227.258
-91.296
-179.264
-166.079
-198.227
-207.6
-220.015
-254.488
-239.608
-300.988
-353.372
-351.043
-360.556
-214.095
-337
-227.561
-92.6783
-179.579
-166.077
-198.463
-207.72
-219.78
-255.935
-242.382
-307.306
-352.548
-350.373
-358.125
-215.251
-336.768
-228.015
-94.5722
-180.056
-166.18
-199.087
-208.191
-221.675
-258.641
-245.952
-307.257
-352.465
-349.838
-356.207
-215.061
-336.67
-228.513
-96.5732
-180.566
-166.324
-199.951
-208.808
-226.277
-261.538
-248.788
-308.373
-354.73
-348.975
-352.969
-214.643
-336.318
-229.047
-98.7846
-181.224
-166.545
-200.894
-209.498
-231.366
-263.159
-250.632
-305.499
-355.478
-347.405
-350.629
-214.588
-336.372
-229.435
-100.449
-181.673
-166.681
-201.597
-209.969
-234.653
-263.779
-251.123
-304.363
-356.372
-346.206
-349.266
-216.269
-336.136
-229.831
-102.682
-182.386
-166.829
-202.184
-210.377
-237.489
-264.858
-252.471
-300.686
-354.355
-344.754
-348.938
-218.948
-336.25
-320.204
-77.604
-192.726
-169.197
-201.028
-205.967
-221.152
-250.826
-227.04
-248.546
-298.227
-305.161
-316.911
-137.352
-444.656
-319.205
-75.868
-191.769
-168.507
-200.323
-205.277
-219.547
-246.754
-225.283
-253.257
-303.804
-307.615
-317.783
-135.019
-445.485
-318.42
-74.8603
-191.224
-168.061
-199.629
-204.537
-217.634
-242.858
-225.79
-257.469
-305.718
-309.592
-319.196
-132.988
-447.061
-317.414
-73.2057
-190.257
-167.43
-198.591
-203.437
-214.265
-236.033
-222.235
-264.823
-308.876
-312.701
-321.894
-132.221
-447.474
-316.596
-71.7346
-189.41
-166.969
-197.635
-202.346
-210.644
-228.661
-216.509
-267.101
-307.768
-314.531
-324.413
-131.477
-448.66
-315.939
-70.2074
-188.457
-166.549
-196.713
-201.306
-207.278
-222.223
-210.647
-266.381
-305.792
-315.132
-326.411
-130.779
-449.429
-315.658
-69.0293
-187.673
-166.319
-196.239
-200.705
-206.156
-220.129
-208.188
-263.008
-307.423
-314.289
-326.252
-129.78
-450.196
-315.653
-68.6606
-187.331
-166.161
-195.854
-200.353
-204.868
-218.754
-207.367
-261.208
-308.509
-313.058
-326.431
-128.534
-450.952
-315.778
-69.2399
-187.716
-166.185
-196.009
-200.407
-205.51
-219.392
-207.274
-260.868
-307.204
-313.639
-326.189
-129.84
-450.486
-316.162
-70.4881
-188.448
-166.313
-196.313
-200.763
-206.511
-221.253
-209.006
-265.525
-306.802
-315.049
-325.956
-131.277
-450.047
-316.886
-72.0638
-189.355
-166.646
-197.014
-201.491
-208.791
-225.485
-213.536
-266.119
-306.907
-314.901
-324.601
-132.033
-449.721
-317.756
-73.5393
-190.152
-167.042
-197.855
-202.396
-212.141
-232.314
-219.36
-265.916
-309.237
-313.184
-321.927
-132.758
-448.94
-318.8
-75.1838
-191.079
-167.63
-198.805
-203.37
-215.466
-239.408
-223.603
-258.41
-306.268
-310.258
-319.395
-133.52
-448.949
-319.608
-76.1758
-191.596
-168.048
-199.463
-204.047
-217.464
-243.512
-223.33
-253.308
-304.133
-307.749
-318.019
-135.388
-447.793
-320.631
-77.8885
-192.533
-168.724
-200.142
-204.684
-219.09
-247.499
-224.535
-247.846
-298.79
-305.138
-317.177
-137.673
-447.281
-483.932
-1.43305
-180.119
-171.112
-195.657
-197.258
-189.969
-184.982
-172.039
-189.075
-235.129
-250.911
-254.057
-32.2091
-560.944
-482.262
-0.14391
-179.017
-170.192
-194.713
-195.985
-187.907
-181.553
-171.764
-193.568
-240.934
-253.027
-254.051
-32.1875
-561.955
-481.053
0.124933
-178.61
-169.773
-193.95
-194.926
-185.506
-179.579
-173.634
-200.377
-242.999
-254.522
-253.24
-32.2484
-563.671
-479.341
0.89423
-177.62
-168.986
-192.718
-193.444
-181.282
-176.003
-172.73
-211.155
-247.575
-257.629
-253.748
-32.2248
-564.244
-477.887
1.24451
-176.824
-168.483
-191.668
-192.111
-176.907
-172.267
-170.842
-216.345
-246.867
-258.979
-253.769
-32.2607
-565.547
-476.582
1.69961
-175.783
-167.941
-190.651
-190.962
-174.065
-170.241
-168.861
-216.94
-245.456
-259.237
-253.831
-32.3308
-566.472
-475.946
2.08375
-174.828
-167.652
-190.17
-190.392
-173.917
-170.818
-167.904
-214.612
-246.687
-258.427
-253.49
-32.3681
-567.449
-475.979
2.34226
-174.347
-167.436
-189.773
-190.013
-172.821
-170.744
-167.6
-211.169
-245.171
-255.879
-252.449
-32.5303
-568.293
-476.338
2.22855
-174.91
-167.527
-190
-190.223
-173.604
-170.789
-167.209
-211.867
-245.121
-257.036
-253.59
-32.6449
-568.284
-477.214
1.89349
-175.798
-167.718
-190.37
-190.691
-174.103
-170.474
-168.075
-216.259
-246.826
-259.363
-254.188
-33.1238
-568.289
-478.641
1.41087
-176.796
-168.177
-191.193
-191.563
-175.648
-171.087
-169.423
-215.71
-245.864
-259.131
-254.275
-33.1064
-568.28
-480.178
1.04112
-177.532
-168.617
-192.152
-192.766
-179.693
-174.707
-171.701
-213.189
-248.447
-258.353
-254.344
-33.0562
-567.951
-481.939
0.250015
-178.483
-169.365
-193.326
-194.153
-184.112
-178.284
-172.815
-202.377
-243.984
-255.366
-253.904
-32.896
-568.302
-483.176
-0.031807
-178.861
-169.755
-194.071
-195.169
-186.742
-180.404
-171.112
-194.27
-241.568
-253.052
-254.767
-32.487
-567.473
-484.868
-1.3338
-179.948
-170.661
-195.004
-196.391
-188.894
-183.668
-170.857
-188.842
-236.149
-250.794
-254.885
-32.45
-567.12
-617.128
26.6775
-155.731
-182.937
-189.124
-196.994
-191.236
-181.509
-174.209
-169.863
-171.838
-175.564
-177.524
-6.60647
-614.874
-615.942
28.4325
-155.028
-181.434
-188.161
-196.033
-189.452
-180.248
-173.619
-170.619
-177.772
-178.568
-177.52
-9.53965
-617.138
-615.198
28.9197
-154.923
-180.719
-187.597
-195.421
-187.543
-180.15
-174.251
-173.854
-179.651
-179.687
-176.116
-12.101
-619.813
-613.995
29.7405
-154.192
-179.535
-186.457
-194.236
-183.866
-178.848
-172.829
-180.332
-184.973
-183.889
-176.61
-13.7276
-621.981
-613.008
29.6539
-153.613
-178.777
-185.564
-193.205
-179.544
-177.9
-169.14
-182.017
-185.086
-186.72
-176.911
-15.3662
-624.247
-612.027
29.3477
-152.692
-177.984
-184.634
-192.228
-176.562
-176.801
-167.088
-180.862
-184.502
-187.826
-176.721
-16.8442
-626.373
-611.492
28.746
-151.874
-177.557
-184.241
-191.819
-176.368
-176.607
-167.139
-179.247
-188.012
-188.386
-177.055
-17.6491
-628.088
-611.594
28.8297
-151.414
-177.243
-183.801
-191.426
-175.129
-176.747
-166.838
-174.876
-185.169
-185.496
-175.366
-18.553
-629.619
-612.087
29.5193
-151.964
-177.413
-184.032
-191.638
-176.085
-176.561
-166.819
-176.451
-185.932
-187.125
-176.653
-17.2147
-630.328
-612.847
30.2103
-152.77
-177.759
-184.331
-191.983
-176.781
-176.807
-167.352
-180.402
-187.067
-188.346
-177.51
-16.8487
-630.227
-613.948
30.4387
-153.657
-178.489
-185.063
-192.675
-178.368
-177.202
-167.92
-180.805
-184.608
-186.912
-177.557
-15.6052
-629.61
-615.007
30.4094
-154.182
-179.213
-185.893
-193.622
-182.613
-178.317
-171.974
-181.435
-187.102
-185.105
-177.862
-13.7976
-628.88
-616.268
29.4633
-154.877
-180.393
-187.012
-194.75
-186.555
-179.578
-174.089
-175.11
-181.38
-179.852
-177.199
-11.5863
-628.279
-617.046
28.8894
-154.943
-181.105
-187.581
-195.34
-188.676
-179.842
-173.521
-171.086
-179.482
-177.733
-178.224
-8.15278
-626.999
-618.266
27.0274
-155.639
-182.623
-188.562
-196.251
-190.538
-180.882
-173.829
-169.916
-173.158
-173.595
-178.463
-4.85088
-625.8
-748.23
-37.7159
-134.684
-217.106
-200.856
-205.099
-199.157
-190.264
-183.915
-164.292
-130.578
-96.7451
-139.927
-26.3987
-678.133
-747.419
-35.8197
-134.304
-215.66
-199.497
-203.755
-197.568
-188.497
-184.035
-164.757
-136.526
-101.719
-139.546
-28.9288
-682.583
-746.931
-35.0741
-134.44
-214.924
-198.753
-202.966
-196.359
-187.909
-185.247
-165.268
-138.087
-102.071
-137.914
-29.9804
-687.541
-746.117
-33.7886
-134.103
-213.637
-197.381
-201.533
-193.929
-186.269
-185.513
-165.327
-139.865
-111.428
-140.802
-32.047
-692.282
-745.502
-33.3346
-134.013
-212.76
-196.342
-200.369
-191.221
-184.667
-183.903
-161.393
-138.023
-117.47
-143.32
-33.9279
-696.206
-744.829
-33.0608
-133.65
-211.793
-195.225
-199.284
-189.05
-184.202
-182.526
-158.616
-135.569
-121.016
-144.064
-35.3584
-700.33
-744.516
-33.2048
-133.449
-211.27
-194.66
-198.8
-188.737
-185.344
-182.512
-160.559
-142.925
-124.901
-143.631
-35.4248
-703.437
-744.759
-32.9081
-133.204
-210.963
-194.242
-198.415
-187.956
-185.848
-182.217
-160.54
-143.172
-113.068
-139.936
-34.3592
-706.309
-745.264
-32.4174
-133.43
-211.256
-194.586
-198.699
-188.592
-185.496
-182.19
-161.253
-142.466
-119.054
-141.127
-32.6823
-708.001
-745.825
-32.1829
-133.675
-211.767
-195.129
-199.177
-189.187
-184.81
-182.553
-159.825
-140.87
-123.079
-143.752
-33.443
-707.813
-746.592
-32.5986
-134.04
-212.718
-196.153
-200.054
-190.484
-184.007
-182.95
-159.451
-136.89
-116.627
-144.1
-32.283
-705.786
-747.297
-33.1939
-134.113
-213.595
-197.185
-201.197
-193.32
-185.837
-185.226
-164.439
-143.099
-113.316
-142.959
-30.2383
-704.328
-748.182
-34.6307
-134.456
-214.91
-198.585
-202.652
-195.961
-187.754
-185.496
-165.371
-141.118
-102.793
-139.85
-27.2734
-701.758
-748.72
-35.4706
-134.297
-215.653
-199.35
-203.461
-197.359
-188.571
-184.537
-164.697
-141.182
-98.2135
-139.58
-24.613
-698.747
-749.584
-37.5039
-134.709
-217.143
-200.772
-204.821
-199.081
-190.232
-184.54
-164.726
-136.732
-91.6623
-139.735
-21.4103
-695.68
-881.903
-107.727
-134.734
-252.251
-218.064
-222.841
-221.193
-200.042
-190.446
-136.835
-104.618
-35.971
-147.41
-15.7521
-762.113
-881.351
-106.515
-134.302
-251.323
-217.15
-221.835
-219.983
-198.602
-190.903
-136.454
-110.533
-50.5543
-146.433
-18.3929
-770.306
-881.068
-106.079
-134.303
-250.917
-216.795
-221.295
-219.084
-197.614
-190.542
-134.176
-117.713
-56.2017
-141.186
-17.0928
-780.263
-880.534
-105.135
-133.944
-250.052
-215.934
-220.222
-217.416
-195.731
-187.125
-127.809
-116.127
-69.695
-149.168
-20.8567
-787.468
-880.138
-104.733
-133.892
-249.542
-215.431
-219.459
-215.865
-194.035
-181.28
-123.048
-108.343
-76.8246
-157.179
-23.1564
-791.926
-879.697
-104.189
-133.66
-248.884
-214.782
-218.685
-214.693
-193.62
-181.068
-120.912
-108.264
-81.308
-157.849
-24.7582
-799.156
-879.7
-103.811
-133.632
-248.598
-214.543
-218.401
-214.594
-194.734
-185.963
-122.725
-119.15
-85.9415
-164.58
-24.6962
-801.002
-880.045
-103.411
-133.51
-248.41
-214.331
-218.193
-214.509
-195.416
-188.332
-126.157
-123.166
-85.1159
-151.279
-20.6284
-808.626
-880.503
-103.339
-133.607
-248.67
-214.6
-218.505
-214.936
-195.221
-188.091
-125.367
-120.729
-82.381
-155.717
-18.0097
-815.048
-880.937
-103.476
-133.677
-248.996
-214.887
-218.863
-215.282
-194.375
-184.421
-121.214
-114.354
-87.5473
-157.967
-18.9015
-818.667
-881.499
-104.07
-133.961
-249.691
-215.566
-219.619
-216.239
-194.135
-181.675
-121.312
-108.16
-76.9238
-157.765
-17.9875
-813.241
-881.967
-104.609
-134.052
-250.24
-216.12
-220.419
-217.925
-195.847
-187.386
-124.837
-118.47
-76.2024
-155.648
-16.749
-811.081
-882.597
-105.695
-134.454
-251.178
-217.081
-221.59
-219.848
-198.013
-192.454
-132.14
-124.206
-59.9422
-146.721
-11.8943
-807.839
-882.932
-106.212
-134.457
-251.615
-217.487
-222.183
-220.966
-199.297
-194.197
-136.341
-121.32
-54.63
-145.596
-11.3192
-799.183
-883.556
-107.569
-134.952
-252.64
-218.542
-223.326
-222.476
-200.987
-194.664
-138.079
-117.118
-40.272
-145.97
-8.22715
-792.525
-1015.54
-162.705
-146.836
-287.437
-242.57
-242.416
-244.649
-210.216
-205.739
-123.032
-146.623
-28.0345
-204.372
20.743
-880.602
-1015.1
-161.943
-146.503
-286.855
-241.887
-241.728
-243.826
-209.08
-204.933
-122.335
-147.198
-36.4841
-205.372
20.4133
-893.817
-1014.92
-161.715
-146.474
-286.609
-241.618
-241.359
-243.194
-207.964
-203.678
-119.493
-152.695
-48.8734
-199.721
18.9962
-909.54
-1014.46
-161.155
-146.211
-286.035
-240.975
-240.621
-242.075
-206.176
-200.053
-111.915
-140.669
-55.1532
-211.786
15.4032
-924.13
-1014.22
-160.874
-146.157
-285.729
-240.659
-240.182
-241.212
-204.866
-196.191
-107.018
-126.149
-49.4633
-220.155
13.8933
-929.741
-1014.16
-160.297
-145.913
-285.271
-240.211
-239.693
-240.57
-204.389
-195.75
-106.744
-120.268
-52.8855
-223.629
14.0772
-947.908
-1014.34
-159.96
-145.889
-285.114
-240.116
-239.607
-240.636
-205.154
-199.219
-114.144
-128.489
-61.5776
-231.179
19.6363
-956.605
-1014.59
-159.716
-145.832
-285.009
-240.004
-239.514
-240.677
-205.544
-200.693
-119.495
-139.32
-61.3868
-213.159
27.8064
-974.448
-1014.97
-159.755
-145.942
-285.262
-240.265
-239.822
-241.12
-205.667
-201.109
-118.256
-138.591
-60.1882
-207.414
33.3473
-986.991
-1015.33
-159.859
-146.008
-285.513
-240.492
-240.082
-241.442
-205.146
-198.56
-109.386
-123.534
-60.4085
-222.041
25.7918
-988.834
-1015.81
-160.29
-146.268
-286.063
-241.083
-240.73
-242.304
-205.506
-197.814
-106.026
-125.695
-49.4122
-221.797
24.1539
-971.245
-1016.19
-160.618
-146.369
-286.45
-241.526
-241.31
-243.48
-206.935
-202.104
-109.722
-139.595
-56.49
-223.532
24.5718
-967.97
-1016.73
-161.362
-146.724
-287.151
-242.361
-242.279
-245.066
-209.178
-207.346
-117.96
-160.082
-54.766
-213.002
26.9388
-957.714
-1016.99
-161.679
-146.764
-287.451
-242.729
-242.768
-246.024
-210.753
-210.123
-123.8
-161.031
-44.8389
-218.363
31.5563
-943.1
-1017.52
-162.6
-147.184
-288.18
-243.646
-243.748
-247.384
-212.539
-212.366
-126.182
-162.793
-32.2041
-218.14
31.6023
-931.545
-1154.59
-214.631
-162.506
-323.805
-276.017
-272.732
-282.293
-239.751
-255.083
-150.889
-243.432
-47.1047
-401.067
71.0123
-1027.37
-1154.26
-214.111
-162.266
-323.419
-275.495
-272.171
-281.459
-238.524
-252.803
-148.104
-237.958
-48.2299
-389.455
62.712
-1058.85
-1154.09
-213.993
-162.258
-323.271
-275.276
-271.849
-280.845
-237.419
-250.698
-144.34
-232.548
-59.4434
-331.302
77.8851
-1136.25
-1153.82
-213.512
-162.038
-322.878
-274.77
-271.257
-279.889
-235.846
-247.045
-136.41
-215.294
-60.4143
-330.322
80.9998
-1158.9
-1153.85
-213.198
-161.971
-322.703
-274.536
-270.92
-279.257
-234.744
-244.538
-130.509
-205.711
-52.0166
-346.009
73.6816
-1148.74
-1153.9
-212.774
-161.787
-322.417
-274.192
-270.533
-278.731
-234.213
-243.404
-130.507
-201.352
-49.7087
-343.193
62.0447
-1172.05
-1154.11
-212.576
-161.781
-322.37
-274.145
-270.49
-278.779
-234.579
-245.297
-137.063
-218.627
-50.9804
-409.918
38.8593
-1109.64
-1154.33
-212.399
-161.757
-322.335
-274.091
-270.464
-278.867
-234.768
-245.805
-139.461
-220.784
-48.8832
-397.552
56.613
-1171.39
-1154.67
-212.458
-161.873
-322.571
-274.387
-270.824
-279.453
-235.197
-246.823
-139.418
-221.531
-53.0795
-377.434
62.7264
-1227.69
-1154.99
-212.529
-161.931
-322.766
-274.646
-271.154
-280.034
-235.335
-246.41
-133.764
-206.121
-51.4797
-329.12
87.4428
-1286.8
-1155.42
-212.871
-162.151
-323.211
-275.238
-271.85
-281.135
-236.137
-247.815
-130.307
-206.202
-52.6052
-346.141
98.968
-1249.8
-1155.74
-213.115
-162.232
-323.505
-275.674
-272.436
-282.34
-237.627
-251.672
-135.628
-218.584
-60.0989
-354.125
99.9404
-1249.44
-1156.19
-213.697
-162.525
-324.066
-276.461
-273.393
-284.014
-239.942
-257.183
-145.153
-242.512
-66.7535
-350.709
94.1465
-1238.17
-1156.41
-213.943
-162.559
-324.295
-276.826
-273.897
-285.083
-241.567
-260.994
-151.177
-256.207
-53.0297
-427.768
76.4291
-1145.05
-1156.84
-214.661
-162.907
-324.874
-277.671
-274.89
-286.715
-243.78
-265.379
-155.908
-266.942
-49.6921
-444.725
87.1286
-1114.54
-1293.39
-268.412
-180.809
-363.283
-314.135
-308.397
-330.487
-282.669
-329.381
-198.645
-379.266
-64.6244
-649.931
114.109
-1308.49
-1293.27
-267.99
-180.609
-363.005
-313.738
-308.015
-329.735
-281.675
-326.761
-195.876
-368.247
-64.2742
-562.8
128.284
-1409.11
-1293.32
-267.789
-180.577
-362.91
-313.575
-307.803
-329.205
-280.894
-324.84
-193.638
-360.797
-68.4528
-515.728
155.865
-1489.05
-1293.27
-267.381
-180.402
-362.638
-313.188
-307.397
-328.424
-279.806
-322.226
-189.612
-353.698
-72.6369
-571.706
116.243
-1452.99
-1293.38
-267.165
-180.355
-362.55
-313.037
-307.196
-327.935
-279.039
-320.505
-186.097
-348.967
-68.0654
-614.811
92.3409
-1392.43
-1293.46
-266.884
-180.242
-362.386
-312.794
-306.943
-327.512
-278.593
-319.302
-185.837
-344.378
-66.6938
-548.73
107.996
-1494.73
-1293.67
-266.773
-180.259
-362.421
-312.807
-306.963
-327.564
-278.66
-320.108
-187.826
-356.317
-62.4119
-635.453
84.6975
-1402.8
-1293.87
-266.665
-180.248
-362.438
-312.813
-306.997
-327.745
-278.776
-320.445
-188.056
-353.963
-60.4618
-602.727
122.58
-1498.5
-1294.17
-266.754
-180.357
-362.665
-313.127
-307.368
-328.438
-279.288
-321.853
-188.347
-356.605
-58.8139
-614.713
107.132
-1554.25
-1294.43
-266.845
-180.411
-362.837
-313.401
-307.703
-329.237
-279.831
-323.206
-187.532
-350.311
-64.344
-516.819
127.157
-1683.43
-1294.78
-267.156
-180.602
-363.224
-313.98
-308.363
-330.519
-280.85
-325.843
-186.332
-353.647
-65.7793
-622.265
122.711
-1531.58
-1295.04
-267.381
-180.674
-363.469
-314.406
-308.885
-331.824
-282.219
-329.995
-190.233
-367.763
-68.8951
-627.057
117.089
-1539.66
-1295.38
-267.869
-180.929
-363.958
-315.163
-309.765
-333.596
-284.337
-335.303
-196.473
-383.931
-72.2527
-576.69
176.349
-1611.78
-1295.55
-268.089
-180.963
-364.15
-315.517
-310.207
-334.725
-285.698
-339.278
-199.982
-398.86
-62.8532
-632.371
149.866
-1535.71
-1295.87
-268.67
-181.27
-364.662
-316.329
-311.146
-336.557
-288.002
-345.032
-205.266
-420.97
-64.2879
-745.522
149.275
-1443.24
-1431.51
-324.858
-201.444
-405.912
-356.073
-345.588
-382.174
-326.205
-412.291
-243.61
-516.837
-68.0111
-746.562
266.482
-1883.01
-1431.44
-324.584
-201.279
-405.703
-355.699
-345.288
-381.3
-325.419
-409.638
-241.651
-514.002
-67.6029
-762.651
260.848
-1938.63
-1431.47
-324.44
-201.231
-405.631
-355.531
-345.129
-380.709
-324.889
-407.676
-240.631
-511.197
-70.9845
-814.412
229.387
-1943.68
-1431.45
-324.169
-201.083
-405.428
-355.17
-344.815
-379.846
-324.102
-404.869
-238.247
-504.186
-66.5382
-826.979
189.799
-1942.38
-1431.54
-324.022
-201.038
-405.376
-355.024
-344.694
-379.312
-323.612
-402.875
-236.488
-499.8
-62.6042
-854.624
167.119
-1901.15
-1431.63
-323.819
-200.949
-405.274
-354.815
-344.529
-378.882
-323.314
-401.26
-236.501
-491.479
-68.634
-775.714
157.077
-2023.45
-1431.8
-323.753
-200.96
-405.341
-354.864
-344.613
-378.953
-323.345
-401.361
-236.58
-494.645
-66.7824
-822.851
141.881
-1904.97
-1431.98
-323.689
-200.943
-405.381
-354.922
-344.703
-379.285
-323.558
-402.162
-237.171
-495.232
-72.8344
-808.199
162.117
-2065.75
-1432.23
-323.783
-201.031
-405.6
-355.269
-345.092
-380.153
-324.172
-404.075
-237.787
-498.282
-70.3078
-808.28
131.996
-2178.4
-1432.45
-323.878
-201.079
-405.77
-355.6
-345.44
-381.269
-324.888
-407.113
-238.673
-500.153
-71.332
-723.732
184.643
-2350.01
-1432.73
-324.143
-201.247
-406.13
-356.233
-346.104
-382.91
-326.069
-411.538
-238.944
-515.798
-67.1924
-897.433
166.878
-2160.06
-1432.94
-324.344
-201.32
-406.363
-356.726
-346.615
-384.555
-327.312
-416.903
-240.919
-529.739
-63.2719
-877.045
190.484
-2131.25
-1433.22
-324.743
-201.554
-406.817
-357.552
-347.506
-386.741
-329.413
-423.416
-245.925
-548.722
-77.8792
-912.535
231.283
-2106
-1433.35
-324.935
-201.6
-407.001
-357.961
-347.939
-388.116
-330.61
-428.022
-248.051
-560.684
-73.833
-876.869
261.006
-2121.4
-1433.59
-325.4
-201.888
-407.483
-358.852
-348.925
-390.404
-333.064
-434.84
-253.303
-576.971
-75.3185
-904.209
254.233
-2002.84
-1567.39
-383.775
-224.222
-451.884
-403.9
-387.403
-442.368
-372.454
-514.044
-291.661
-737.921
-100.424
-1329.17
414.489
-2536.08
-1567.34
-383.616
-224.068
-451.701
-403.422
-387.036
-440.747
-371.348
-507.187
-287.714
-708.494
-89.929
-1226.5
367.75
-2576.8
-1567.34
-383.532
-223.992
-451.615
-403.161
-386.835
-439.722
-370.74
-503.072
-286.057
-692.867
-83.8866
-1180.78
342.663
-2655.52
-1567.32
-383.362
-223.848
-451.43
-402.696
-386.47
-438.225
-369.79
-497.159
-283.239
-670.599
-75.3355
-1148.63
252.823
-2789.74
-1567.37
-383.265
-223.78
-451.367
-402.45
-386.315
-437.245
-369.308
-493.07
-282.223
-655.847
-78.0356
-1100.28
254.828
-2850.87
-1567.44
-383.132
-223.681
-451.271
-402.18
-386.12
-436.472
-368.895
-489.851
-281.587
-639.589
-83.1775
-973.351
237.887
-3083.32
-1567.58
-383.098
-223.665
-451.321
-402.184
-386.178
-436.358
-368.845
-488.895
-280.829
-640.045
-75.028
-1058.78
213.129
-2906.81
-1567.72
-383.072
-223.635
-451.358
-402.244
-386.24
-436.709
-368.886
-489.784
-280.241
-639.774
-76.8125
-1034.61
168.834
-3103.16
-1567.93
-383.166
-223.701
-451.554
-402.61
-386.602
-437.738
-369.427
-491.959
-280.48
-637.675
-75.3178
-888.716
261.305
-3584.26
-1568.13
-383.267
-223.747
-451.72
-403.017
-386.936
-439.269
-369.971
-497.054
-278.963
-648.982
-46.6518
-905.761
446.754
-3522.01
-1568.36
-383.498
-223.903
-452.059
-403.75
-387.621
-441.522
-371.304
-504.425
-281.387
-681.066
-77.4199
-1116.55
254.525
-3415.39
-1568.55
-383.688
-223.99
-452.294
-404.374
-388.151
-443.863
-372.512
-513.341
-282.547
-715.233
-54.5879
-1291.9
261.261
-3174.56
-1568.78
-384.027
-224.221
-452.733
-405.361
-389.129
-446.974
-374.882
-523.87
-287.765
-746.956
-63.6403
-1305.69
393.625
-3056.45
-1568.9
-384.205
-224.288
-452.925
-405.89
-389.598
-448.939
-376.159
-531.217
-290.446
-773.137
-71.0371
-1387.75
449.714
-2942.14
-1569.1
-384.595
-224.577
-453.401
-406.969
-390.741
-452.323
-379.22
-543.441
-298.421
-817.767
-85.2067
-1525.12
516.264
-2877.64
-1700.8
-447.714
-248.772
-500.508
-455.981
-431.219
-505.818
-415.019
-614.912
-318.411
-928.225
-47.327
-1732.64
696.231
-3526.39
-1700.7
-447.601
-248.587
-500.286
-455.272
-430.659
-503.035
-413.322
-603.573
-313.611
-884.451
-48.4037
-1570.16
511.29
-3735.66
-1700.6
-447.57
-248.47
-500.148
-454.844
-430.348
-501.338
-412.608
-596.855
-312.899
-867.732
-59.897
-1665.04
349.938
-3965
-1700.43
-447.477
-248.276
-499.909
-454.16
-429.815
-498.824
-411.275
-586.946
-309.848
-826.245
-60.5342
-1286.43
393.05
-4535.43
-1700.32
-447.416
-248.143
-499.773
-453.731
-429.544
-497.137
-410.743
-579.015
-309.524
-783.015
-73.5229
-1109.28
584.475
-4607.09
-1700.27
-447.312
-247.986
-499.62
-453.316
-429.235
-495.818
-410.148
-573.66
-308.067
-754.041
-54.1605
-990.62
582.928
-4726.73
-1700.29
-447.269
-247.905
-499.599
-453.216
-429.217
-495.51
-410.188
-572.593
-309.31
-762.857
-66.4594
-1076.81
415.053
-4648.82
-1700.33
-447.232
-247.829
-499.591
-453.242
-429.218
-495.903
-410.127
-574.028
-307.989
-766.5
-51.1038
-1218
227.257
-4411.1
-1700.43
-447.281
-247.845
-499.732
-453.617
-429.544
-497.201
-410.635
-576.966
-307.754
-763.231
-43.2902
-1108
489.489
-5250.12
-1700.54
-447.342
-247.864
-499.869
-454.106
-429.867
-499.263
-411.043
-584.005
-304.427
-772.523
-0.504832
-977.799
758.688
-5425.03
-1700.69
-447.505
-247.989
-500.173
-454.971
-430.591
-502.327
-412.324
-593.425
-303.211
-786.678
-14.1323
-1179.87
755.039
-5143.51
-1700.81
-447.643
-248.071
-500.401
-455.771
-431.178
-505.705
-413.661
-608.567
-305.356
-878.336
-10.5109
-1523.5
369.74
-5205.59
-1700.98
-447.899
-248.289
-500.825
-456.993
-432.311
-510.28
-416.622
-626.354
-312.332
-955.189
-23.6371
-1971.78
327.427
-4595.5
-1701.07
-448.034
-248.364
-501.023
-457.69
-432.861
-513.168
-418.109
-637.801
-315.166
-985.817
-22.7901
-1838.39
545.743
-4380.41
-1701.24
-448.344
-248.647
-501.499
-459.042
-434.248
-518.193
-422.188
-657.303
-326.293
-1058.18
-40.7257
-2056.73
720.642
-4102.38
-1823.74
-517.733
-276.548
-552.174
-517.588
-483.699
-584.773
-462.836
-739.554
-331.596
-1181.12
3.07992
-2393.07
803.721
-5544.12
-1823.66
-517.6
-276.315
-551.894
-516.558
-482.927
-580.337
-460.444
-719.141
-324.568
-1087.81
8.06355
-2197.27
524.485
-5836.01
-1823.58
-517.522
-276.146
-551.687
-515.896
-482.5
-577.661
-459.575
-707.16
-322.489
-1031.41
-13.8195
-1793.07
848.017
-6354.59
-1823.43
-517.432
-275.892
-551.367
-514.891
-481.753
-573.649
-457.625
-688.847
-315.226
-933.322
21.5287
-1361.17
1126.9
-6748.5
-1823.26
-517.419
-275.694
-551.128
-514.191
-481.322
-571.028
-457.012
-676.786
-313.252
-863.228
37.1167
-1225.01
1253.6
-6808.06
-1823.05
-517.421
-275.481
-550.877
-513.54
-480.833
-569.054
-456.368
-671.139
-314.262
-858.1
52.307
-1210
1004.66
-7167.78
-1822.86
-517.457
-275.334
-550.744
-513.249
-480.665
-568.487
-456.711
-671.976
-321.386
-905.509
8.69392
-1492.61
380.375
-7041.73
-1822.75
-517.472
-275.207
-550.638
-513.148
-480.503
-568.802
-456.666
-675.083
-323.339
-926.151
1.94399
-1623.16
199.583
-6034.57
-1822.75
-517.539
-275.167
-550.671
-513.439
-480.659
-570.217
-456.939
-679.23
-322.499
-930.327
8.96816
-1630.87
304.792
-6657.01
-1822.79
-517.626
-275.149
-550.723
-513.913
-480.808
-572.562
-456.863
-687.488
-318.039
-937.05
37.1725
-1478.37
368.002
-8022.91
-1822.87
-517.794
-275.24
-550.936
-514.821
-481.369
-576.174
-457.321
-697.097
-307.668
-914.141
91.8893
-1355.81
1247.16
-7890.71
-1822.95
-517.946
-275.313
-551.101
-515.718
-481.798
-580.363
-457.89
-716.144
-305.026
-1010.04
113.689
-1603.13
1300.19
-7553.19
-1823.07
-518.19
-275.529
-551.463
-517.128
-482.865
-586.459
-460.659
-743.289
-311.624
-1150.26
89.0999
-2282.71
931.997
-7371.62
-1823.14
-518.327
-275.616
-551.628
-517.961
-483.321
-590.372
-461.692
-761.971
-313.094
-1247.11
113.125
-2914.78
828.874
-6710.6
-1823.27
-518.608
-275.919
-552.075
-519.576
-484.756
-597.291
-466.028
-792.026
-323.891
-1357.74
115.215
-2806.75
1501.29
-6300.26
-1940.34
-598.052
-307.791
-608.438
-583.222
-536.414
-663.345
-509.395
-866.703
-348.495
-1437.78
82.0267
-2729.75
1566.22
-7582.69
-1940.21
-597.772
-307.401
-607.974
-581.696
-535.182
-657.078
-506.103
-841.51
-343.035
-1347.7
68.0133
-2496.8
1564.41
-8184.83
-1940.07
-597.535
-307.113
-607.613
-580.633
-534.43
-652.542
-504.668
-815.752
-340.662
-1173.6
-29.1129
-2067.51
1962.61
-8377.75
-1939.85
-597.226
-306.686
-607.075
-579.14
-533.264
-647.009
-502.442
-794.395
-341.223
-1098.28
-23.1165
-1625.44
2020.15
-8929.49
-1939.61
-596.963
-306.319
-606.619
-578.038
-532.518
-643.456
-501.854
-782.757
-342.282
-1078.78
-5.67685
-1855
1274.91
-9458.35
-1939.33
-596.722
-305.941
-606.141
-577.029
-531.719
-640.825
-501.175
-778.868
-345.495
-1108.81
4.03069
-2085.2
450.454
-9244.93
-1939.03
-596.561
-305.644
-605.787
-576.439
-531.307
-639.898
-501.693
-780.912
-353.616
-1151.5
-29.569
-2299.68
218.272
-8260.86
-1938.7
-596.467
-305.386
-605.49
-576.1
-530.921
-639.962
-501.715
-784.616
-357.435
-1169.08
-47.9978
-2279.28
286.597
-7116.74
-1938.37
-596.481
-305.221
-605.348
-576.212
-530.882
-641.39
-501.995
-790.298
-357.202
-1181.15
-40.0313
-2317.39
291.997
-7601.85
-1938.03
-596.554
-305.104
-605.257
-576.588
-530.867
-643.882
-501.842
-799.812
-354.386
-1200.6
-17.5623
-2354.55
41.0768
-9504.33
-1937.73
-596.7
-305.108
-605.335
-577.477
-531.306
-648.051
-502.185
-812.147
-345.157
-1191.16
37.7891
-2273.55
305.924
-10887.2
-1937.44
-596.831
-305.123
-605.407
-578.442
-531.658
-653.086
-502.545
-834.383
-341.443
-1261.04
40.7437
-1986.02
1375.35
-11010.4
-1937.25
-596.995
-305.276
-605.676
-580.006
-532.729
-660.587
-505.207
-867.381
-342.085
-1402.46
18.5672
-2569.8
1888.57
-10358.8
-1937.1
-597.047
-305.341
-605.802
-581.01
-533.211
-666.172
-506.337
-900.31
-341.624
-1601.84
134.294
-3441.45
1030.78
-10589.8
-1937.11
-597.174
-305.586
-606.183
-582.874
-534.764
-675.141
-511.309
-942.442
-354.977
-1813.72
84.2228
-4497.17
1317.5
-9460.21
-2010.11
-703.278
-348.376
-655.986
-673.991
-608.768
-784.273
-564.664
-1055.37
-292.302
-1723.73
405.105
-2887.33
4055.55
-11031.4
-2009.99
-702.994
-347.881
-655.487
-672.117
-607.911
-777.609
-564.693
-1034.49
-299.794
-1713.04
210.6
-3395.9
3098.82
-10804.1
-2009.84
-702.72
-347.488
-655.078
-670.716
-607.581
-771.854
-567.396
-996.659
-311.624
-1354.51
70.1613
-3547.09
2910.74
-10864.3
-2009.64
-702.375
-346.927
-654.441
-668.755
-606.677
-765.203
-569.052
-971.313
-338.901
-1260.95
143.172
-2416.36
1837.56
-12168
-2009.39
-702.044
-346.401
-653.824
-667.144
-605.963
-760.563
-570.867
-961.922
-360.035
-1374.19
139.475
-2963.91
42.304
-12449.9
-2009.11
-701.737
-345.856
-653.131
-665.591
-604.946
-756.916
-571.029
-960.029
-369.826
-1452.14
126.275
-3059.46
562.664
-10847.3
-2008.8
-701.496
-345.367
-652.496
-664.414
-604.117
-754.674
-571.164
-959.978
-377.845
-1482.81
96.4531
-3142.25
820.685
-9255.96
-2008.48
-701.329
-344.926
-651.874
-663.501
-603.181
-753.467
-570.463
-961.95
-382.631
-1502.5
74.0302
-3156.86
968.384
-8631.6
-2008.17
-701.262
-344.575
-651.366
-663.031
-602.448
-753.557
-569.379
-964.057
-380.81
-1501.1
76.3705
-3206.62
1017.56
-9466.91
-2007.88
-701.256
-344.285
-650.907
-662.869
-601.629
-754.775
-567.481
-969.964
-376.385
-1505.53
104.92
-3200.1
844.299
-11717.5
-2007.63
-701.294
-344.13
-650.601
-663.274
-601.099
-757.836
-565.028
-977.622
-362.293
-1465.08
124.224
-3241.73
-199.804
-15270.3
-2007.45
-701.302
-344.017
-650.313
-663.845
-600.338
-762.003
-560.939
-994.631
-342.519
-1422.05
105.524
-2643.32
1640.83
-16947.2
-2007.4
-701.351
-344.08
-650.221
-665.107
-600.092
-769.092
-556.772
-1026.12
-291.627
-1474.65
357.362
-3765.52
4351.05
-15341.5
-2007.41
-701.358
-344.081
-650.079
-665.943
-599.425
-775.206
-551.199
-1077.34
-260.694
-2004.01
574.291
-4955.13
4731.57
-14872.3
-2007.48
-701.48
-344.305
-650.173
-667.665
-599.709
-784.126
-549.251
-1118.17
-238.836
-2182.29
794.453
-5407.99
5791.6
-15413.5
-2214.3
-2990.36
-3647.61
-4449.55
-5391.88
-6477.21
-7878.92
-9481.31
-11795.7
-14418.4
-19786.9
-20512.8
-41187.9
-35129.7
-119405
-785.321
-887.019
-908.695
-1053.58
-1231.24
-1474.56
-1846.79
-2308.52
-3136.63
-4024.41
-6402.09
-9057.34
-11152.2
-20816.2
-13733.4
-434.08
-532.401
-615.794
-780.971
-952.677
-1196.15
-1511.98
-1974.91
-2614.05
-3671.11
-5066.91
-7958.25
-9921.34
-20039.9
-114.382
-737.412
-936.18
-1117.13
-1364.06
-1634.49
-1982.58
-2410.51
-2990.09
-3764.08
-4723.31
-6173.28
-7810.31
-9858.93
-12317.1
-9579.34
-759.825
-933.752
-1086.66
-1296.4
-1531.51
-1829.25
-2201.36
-2736.07
-3435.08
-4315.25
-5626.08
-7457.55
-8765.54
-14431.6
-6427.65
-672.862
-847.51
-1017.99
-1228.39
-1452.69
-1724.69
-2067.12
-2558.76
-3164.68
-3645.11
-4835.39
-5534.16
-7258.84
-3971.23
-2608.54
-878.3
-1078.54
-1253.1
-1441.19
-1659.21
-1907.02
-2247.66
-2841.69
-3289.65
-4124.55
-5796.16
-6819.93
-8396.51
-3765.54
-8469.22
-612.346
-819.894
-1042.95
-1228.57
-1383.12
-1588.77
-1921.5
-2442.86
-2937.1
-4360.96
-5631.88
-5480.38
-6226.28
-2061.02
-4086.7
-1254.71
-1480.22
-1621.92
-1670.39
-1859.57
-1939.66
-2327.92
-3199.61
-4275.16
-6600.11
-7900.55
-8166.28
-9614.82
-2106.61
-23761
-345.498
-662.739
-1142.57
-1308.44
-1319.43
-1735.42
-2301.79
-3062.76
-4126.05
-5325.32
-3770.84
-4912.11
-2456.5
-10747.8
-12961.5
-2583.13
-2765.12
-2625.32
-2242.42
-2861.86
-4177.37
-5609.68
-5944.8
-6911.05
-9858.13
-11350.2
-13499.8
-11901.9
-18118.4
-16276.4
84.5717
-512.721
-1852.35
-1800.63
-1235.47
-325.851
-1733.82
-4061.67
-2989.42
-2888.98
-2349.12
-8164.83
-7871
-16967.3
-10242.4
-6827.85
-7918.92
-7738.74
-3153.53
-11855.1
-20857
-15461.8
-9769.21
-10107.9
-18312.8
-27422.8
-27895.8
-23959.2
-18619.3
-27257.9
5836.55
2781
3850.71
5203.59
8753.33
10.7535
-2679.93
528.583
7192.33
3200.17
-6175.84
-9700.83
996.973
-13328.6
-5436.19
-11754
-14109.9
-21146.6
-32337.9
-29482.9
-28379.3
-42835.5
-63344.8
-59221.2
-61147.5
-48758.7
-44995.1
-44589.4
-53603.4
-42203.7
-2214
-2989.98
-3646.48
-4448.06
-5388.8
-6472.87
-7870.27
-9468.16
-11770.7
-14391
-19733.6
-20494.2
-40910.4
-34957.1
-116202
-784.66
-886.027
-906.407
-1050.22
-1224.77
-1465.05
-1830.76
-2286.35
-3099.9
-3972.49
-6310.38
-8940.37
-11087.5
-20251.5
-14000.1
-433.183
-531.014
-613.484
-777.304
-946.669
-1186.89
-1497.39
-1953.65
-2578.59
-3613.9
-4973.8
-7803.21
-9754.18
-19689.6
-1524.97
-736.421
-934.324
-1113.68
-1358.31
-1624.96
-1967.34
-2386.7
-2957.38
-3710.89
-4635.66
-6018.29
-7546.11
-9459.12
-12146.5
-9307.66
-756.624
-929.326
-1079.69
-1285.43
-1513.05
-1799.63
-2155.36
-2670.45
-3321.93
-4110.32
-5198.87
-6910.17
-8155.02
-14932.5
-2404.79
-670.298
-843.081
-1009.07
-1213.28
-1427.61
-1683.3
-2007.83
-2493.83
-3038.35
-3354.22
-4404.56
-5115.41
-6813.36
-3012.49
3071.57
-865.795
-1065.38
-1233.54
-1411.34
-1604.43
-1822.6
-2137.57
-2699.46
-2945.51
-3553.7
-5006.92
-6410.14
-8131.1
-3396.05
-16791.4
-605.921
-812.87
-1018.63
-1185.13
-1306.16
-1442.46
-1737.45
-2319.85
-2520.76
-3830.67
-5568.69
-5876
-6399.35
-3207.81
-13551.3
-1208.15
-1447.09
-1564.31
-1581.96
-1634.93
-1627.22
-2182.57
-2899.91
-3823.96
-6639.44
-8087.07
-8066.01
-8744.96
-3193.02
-35221.7
-333.485
-676.229
-1067.2
-1186.74
-1102.47
-1376.68
-2181.7
-2821.44
-4478.14
-5986.56
-4235.1
-4217.64
-848.133
-10051.4
-17072.8
-2436.18
-2628.86
-2522.34
-2254.07
-2552.97
-3627.63
-4991.75
-5590.72
-7233.38
-9681.74
-10244.4
-12119.3
-10216.3
-17669.4
-17556.2
-113.806
-594.205
-1870.13
-2084.26
-1655.77
-338.055
-683.438
-4031.57
-3839.81
-3357.68
-2209.99
-7010.03
-6856.61
-17717.9
-10837.2
-7334.37
-7449.09
-8017.98
-3441.06
-11367.1
-19094.4
-14465.6
-11164.9
-9586.99
-15423.5
-25613.9
-27395.6
-24072.1
-28433.3
-19320.7
3674.52
1563.47
1186.39
3480.5
6587.47
1840.4
-65.4251
-1925.72
5010.96
4218.92
-5831.28
-9148.16
-240.977
-16200.6
-6052.66
-12112.9
-13709.4
-20122.4
-31084
-31029.4
-26820.5
-37590.7
-53665
-58995.7
-61209.1
-51308.2
-47072.7
-43034.7
-42877.7
-32888.7
-2213.68
-2989.53
-3645.33
-4446.44
-5385.7
-6468.34
-7861.8
-9455.01
-11748.2
-14366.2
-19683.9
-20482.2
-40836.8
-34876.3
-116880
-784.055
-885.049
-904.317
-1047.09
-1218.93
-1456.44
-1817.01
-2266.97
-3070.41
-3929.85
-6245.92
-8838.83
-10984
-20132.3
-12741.5
-432.493
-529.892
-611.755
-774.488
-942.397
-1180.24
-1487.65
-1939.46
-2556.22
-3584.09
-4937.74
-7747.65
-9746.07
-19645.8
-1255.02
-735.6
-932.721
-1110.8
-1353.54
-1617.23
-1955.24
-2369.47
-2934.36
-3676.48
-4599.03
-5976.15
-7468.13
-9376.76
-11794.5
-8741.73
-754.019
-925.813
-1074.37
-1277.08
-1499.4
-1778.92
-2127.15
-2632.45
-3263.04
-4044.24
-5061.16
-6840.99
-8168.33
-15336.7
-6368.05
-668.51
-839.263
-1001.6
-1201.23
-1408.3
-1657.15
-1981.53
-2467.91
-3007.02
-3372.39
-4508.57
-5270.83
-7071.57
-2999.63
-4947.33
-852.468
-1052.78
-1219.03
-1389.37
-1565.98
-1779.91
-2099.02
-2661.32
-2873.73
-3478.23
-4691.62
-5941.4
-7257.26
-3581.5
-19289.2
-601.758
-803.452
-994.114
-1147.22
-1246.55
-1397.43
-1770.56
-2372.33
-2467.21
-3534.4
-4844.13
-5371.17
-5359.42
-4978.4
-14526.1
-1102.19
-1385.76
-1524.15
-1509.59
-1463.47
-1580.69
-2199.55
-2850.64
-3428.5
-5561.31
-6520.63
-6974.96
-7027.26
-5369.7
-32699.6
-308.791
-646.385
-946.128
-1041.94
-913.15
-1080.22
-2156.82
-2470.45
-4102.63
-5220.54
-3488.06
-3600.07
-326.855
-10027.3
-5348.52
-1539.1
-2181.34
-2624.29
-2317.62
-1908.27
-2909.32
-4338.87
-4871.48
-6575.77
-8805.11
-9859.78
-11448.5
-10492.6
-18287.2
-14520.4
-40.539
-365.63
-2300.7
-2308.26
-1243.02
-1461.37
-847.107
-4469.49
-3786.97
-3179.44
-1999.05
-6284.35
-6994.51
-19334.7
-5152.51
-8588.1
-9101.07
-8207.55
-4811.07
-11088.5
-22106
-17596.5
-13078.6
-10141.8
-14402
-25925.3
-33640.6
-26899.1
-28441.7
-13935.5
4186.5
178.672
794.213
4803.47
5925.62
526.834
-3616.93
-3355.47
3346.46
5296.97
-6137.6
-14963.9
-4028.42
-15643.3
-1579.67
-12784.3
-14548.4
-22508.9
-28940
-30238.8
-27272.3
-36944.8
-47801.6
-59502.8
-63501.5
-59283.8
-53354.4
-46505.4
-44750.5
-26649.9
-2213.19
-2988.89
-3643.54
-4444.05
-5380.93
-6461.28
-7848.33
-9433.93
-11714.2
-14329.2
-19625.7
-20418.8
-40657.5
-34831.6
-116722
-783.239
-883.81
-901.511
-1042.96
-1211.04
-1444.89
-1798.1
-2239.66
-3026.62
-3866.57
-6163.44
-8709.05
-10834.6
-19810.6
-11663.9
-431.487
-528.252
-609.072
-770.079
-935.511
-1169.42
-1471.41
-1915.32
-2517.4
-3533.99
-4876.11
-7676.76
-9684.77
-19501.2
-1448.93
-734.403
-930.431
-1106.57
-1346.36
-1605.56
-1936.63
-2342.31
-2895.49
-3614.79
-4527.78
-5886.28
-7390.05
-9163.05
-11252.1
-8469.53
-750.707
-921.025
-1066.68
-1264.64
-1479.3
-1747.4
-2082.23
-2565.77
-3158.07
-3943.37
-4940.69
-6708.53
-7846.64
-15454.9
-8798.61
-666.032
-834.415
-991.472
-1183.25
-1380
-1615.57
-1932.25
-2401.2
-2909.6
-3364.55
-4480.52
-5435.39
-7294.38
-3189.24
-8731.47
-840.382
-1039.17
-1198.85
-1356.36
-1517.17
-1718.85
-2026.22
-2523.2
-2731.73
-3278.92
-4544.13
-6026.69
-7203.65
-3431.52
-20286.8
-598.632
-797.25
-965.727
-1088.52
-1166.71
-1304.09
-1687.43
-2269.03
-2219.21
-3175.43
-4583.6
-5643.19
-5147.73
-6056.04
-13192.6
-1048.82
-1342.26
-1446.62
-1364.15
-1332.1
-1579.82
-2124.27
-2582.15
-2700.89
-4475.75
-5942.23
-6754.76
-6203.75
-6260.65
-25348.1
-330.731
-672.393
-772.204
-752.281
-655.296
-834.624
-2039.01
-2339.41
-3205.11
-4484.65
-3953.04
-3906.06
-581.197
-8607.53
7796.53
-1276.1
-2046.16
-1872.2
-1637.79
-1200.33
-2448.79
-3376.41
-3524.84
-5741.27
-8077.52
-9281.41
-10540.2
-9900.77
-18463.7
-13808
106.583
-809.859
-1565.43
-1675.12
-210.044
-2595.58
-1596.6
-4336.88
-4466.5
-4855.88
-3384.88
-7577.82
-6891.61
-18104.2
2330.44
-5222.49
-6169.59
-7083.4
-6455.09
-8082.02
-14027.4
-13362.9
-11234.1
-10108
-12309.6
-19714.3
-29571.8
-35860
-32440.9
-11283.8
4020.65
2713.85
4755.9
5761.15
4796.71
1871.1
-2632.91
1762.81
7816.67
7731.22
520.136
-10642.1
-12531.6
-16226.5
-11221.9
-14836.9
-16595.7
-21746.8
-29156.9
-34105.7
-35064.8
-46418.5
-51199.5
-55699
-61982.8
-62157.7
-69327.8
-53443.7
-59603.7
-38382.6
-2212.63
-2988.16
-3641.5
-4441.26
-5375.34
-6452.75
-7832.71
-9409.89
-11678.3
-14284.7
-19566.9
-20343
-40524.6
-34761.6
-116614
-782.422
-882.546
-898.671
-1038.78
-1203.04
-1433.18
-1778.99
-2211.38
-2982.71
-3801.61
-6088.19
-8604.94
-10723.1
-19642.9
-11384.1
-430.54
-526.614
-606.415
-765.641
-928.766
-1158.65
-1455.63
-1891.43
-2482.49
-3491.37
-4838.94
-7672.01
-9756.5
-19589.2
-2039.25
-733.281
-928.213
-1102.45
-1339.28
-1594.13
-1918.19
-2315.51
-2856.05
-3555.85
-4465.79
-5840.82
-7437.11
-9218.95
-10785
-8044.46
-747.962
-916.742
-1059.52
-1253.02
-1460.76
-1718.31
-2041.91
-2504.76
-3078.72
-3877.8
-4980.21
-6917.87
-7937.32
-15234.2
-10883.7
-664.225
-830.271
-982.385
-1167.45
-1355.87
-1580.36
-1889.22
-2338.85
-2833.96
-3412.73
-4629.21
-5712.26
-7603.51
-4041.6
-8998.56
-832.461
-1027.85
-1181.59
-1331.29
-1479.58
-1668.02
-1966.5
-2414.8
-2715.51
-3423.13
-4507.5
-5864.24
-6827.12
-3520.05
-20647.3
-598.857
-792.128
-944.14
-1048.36
-1116.13
-1247.3
-1633.25
-2121.81
-2358.04
-3059.47
-3929.27
-5006.14
-4268.5
-6137.28
-10636.2
-1033.14
-1306.76
-1398.43
-1313.31
-1272.77
-1528.81
-1976.13
-2475.68
-2437.19
-3440.27
-4510.14
-4832.94
-4326.1
-4805.82
-16492.5
-346.85
-686.762
-695.928
-564.039
-512.89
-712.682
-1674.86
-2059.64
-2058.95
-3010.36
-3077.48
-2793.19
-115.436
-4688.73
16274
-1416.56
-1947.57
-1614.49
-1281.39
-1094.12
-2061.79
-2641.73
-2392.65
-3985.22
-6375.58
-7937.81
-8387.77
-10440.2
-17528.5
-17427.7
-248.259
-1018.65
-1245.36
-814.068
-332.634
-1984.36
-509.997
-3174.73
-4376.87
-5206.31
-4109.68
-2903.87
-5793.92
-5167.63
2502.58
-3870.71
-4781.89
-6283.54
-8340.95
-10833.1
-8366.63
-8286.7
-11658.8
-12677.5
-13808.7
-15601.1
-14505.3
-28009.1
-18360.8
-18202.9
908.23
-948.7
-3416.78
-3581.9
-3133.32
2740.15
4323.78
5587.02
8008.58
4738.74
1252.67
6604.1
-3201.01
-2432.15
-22733.2
-17611.7
-19763.9
-26342.2
-33476.9
-37165.8
-39247.8
-47325.4
-47699.7
-54902.3
-65174.8
-62814.4
-71906.1
-70649.8
-74742.6
-80951.4
-2211.98
-2987.33
-3639.06
-4438.08
-5368.71
-6442.57
-7813.97
-9381.34
-11637.2
-14229.2
-19496.7
-20236.6
-40340.2
-34701.9
-116515
-781.559
-881.273
-895.642
-1034.43
-1194.49
-1420.77
-1758.18
-2179.76
-2933.54
-3730.53
-6004.89
-8497.95
-10565
-19457.3
-10941.5
-429.537
-524.825
-603.419
-760.554
-920.989
-1146.02
-1437.08
-1862.65
-2441.45
-3438.3
-4785.55
-7618.82
-9778.34
-19663.1
-2383.01
-732.066
-925.798
-1097.94
-1331.41
-1581.33
-1896.99
-2284.01
-2807.16
-3484.39
-4375.1
-5745.04
-7329.14
-9151.63
-10288.8
-7416.48
-745.375
-912.373
-1051.92
-1240.55
-1440.74
-1685.68
-1994.42
-2430.61
-2973.96
-3762.81
-4871.43
-6842.58
-7866.85
-14842.6
-12418.7
-662.223
-825.811
-973.181
-1151.55
-1331.08
-1539.93
-1835.37
-2255.97
-2722.79
-3317.06
-4491.71
-5561.03
-7059.9
-5071.8
-7142.71
-826.913
-1018.34
-1166.19
-1310.48
-1447.35
-1613.18
-1893.94
-2278.57
-2555.26
-3330.41
-4347.44
-5645.66
-6050.98
-4460.31
-18374
-597.675
-785.243
-930.1
-1025.81
-1081.22
-1184.15
-1570.29
-2021.29
-2411.87
-3153.98
-4014.25
-5045.22
-4001.4
-7085.78
-6855.14
-1035.8
-1294.75
-1392.64
-1353.32
-1303.03
-1491.61
-1939.28
-2417.46
-2570.75
-3733.84
-4611.36
-5040.7
-4784.68
-4258.06
-8818.96
-350.615
-670.205
-770.275
-591.414
-459.169
-614.547
-1755.6
-2031.51
-2250.4
-3176.37
-3132.63
-3746.42
-1966.47
-3334.15
17333.1
-1592.1
-2047.15
-1971.28
-1615.51
-1337.63
-1913.86
-2747.77
-2868.9
-4279.7
-6264.59
-7383.37
-9023.82
-11266.2
-14515.7
-19911.3
-36.309
-804.073
-1807.77
-1611.4
-88.7602
-1686.45
-1000.37
-3607.68
-4917.67
-5835.83
-3491.83
-1020.96
-3605.35
4065.7
5673.66
-4032.51
-6335.12
-11199.1
-14230.8
-11534.6
-8449.31
-6462.04
-16737.7
-21028.7
-19021.2
-25324.9
-22850.1
-28017
-9091.68
-11269.4
190.586
-2686.49
-5717.55
-6769.56
-5396.54
-942.173
3332.27
531.605
-2091.72
5502.1
-3309.52
-2342.02
-10580.9
7413.43
-25548.5
-15878.5
-17024.6
-18707.7
-22657.4
-29678.5
-37618.9
-46499.7
-49379.7
-53131.7
-57044.9
-47793.4
-58174.7
-69927.9
-80083.1
-113149
-2211.29
-2986.48
-3636.42
-4434.63
-5361.26
-6431.16
-7793.57
-9351.17
-11593.5
-14162.9
-19417.5
-20119.2
-40145.4
-34677.6
-116525
-780.734
-880.071
-892.684
-1030.25
-1185.98
-1408.53
-1737.2
-2147.57
-2884.12
-3660.28
-5923.43
-8415.89
-10420.1
-19334.4
-10447.3
-428.598
-523.044
-600.421
-755.351
-913.021
-1132.9
-1417.89
-1832.59
-2400.57
-3384.04
-4733.65
-7583.52
-9808.06
-19822
-2596.63
-730.963
-923.522
-1093.64
-1323.65
-1568.45
-1875.41
-2251.08
-2754.48
-3408.62
-4280.55
-5661.41
-7259.45
-9087.25
-9920.16
-6843.71
-743.246
-908.36
-1044.63
-1228.08
-1420.47
-1653.26
-1945.98
-2353.53
-2867.84
-3645.51
-4773.71
-6819.43
-7839.92
-14622.8
-13172.9
-660.731
-822.14
-965.248
-1136.62
-1307.43
-1501.26
-1777.58
-2161.5
-2585.94
-3205.83
-4434.98
-5604.76
-6655.49
-6073.83
-4135.29
-823.069
-1009.72
-1150.7
-1286.59
-1410.69
-1555.46
-1812.82
-2117.53
-2369.44
-3222.28
-4235.44
-5440.28
-5346.36
-4357.95
-13765.5
-598.266
-781.036
-918.518
-1005.44
-1053.77
-1140.23
-1493.15
-1832
-2316.67
-3113.69
-3866.9
-4713.54
-3400.53
-5814.6
-2478.59
-1038.32
-1276.83
-1368.07
-1341.84
-1278.22
-1411.48
-1843.62
-2194.22
-2663.11
-3718.37
-4561.88
-4859.43
-4397.07
-1677.91
-1526.73
-367.506
-660.283
-796.807
-668.866
-501.381
-674.278
-1548.98
-1737.92
-2091.42
-3212.36
-3562.54
-3772.9
-1318.69
-1607.17
14540
-1658.1
-2015.36
-2029.11
-1687.7
-1371.49
-2153.57
-2617.35
-3210.05
-4641.39
-6606.42
-7253.53
-7306.4
-7672.45
-9299.13
-15948.3
-56.7033
-756.552
-1498.01
-1231.08
-432.556
-1476.5
95.8125
-2347.88
-4809.51
-6335.43
-4779.53
-2462.78
-2018.19
9326.04
11868.8
-4055.3
-5167.51
-7826.45
-10383
-11813.6
-7841.76
-8413.98
-21900.6
-25962.3
-16676.3
-13444.7
-13021.1
-23234
-13211.2
-17750.1
572.878
-1149.3
-2270.19
-2712.95
-2674.43
713.376
-76.0141
-6219.8
-11317.2
-9549.01
-1939.11
4777.47
-2207.23
18071.2
-37472.3
-12949.6
-13691.8
-15522.3
-20202.2
-27833.3
-41348.3
-49932.3
-46891.6
-44119
-63250.7
-65992.3
-81670.5
-94324.9
-76461.4
-121706
-2210.55
-2985.64
-3633.56
-4431.07
-5353.25
-6418.88
-7771.64
-9319.42
-11545.5
-14087.5
-19328.2
-19987.3
-39921.7
-34676.4
-116592
-779.948
-878.984
-889.806
-1026.33
-1177.6
-1396.69
-1716.15
-2115.04
-2834.43
-3591.22
-5840.95
-8345.87
-10264.5
-19209.5
-9916.71
-427.716
-521.28
-597.387
-749.952
-904.74
-1119.04
-1397.62
-1800.35
-2357.82
-3323.57
-4673.07
-7528.2
-9792.53
-19969.2
-2657.54
-729.9
-921.289
-1089.41
-1315.84
-1555.22
-1852.78
-2215.49
-2696.34
-3329.01
-4175.21
-5563.12
-7147.08
-8972.6
-9620.58
-6353.26
-741.443
-904.584
-1037.49
-1215.47
-1399.72
-1619.59
-1893.1
-2270.69
-2757.19
-3510.02
-4649.78
-6670.81
-7708.23
-14253
-13013.3
-659.152
-818.5
-957.797
-1121.91
-1283.33
-1458.47
-1708.01
-2056.28
-2458.39
-3081.11
-4318.76
-5486.35
-6497.79
-6682.85
-1132.71
-819.985
-1002.03
-1135.66
-1260.65
-1373.36
-1492.14
-1717.52
-1979.35
-2177.87
-2991.17
-4070.2
-5192.52
-5218.32
-3841.64
-10399.6
-596.912
-776.259
-908.85
-983.932
-1028.09
-1073.27
-1364.6
-1683.85
-1934.34
-2683.45
-3567.48
-4164.07
-2644.46
-3768.82
-1390.59
-1037.65
-1267.02
-1345.28
-1299.4
-1261.8
-1290.31
-1807.25
-1867.86
-2095.8
-3281.32
-4253.72
-4319.27
-3472.68
-653.695
-388.112
-372.592
-656.306
-797.125
-685.576
-583.992
-705.775
-1362.01
-780.744
-1147.62
-2650.11
-3277.31
-4108.86
-2485.52
-2882.09
4725.62
-1689.13
-2062.32
-2035.27
-1660.85
-1644.25
-2611.62
-3486.25
-2958.86
-4134.27
-6271.09
-7788.06
-9624.47
-10389.6
-8315.15
-16054.3
-31.8204
-699.023
-1352.59
-1324.52
-1684.87
-2351.93
-390.586
-2300.7
-2997.1
-5430.23
-7437.95
-6023.59
-2312.63
6102.55
6709.82
-4148.12
-5531.85
-8705.33
-11504.6
-13051.3
-9441.54
-12501.2
-20796.5
-19811
-18731.7
-11223
-10022.9
-17197.2
-18314.4
-24765.7
589.954
-1695.89
-3300.64
-2900.26
-1841.3
-68.4693
-3216.06
-5095.43
-4243.5
-13797.8
-5460.94
10920.5
16353.2
23504.7
-47562.7
-12620.8
-13478.5
-14788.2
-19162
-28955.3
-42023.3
-43065.8
-33403.5
-33122.5
-47806.7
-68184.4
-80432.4
-90754.7
-76849.1
-119354
-2209.8
-2984.85
-3630.6
-4427.57
-5344.72
-6405.97
-7749.28
-9287.89
-11495.6
-14003.8
-19229.9
-19846
-39683.6
-34700.8
-116715
-779.246
-878.054
-887.136
-1022.81
-1169.63
-1385.68
-1695.75
-2083.78
-2788.21
-3526.44
-5762.75
-8295.87
-10125.1
-19117
-9460.3
-426.948
-519.611
-594.475
-744.635
-896.513
-1105.01
-1377.07
-1767.07
-2314.82
-3261.08
-4609.83
-7473.3
-9756.17
-20125.3
-2650.15
-728.994
-919.288
-1085.55
-1308.38
-1542.12
-1830.36
-2179
-2634.75
-3247.78
-4068.56
-5470.01
-7048.44
-8873.21
-9494.77
-6042.27
-740.116
-901.259
-1030.87
-1203.11
-1378.59
-1586.53
-1838.29
-2184.25
-2648.99
-3374.96
-4534.99
-6517.24
-7580.76
-13696.1
-12084.3
-657.905
-815.505
-951.453
-1107.59
-1258.37
-1416.8
-1631.88
-1938.98
-2351.07
-3002.25
-4259.35
-5425.68
-6429.92
-7029.69
1465.37
-817.873
-994.946
-1120.77
-1232.3
-1327.59
-1428.72
-1605.32
-1869.21
-2122.39
-2903.33
-4017.73
-5105.87
-5355.89
-3703.13
-7468.09
-595.301
-771.879
-899.256
-956.575
-989.227
-1012.43
-1214.98
-1573.11
-1823.57
-2566.18
-3442.31
-3948.83
-2306.17
-2234.26
336.196
-1032.19
-1249.78
-1311.83
-1245.12
-1159.77
-1169.52
-1613.55
-1857.53
-1905.84
-3057.21
-4037.17
-4057.81
-3287.58
-525.933
-1708.26
-373.1
-650.37
-796.389
-643.636
-516.858
-711.717
-957.334
-227.751
-336.543
-1886.05
-2206.92
-3934.9
-2696.04
-3688.43
-4383.36
-1662.02
-1993.84
-2019.9
-1717.85
-1722.8
-3073.92
-4184.95
-3325.37
-3970.75
-5902.09
-8095.13
-11247.2
-9380.01
-8966.54
-20010.3
-52.7592
-761.004
-1658.16
-1711.39
-2358.59
-3235.41
-1316.64
-1954.93
-4197.15
-5410.76
-5764.23
-6313.96
-1460.85
1190.55
3043.37
-4270.47
-5373.25
-8846.56
-12503.6
-14946.2
-13026.6
-12995.4
-16627.2
-19290.7
-17375.4
-13916.1
-10357.9
-15446.1
-32271.1
-25624.8
616.178
-1270.08
-2053.68
-1960.4
-1905.81
-3750.78
-3429.83
-3271.56
-1951.27
-2947.31
-9476.42
2740.11
15609.4
15087.3
-36998.2
-14653.1
-16140.5
-19029.2
-22879.6
-28102.1
-34110.3
-33828.8
-29881
-28016.9
-35509.6
-66141.1
-81779.7
-93266.4
-76806.3
-113219
-2209.06
-2984.15
-3627.56
-4424.35
-5335.97
-6393.09
-7727.67
-9255.5
-11441.8
-13915.8
-19123.9
-19700.4
-39423.2
-34738.3
-116873
-778.628
-877.288
-884.71
-1019.77
-1162.34
-1375.74
-1676.81
-2055.63
-2746
-3468.27
-5687.86
-8264.46
-9995.79
-19032.2
-9021.52
-426.298
-518.064
-591.741
-739.482
-888.615
-1091.04
-1357.02
-1734.26
-2270.65
-3194.48
-4537.5
-7406.13
-9686.22
-20234.5
-2570.51
-728.197
-917.473
-1082.06
-1301.44
-1529.58
-1808.33
-2142.52
-2571.52
-3161.22
-3950.08
-5360.75
-6934.44
-8765.43
-9493.94
-5844.25
-739.235
-898.361
-1024.76
-1191.44
-1357.9
-1553.44
-1781.81
-2092.84
-2527.83
-3207.5
-4381.9
-6300.55
-7442.66
-12916
-10473.2
-656.655
-812.706
-945.788
-1094.69
-1233.25
-1372.32
-1552.18
-1803.23
-2193.34
-2859.73
-4177.02
-5351.28
-6454.37
-7380.14
3457
-816.814
-988.89
-1106.4
-1203.28
-1276.81
-1359.59
-1478.18
-1720.93
-2072.54
-2912.77
-4143.46
-5341.34
-5735.6
-4051.66
-4748.42
-591.654
-766.83
-889.154
-928.24
-939.798
-927.959
-1082.55
-1422.27
-1771.18
-2515.11
-3437.88
-4104.45
-2723.19
-2412.63
4337.54
-1024.41
-1238.79
-1274.62
-1156.11
-1003.62
-1069.81
-1402.5
-1771.67
-2006.62
-3225.11
-4488.76
-4671.31
-4016.76
132.903
-1190.52
-353.503
-645.035
-733.235
-508.987
-522.13
-687.165
-621.534
-161.404
-79.2505
-1509.5
-1973.76
-4225.36
-2423.46
-3417.24
-6593.52
-1598.32
-2006.74
-1876.69
-1355.78
-1845.21
-3003.98
-4198.48
-3683.82
-3426.82
-5096.21
-9527.67
-9766.49
-6165.33
-8961.47
-17213.1
-11.0489
-834.948
-1929.61
-1983.48
-2358.88
-2511.5
-1960.3
-2515.7
-3010.92
-5197.74
-5175.08
-6224.48
747.452
-664.685
841.403
-4417.14
-7252.2
-12792.9
-16108.2
-15699.9
-11794.2
-13634.6
-19459.1
-18089.1
-17305
-13998.7
-9006.28
-14104
-46602.9
-24065.6
200.64
-3887.47
-7088.09
-6808.49
-3699.63
-1601.78
-2837.39
-3801.61
-2908.48
-6605.71
-12864.9
7983.8
22876.4
4540.81
-12393
-19809.7
-21351.2
-25430.9
-29362.1
-32016.6
-39485.7
-39788.8
-32477.8
-31828.8
-45207.7
-73985.1
-82446.1
-87067.1
-75481.6
-105427
-2208.34
-2983.59
-3624.58
-4421.58
-5326.85
-6380.8
-7706.55
-9222.58
-11389.9
-13825.3
-19011.3
-19540.9
-39165.5
-34800.7
-117158
-778.11
-876.698
-882.591
-1017.32
-1155.88
-1367.29
-1659.81
-2031.09
-2710.68
-3418.76
-5625.09
-8246.43
-9880.76
-19003.1
-8705.86
-425.811
-516.726
-589.273
-734.721
-881.217
-1077.64
-1338
-1701.42
-2225.84
-3126.4
-4462.48
-7330.7
-9595.95
-20341.5
-2437.91
-727.595
-916.019
-1079.11
-1295.2
-1518.01
-1787.85
-2107.42
-2507.5
-3071.41
-3824.61
-5244.99
-6815.79
-8681.77
-9650.29
-5770.63
-739.042
-896.305
-1019.67
-1180.6
-1338.64
-1522.92
-1725.73
-1996.63
-2384.58
-2990.22
-4174.18
-6032.33
-7313.1
-12148.8
-8239.8
-655.797
-810.873
-941.696
-1082.41
-1210.72
-1332.85
-1472.13
-1641.8
-1991.49
-2678.4
-4089.13
-5234.11
-6577.9
-7684.2
4679.6
-817.951
-985.227
-1094.13
-1171.63
-1234.03
-1302.22
-1333.59
-1545.57
-1990.21
-2868.25
-4239.09
-5377.62
-6300.91
-3915.98
-2002.85
-588.048
-764.015
-879.569
-891.957
-902.056
-878.931
-975.106
-1307.06
-1749.2
-2645.11
-3759.22
-4176.84
-3071.83
-1742.61
11527.1
-1016.11
-1223.8
-1227.31
-1020.74
-1004.26
-1097.97
-1261.4
-1480.21
-1978.96
-3523.5
-5168.47
-5244.94
-4755.78
1786.65
3084.93
-337.332
-655.236
-616.013
-358.965
-436.909
-624.749
-594.586
-271.607
-275.165
-1705.41
-2080.59
-4075.8
-1381.65
-2490.93
-8504.22
-1396.75
-1862.55
-1370.92
-888.377
-1346.59
-2392.09
-3644.66
-4542.56
-5227.27
-6284.77
-6776.51
-6257.13
-4297.2
-10261.8
-17267.5
-153.904
-1000.81
-1663.01
-1351.69
-1355.23
-949.882
-520.159
-1651.69
-2775.07
-3037.55
-1285.99
-3392.39
2032.63
-4268.22
-1419.11
-4402.08
-5424.22
-9430.61
-13129.5
-14808.4
-11593.5
-14768
-20221.5
-15804.8
-16936.1
-6319.07
-12336
-18472.2
-55338.5
-21957.3
39.7678
-2671.55
-4358.03
-3547.5
205.133
3858.12
587.676
-3825.42
-3162.48
-13782.6
-9278.13
15814.1
19387.3
-2918.37
20167.4
-25320.5
-30116
-39134.7
-43804.9
-42207
-43768
-40561.9
-35690.8
-40054.6
-54410.4
-81557.1
-72378.6
-82793
-74704.6
-98365.1
-2207.65
-2983.2
-3621.7
-4419.28
-5318.01
-6369.93
-7686.8
-9190.28
-11339.9
-13742.9
-18889
-19388.5
-38913
-34869.4
-117474
-777.682
-876.243
-880.874
-1015.42
-1150.71
-1360.5
-1645.99
-2011.65
-2681.39
-3385.27
-5576.89
-8245.7
-9759.43
-18977.4
-8345.17
-425.455
-515.59
-587.228
-730.514
-875.016
-1065.55
-1321.73
-1672.05
-2184.45
-3065.11
-4389.55
-7251.58
-9494.36
-20372.7
-2226.94
-727.134
-914.851
-1076.74
-1290.06
-1508.41
-1769.67
-2075.83
-2448.85
-2983.45
-3703.74
-5111.88
-6695.79
-8578.66
-9802.67
-5715.94
-739.34
-894.827
-1015.44
-1171.8
-1322.35
-1494.28
-1671.61
-1901.92
-2218
-2724.32
-3901.72
-5758.8
-7045
-11300.7
-5895.49
-655.137
-809.33
-938.674
-1074.51
-1192.26
-1293.09
-1390.1
-1452.95
-1739.51
-2415.07
-3826.43
-5019.19
-6587.78
-7523.71
4265.72
-822.121
-983.687
-1085.08
-1151.39
-1193.28
-1228.3
-1151.22
-1361.27
-1810.61
-2640.89
-4113.87
-5421.42
-7094.93
-3481.61
-2927.55
-584.81
-758.793
-879.082
-886.403
-864.08
-801.916
-866.203
-1207.61
-1688.32
-2619.25
-4056.99
-4639.01
-4258.95
-568.999
10818.6
-1029.27
-1224.02
-1216.46
-979.108
-921.742
-939.427
-954.363
-1284.89
-1885.69
-3664.9
-5902.64
-6256.7
-6303.14
3719.76
4531.44
-321.725
-609.061
-664.71
-350.251
-307.599
-387.167
-410.843
-207.499
-718.74
-2993.81
-3564.8
-4632.8
-1076.68
-2017.8
-10819.9
-1234.73
-1788.35
-1377.66
-485.276
-500.336
-1372.22
-3044.58
-3230.74
-4849.19
-4988.5
-5710.52
-7776.19
-6286.49
-14225.8
-22222.6
152.207
-463.147
-1006.33
-296.283
257.009
119.775
1058.63
1045.5
-2765.25
-2750.19
-3434.69
-4854.01
1042.64
-7652.74
-3441.78
-4170.64
-4812.81
-6009.63
-7486.54
-11960.4
-18046.1
-18312.7
-16700.4
-18992.4
-12519.8
-13346.2
-19290.7
-19654.9
-52064.2
-18894
4915.09
6028.91
8347.9
11532.4
9128.3
2802.47
-1606.48
-1621.59
-11082.7
-10799
10389.8
17389.9
19243
1975.69
55861.7
-25532.3
-26761.6
-36446.4
-41997.2
-47432.2
-47395.6
-41723.8
-38192.7
-46205.1
-70431
-67522
-69959.8
-81244.5
-71294.6
-82584.9
-2207.02
-2983.04
-3618.97
-4417.74
-5309.06
-6361.16
-7666.91
-9160.34
-11295.5
-13656.3
-18770.6
-19238.7
-38683.7
-35016.7
-118026
-777.34
-875.946
-879.455
-1014.16
-1146.42
-1355.57
-1634.85
-1996.32
-2663.06
-3361.26
-5560.78
-8276.04
-9671.77
-18976.7
-8140.27
-425.262
-514.755
-585.411
-726.859
-869.259
-1054.57
-1306.93
-1643.71
-2148.35
-3014.38
-4337.88
-7217.3
-9449.18
-20466.5
-1966.06
-726.876
-914.132
-1074.92
-1285.91
-1500.3
-1753.86
-2047.14
-2393.28
-2904.5
-3598.69
-5010.97
-6665.24
-8588.95
-10106.2
-5867.21
-740.539
-894.581
-1012.45
-1164.58
-1308.68
-1469.56
-1619.83
-1800.48
-2031.3
-2516.26
-3775.39
-5673.25
-6836.54
-10696.7
-3442.62
-655.133
-809.297
-937.66
-1069.77
-1180.71
-1257.98
-1295.43
-1216.99
-1525.9
-2232.26
-3685.73
-4918.66
-6544.74
-7378.02
3714.83
-831.046
-987.048
-1080.29
-1135.65
-1165.63
-1157.12
-884.113
-1039.31
-1519.34
-2459.36
-4043.49
-5358.71
-7617.84
-3947.78
-2580.17
-582.343
-758.547
-885.147
-895.513
-874.309
-648.819
-556.398
-967.64
-1763.81
-2759.88
-4047.51
-4549.89
-5069.48
733.057
15267.9
-1075.9
-1245.89
-1222.46
-976.984
-943.591
-543.746
-728.722
-1418.5
-2310.01
-3640.94
-5489.23
-6385.49
-8136.38
4420.54
3592.95
-269.597
-598.573
-755.484
-569.3
-247.969
-236.429
-434.926
-990.693
-1457.58
-3108.26
-3636.78
-5162.5
-1975.37
-1282.95
-9136.8
-1439.53
-1988.12
-1676.62
-906.648
-37.7743
-689.646
-1891.12
-2858.39
-4634.5
-5807.63
-7158.82
-10796.7
-9416.41
-16223.5
-22051.8
528.323
-415.187
-1374.8
-1260.19
432.441
1086.96
1468.97
818.125
-4927.85
-4729.8
-4437.78
-5292.32
430.833
-7551.12
-282.873
-6637.05
-6898.03
-5637.15
-4439.18
-5062.35
-11270.3
-20804.3
-23109.7
-19410.3
-14001.2
-19356.4
-21849.8
-20089.4
-46193
-11848.4
6854.44
3900.21
8532.56
14961.1
15792.4
8373.34
-2423.05
-8728.15
-8193.05
5829.55
10596.4
18307.8
16401.5
4318.23
64859.1
-23454.8
-27516.4
-39205.6
-42208.5
-46426.6
-53386.7
-51071.6
-45482.9
-53055.3
-57472.1
-62810.2
-67879.7
-76541.2
-65628.5
-66327.3
-2206.48
-2983.05
-3616.51
-4416.66
-5300.7
-6354
-7647.79
-9132.71
-11249.1
-13576.6
-18644.2
-19139.4
-38385.5
-35134.8
-118364
-777.133
-875.727
-878.82
-1013.61
-1145.12
-1353.56
-1632.31
-1992.38
-2663.51
-3369.99
-5572.41
-8342.17
-9660.53
-18983.3
-7748.63
-425.16
-514.168
-584.444
-724.442
-866.486
-1047.51
-1300.12
-1629.88
-2139.28
-3007.41
-4325.38
-7220.02
-9451.93
-20394.8
-1669.98
-726.715
-913.701
-1073.83
-1283.21
-1495.42
-1743.22
-2029.85
-2367.56
-2878.12
-3589.59
-5019
-6730.69
-8591.25
-10083
-5663.57
-741.611
-894.575
-1010.34
-1160.02
-1300.24
-1451.31
-1592.18
-1775.47
-2066.4
-2563.05
-3774.68
-5627.75
-6554.71
-9995.64
-2139.6
-655.084
-809.597
-936.792
-1067.71
-1173.41
-1233.68
-1267.09
-1247.22
-1510.62
-2236.87
-3686.44
-4999.49
-6233.76
-7452.56
2051.97
-842.088
-991.937
-1076.59
-1130.07
-1146.66
-1085.74
-844.657
-984.766
-1655.03
-2816.85
-4315.34
-5674.92
-7349.35
-7098.7
-8801.67
-581.957
-761.088
-890.317
-916.405
-855.248
-545.757
-497.923
-1165.02
-2252.32
-3362.67
-4316.71
-4350.65
-4496.48
-2584.15
1105.05
-1187.03
-1287.64
-1226.66
-1012.29
-855.475
-246.067
-658.096
-1861.13
-2918.61
-3988.95
-5095.01
-5479.16
-8812.15
1412.9
-2515.31
-273.68
-602.298
-845.703
-837.48
52.5929
-44.9923
-702.198
-1616.43
-1814.8
-2777.14
-2866.46
-3880.88
-1985.73
-1143.31
665.71
-2464.47
-2341.5
-1830.35
-804.734
-73.7841
-262.02
-1455.67
-2544.25
-3299.87
-4939.46
-7135.72
-11495.4
-11876.8
-17234.4
-24894.5
444.563
-286.359
-1497.85
-1417.5
-876.347
-99.5908
114.184
-1749.33
-4559.11
-4868.65
-4223.67
-5576.06
-1016.74
-7537.29
793.363
-7023.03
-7819.76
-5494.33
-3017.07
-2907.03
-5323.18
-12396.5
-18806.6
-16112.6
-14740.2
-20059.9
-21690.8
-21313.8
-40655.7
-8115.83
7541.42
2771.92
3025.8
15859.8
16606.5
12872.1
4975.5
-4147.13
4478.8
8590.87
9300.09
16027.4
12450
3388.32
55145.8
-23358.7
-25278.8
-44263.5
-45894.4
-44945.9
-49124.5
-55703.6
-57539.2
-52918
-52212
-58408.1
-64615.2
-69371.2
-54548.5
-53892.4
-2206.08
-2983.19
-3614.52
-4416.35
-5293.68
-6349.8
-7631.85
-9112.53
-11222.4
-13510.1
-18583.4
-19035.3
-38260.2
-35755.1
-119199
-776.868
-875.624
-877.506
-1012.88
-1140.93
-1350.03
-1622.15
-1979.34
-2653.86
-3353.43
-5603.57
-8414.66
-9543.81
-18533.2
-7559.98
-425.158
-513.807
-583.212
-721.998
-862.477
-1039.64
-1290.92
-1612.75
-2133.61
-3021.04
-4356.21
-7317.83
-9579.2
-20621.4
-1100.04
-726.697
-913.557
-1072.87
-1280.99
-1490.55
-1733.54
-2014.38
-2350.25
-2881.33
-3643.9
-5134.11
-6953.67
-8873.07
-10304.4
-5749.43
-743.561
-895.725
-1009.1
-1156.41
-1292.05
-1436.32
-1573.24
-1773.16
-2179.01
-2814.08
-4044.76
-5976.54
-6794.97
-10247.2
35.5145
-655.887
-811.049
-937.152
-1068.61
-1169.13
-1222.52
-1263.14
-1363.28
-1699.11
-2562.59
-4067.29
-5488.13
-6218.11
-7913.69
5537.01
-854.883
-1000.1
-1077.29
-1129.35
-1136.43
-1060.49
-910.492
-1116.14
-1986.1
-3132.66
-4491.15
-6027.78
-6678.91
-9998.87
-1067.99
-584.443
-764.098
-894.032
-946.128
-847.963
-575.759
-531.086
-1235.56
-2052.75
-2970.64
-4004.36
-3939.78
-3109.33
-1865.9
18444.7
-1258.31
-1311.95
-1245.69
-1055.71
-823.833
-200.779
-458.231
-1280.21
-2093.39
-3296.24
-4988.89
-5235.93
-9165.34
1560.04
-11245.4
-277.051
-570.805
-860.326
-993.194
-1.11447
165.58
-8.64917
-602.477
-899.574
-2518.26
-3109.58
-3584.26
-2257.11
-2688.34
-1148.63
-2909.03
-2383.23
-2093.96
-1284.42
-21.6865
230.386
-85.528
-443.679
-1592.72
-5262.59
-8810.32
-12727.5
-13557.7
-18494.7
-18209.2
599.778
9.42509
-1557.97
-1909.02
-674.306
-14.5989
863.543
554.862
-2365.25
-4922.66
-4126
-5088.13
-1769.57
-7398.83
7276.91
-9425.78
-7419.03
-9806.08
-1989.19
-180.788
-1580.03
-3608.64
-7195.08
-9773.48
-15110.5
-21400.2
-24083.5
-21556.1
-29816.5
10895
8358.02
4741.18
2289.56
12330.6
18876.2
13718
12905.3
10660.1
9773.23
7040.48
7700.36
16536
10365.9
13579.2
23072.5
-20998.5
-24139.1
-41539.9
-51615.9
-47330.4
-48012.9
-53295.4
-58807.1
-52455.5
-49292.5
-58251.6
-60227
-63937.6
-47473.7
-69086.8
)
;

boundaryField
{
    outletsourceFace
    {
        type            zeroGradient;
    }
    outletdestinationFace
    {
        type            zeroGradient;
    }
    outletFace
    {
        type            zeroGradient;
    }
    outletWall
    {
        type            fixedValue;
        value           uniform 0;
    }
    inletFace
    {
        type            zeroGradient;
    }
    inletWall
    {
        type            fixedValue;
        value           uniform 5;
    }
    inletsourceFace
    {
        type            zeroGradient;
    }
    inletdestinationFace
    {
        type            zeroGradient;
    }
}


// ************************************************************************* //
