/*--------------------------------*- C++ -*----------------------------------*\
| =========                 |                                                 |
| \\      /  F ield         | OpenFOAM: The Open Source CFD Toolbox           |
|  \\    /   O peration     | Version:  4.1                                   |
|   \\  /    A nd           | Web:      www.OpenFOAM.org                      |
|    \\/     M anipulation  |                                                 |
\*---------------------------------------------------------------------------*/
FoamFile
{
    version     2.0;
    format      ascii;
    class       volScalarField;
    location    "7";
    object      p;
}
// * * * * * * * * * * * * * * * * * * * * * * * * * * * * * * * * * * * * * //

dimensions      [0 2 -2 0 0 0 0];

internalField   nonuniform List<scalar> 
6750
(
-704.703
-288.346
-803.522
-778.289
-694.582
-585.841
-454.349
-339.988
-263.504
-193.442
-174.04
-149.596
-209.179
-129.038
-280.002
-702.558
-291.27
-805.003
-778.563
-695.148
-586.545
-455.116
-340.748
-264.313
-195.415
-173.173
-147.625
-205.405
-130.079
-279.394
-701.434
-293.022
-805.524
-778.406
-695.123
-586.547
-455.235
-341.107
-264.837
-197.003
-173.445
-149.796
-201.629
-128.459
-279.571
-699.75
-295.631
-806.578
-778.596
-695.561
-587.09
-455.885
-341.891
-265.66
-198.811
-174.076
-153.385
-197.728
-126.978
-278.683
-698.433
-297.586
-807.086
-778.487
-695.56
-587.105
-456.046
-342.33
-266.344
-200.527
-175.407
-157.119
-192.972
-126.077
-277.48
-697.01
-299.54
-807.676
-778.511
-695.766
-587.381
-456.451
-342.922
-267.132
-202.247
-176.706
-159.515
-187.049
-124.455
-276.355
-695.812
-300.89
-807.913
-778.344
-695.649
-587.283
-456.454
-343.109
-267.66
-203.595
-178.991
-159.311
-182.117
-123.338
-275.434
-695.292
-301.402
-808.007
-778.332
-695.713
-587.395
-456.587
-343.249
-267.859
-203.9
-179.885
-158.32
-180.843
-122.991
-275.561
-695.801
-300.8
-807.886
-778.342
-695.64
-587.294
-456.5
-343.211
-267.825
-203.808
-179.398
-159.458
-181.854
-123.244
-275.462
-696.977
-299.405
-807.626
-778.504
-695.746
-587.402
-456.541
-343.122
-267.439
-202.64
-177.295
-160.082
-186.833
-124.449
-276.463
-698.385
-297.41
-807.011
-778.474
-695.526
-587.132
-456.174
-342.617
-266.79
-201.094
-176.22
-157.876
-193.185
-126.141
-277.702
-699.689
-295.432
-806.484
-778.579
-695.518
-587.127
-456.052
-342.262
-266.225
-199.531
-175.066
-154.407
-198.16
-127.137
-279.01
-701.364
-292.807
-805.409
-778.382
-695.062
-586.581
-455.425
-341.544
-265.505
-197.871
-174.633
-151.107
-202.226
-128.652
-280.01
-702.483
-291.046
-804.876
-778.536
-695.082
-586.587
-455.333
-341.24
-265.057
-196.386
-174.499
-149.188
-206.148
-130.229
-279.965
-704.623
-288.117
-803.376
-778.251
-694.492
-585.866
-454.567
-340.515
-264.31
-194.517
-175.506
-151.355
-209.985
-129.248
-280.664
-892.514
-225.008
-499.285
-591.05
-507.726
-434.186
-363.604
-303.616
-273.294
-237.263
-219.147
-178.271
-236.574
-130.951
-398.466
-891.183
-223.82
-502.485
-593.468
-510.028
-436.134
-365.041
-304.358
-273.217
-236.695
-217.763
-177.622
-231.153
-123.659
-405.39
-890.529
-223.575
-504.224
-594.206
-510.682
-436.683
-365.387
-304.486
-273.02
-237.059
-218.736
-179.043
-228.378
-123.575
-405.061
-889.412
-223.124
-506.623
-595.913
-512.384
-438.163
-366.482
-305.082
-273.133
-237.222
-219.543
-180.311
-227.299
-122.27
-403.402
-888.522
-223.04
-508.459
-596.908
-513.274
-438.88
-366.964
-305.299
-273.119
-237.668
-221.034
-181.985
-226.692
-122.145
-401.793
-887.465
-223.012
-510.281
-598.022
-514.395
-439.833
-367.68
-305.783
-273.4
-238.298
-222.736
-183.083
-227.069
-122.492
-399.236
-886.367
-223.336
-511.567
-598.655
-515.014
-440.331
-368.041
-306.051
-273.531
-238.679
-224.959
-184.52
-226.859
-123.512
-397.926
-885.717
-223.654
-512.015
-598.893
-515.29
-440.579
-368.236
-306.202
-273.67
-238.88
-226.281
-184.531
-226.476
-123.864
-398.13
-886.225
-223.442
-511.435
-598.568
-514.938
-440.297
-368.063
-306.138
-273.704
-238.932
-225.403
-184.804
-226.911
-123.822
-397.547
-887.275
-223.101
-510.069
-597.872
-514.262
-439.77
-367.717
-305.948
-273.723
-238.808
-223.383
-183.749
-227.312
-123.035
-398.967
-888.283
-223.097
-508.181
-596.691
-513.077
-438.778
-367.005
-305.536
-273.587
-238.393
-221.935
-182.913
-227.02
-122.821
-401.567
-889.143
-223.147
-506.292
-595.641
-512.135
-438.03
-366.527
-305.381
-273.73
-238.154
-220.665
-181.516
-227.721
-123.066
-403.272
-890.235
-223.561
-503.843
-593.873
-510.37
-436.502
-365.415
-304.824
-273.711
-238.158
-220.072
-180.523
-228.878
-124.502
-404.961
-890.873
-223.78
-502.071
-593.099
-509.682
-435.93
-365.068
-304.731
-273.995
-237.937
-219.287
-179.267
-231.718
-124.759
-405.262
-892.19
-224.938
-498.828
-590.627
-507.316
-433.927
-363.598
-303.994
-274.099
-238.557
-220.798
-180.046
-237.079
-132.182
-398.514
-886.015
-257.951
-226.49
-369.387
-329.969
-295.576
-281.733
-270.447
-285.868
-287.91
-287.345
-232.406
-271.185
-123.561
-624.166
-885.825
-256.591
-227.03
-370.245
-331.046
-296.722
-282.595
-270.455
-282.981
-282.579
-281.799
-230.663
-272.325
-114.279
-623.541
-885.73
-256.03
-227.635
-370.73
-331.575
-297.217
-282.805
-270.003
-280.399
-279.373
-280.254
-231.656
-267.486
-107.178
-632.82
-885.602
-255.03
-228.134
-371.385
-332.433
-298.13
-283.464
-269.984
-278.627
-276.416
-277.942
-229.639
-268.099
-103.638
-629.583
-885.513
-254.402
-228.713
-371.959
-333.08
-298.742
-283.813
-269.726
-276.987
-274.277
-276.61
-227.976
-268.626
-103.765
-627.3
-885.426
-253.703
-229.193
-372.466
-333.687
-299.362
-284.3
-269.807
-275.984
-272.712
-275.842
-226.343
-269.245
-103.035
-625.71
-885.366
-253.249
-229.65
-372.905
-334.152
-299.809
-284.667
-269.926
-275.141
-271.218
-275.89
-225.117
-267.854
-100.194
-629.841
-885.286
-253.128
-229.782
-373.01
-334.271
-299.93
-284.78
-269.973
-275.034
-271.125
-276.574
-224.42
-266.637
-96.7915
-633.557
-885.214
-253.391
-229.566
-372.806
-334.072
-299.767
-284.685
-270.016
-275.353
-271.559
-276.312
-225.255
-267.81
-100.267
-629.68
-885.169
-253.857
-229.052
-372.307
-333.541
-299.27
-284.308
-269.955
-276.379
-273.415
-276.442
-226.844
-269.158
-102.901
-625.648
-885.181
-254.523
-228.535
-371.733
-332.858
-298.592
-283.802
-269.931
-277.542
-275.251
-277.425
-228.699
-268.521
-103.576
-627.054
-885.231
-255.103
-227.921
-371.098
-332.145
-297.923
-283.423
-270.226
-279.338
-277.654
-278.954
-230.575
-268.04
-103.373
-629.362
-885.33
-256.047
-227.385
-370.38
-331.211
-296.938
-282.714
-270.261
-281.23
-280.829
-281.43
-232.745
-267.424
-106.821
-632.613
-885.405
-256.566
-226.762
-369.856
-330.636
-296.399
-282.479
-270.743
-283.954
-284.217
-283.096
-231.916
-272.123
-113.898
-623.616
-885.579
-257.87
-226.184
-368.944
-329.488
-295.185
-281.572
-270.727
-286.839
-289.571
-288.65
-233.842
-270.863
-122.779
-624.667
-888.099
-297.502
-178.961
-310.859
-274.689
-246.209
-250.382
-260.299
-315.132
-347.658
-350.59
-280.352
-263.362
-3.18126
-947.249
-887.927
-297.053
-178.844
-311.105
-275.402
-247.2
-251.532
-260.503
-309.792
-341.129
-344.572
-280.364
-268.38
-6.4626
-937.387
-887.825
-296.898
-178.995
-311.424
-275.913
-247.688
-251.732
-259.351
-303.252
-335.293
-341.74
-280.46
-268.113
2.19787
-939.682
-887.64
-296.602
-179.023
-311.72
-276.559
-248.452
-252.387
-259.155
-299.312
-330.506
-338.179
-278.686
-271.732
3.33216
-935.164
-887.484
-296.458
-179.16
-312.056
-277.125
-249.011
-252.727
-258.639
-295.984
-326.725
-335.676
-277.037
-273.24
1.6632
-933.661
-887.303
-296.277
-179.202
-312.276
-277.582
-249.514
-253.158
-258.469
-293.5
-324.032
-334.036
-275.585
-275.096
2.01206
-930.802
-887.157
-296.194
-179.249
-312.439
-277.922
-249.88
-253.549
-258.391
-291.376
-322.081
-333.226
-274.783
-276.154
5.98515
-930.781
-886.962
-296.209
-179.263
-312.454
-278
-249.955
-253.653
-258.301
-291.029
-322.203
-333.315
-274.096
-275.986
10.062
-931.63
-886.904
-296.277
-179.24
-312.371
-277.861
-249.824
-253.521
-258.438
-291.629
-322.419
-333.348
-274.865
-276.031
5.9686
-929.725
-887
-296.301
-179.129
-312.125
-277.431
-249.381
-253.08
-258.54
-294.017
-324.697
-334.196
-275.759
-274.921
1.97325
-928.451
-887.112
-296.407
-179.052
-311.835
-276.887
-248.802
-252.597
-258.752
-296.7
-327.621
-335.88
-277.229
-273.022
1.53837
-930.433
-887.217
-296.498
-178.877
-311.427
-276.235
-248.167
-252.195
-259.286
-300.233
-331.587
-338.431
-278.917
-271.5
3.41435
-931.813
-887.356
-296.728
-178.807
-311.06
-275.497
-247.314
-251.46
-259.487
-304.32
-336.4
-342.02
-280.659
-267.869
2.5991
-936.137
-887.427
-296.843
-178.634
-310.692
-274.924
-246.77
-251.219
-260.665
-310.971
-342.13
-344.882
-280.554
-268.065
-5.60131
-934.064
-887.569
-297.236
-178.708
-310.38
-274.124
-245.691
-250.002
-260.383
-316.234
-348.435
-350.691
-280.466
-263.114
-2.08584
-943.625
-894.29
-302.916
-153.837
-267.592
-233.377
-204.883
-207.856
-226.099
-300.823
-348.145
-363.329
-319.266
-285.98
62.7616
-1225.77
-894.277
-302.766
-153.929
-268.043
-234.351
-206.436
-210.867
-228.908
-303.961
-345.851
-359.163
-317.602
-288.188
65.0588
-1222.84
-894.32
-302.718
-154.099
-268.466
-235.063
-207.362
-212.273
-228.748
-301.258
-344.214
-356.364
-317.091
-287.468
65.3859
-1222.27
-894.32
-302.624
-154.24
-268.934
-235.939
-208.538
-213.988
-229.627
-298.939
-342.278
-353.799
-316.581
-289.162
65.3353
-1217.93
-894.341
-302.592
-154.409
-269.38
-236.702
-209.458
-215.169
-229.842
-296.212
-340.168
-351.851
-315.719
-289.751
63.6547
-1215.79
-894.333
-302.531
-154.517
-269.723
-237.335
-210.273
-216.259
-230.091
-293.543
-338.472
-351.388
-315.623
-290.5
61.5917
-1210.98
-894.335
-302.489
-154.593
-269.964
-237.782
-210.874
-217.183
-230.181
-290.783
-337.008
-351.516
-316.015
-290.562
58.7797
-1208.01
-894.323
-302.427
-154.59
-270.017
-237.874
-211.016
-217.41
-229.916
-290.065
-336.59
-351.525
-316.066
-289.549
57.1497
-1205.84
-894.322
-302.382
-154.523
-269.898
-237.648
-210.762
-217.052
-230.171
-290.906
-337.033
-351.371
-316.238
-290.219
56.1404
-1204.35
-894.285
-302.332
-154.381
-269.579
-237.076
-210.047
-215.992
-230.025
-293.83
-338.551
-351.057
-315.949
-289.861
56.9273
-1204.58
-894.249
-302.309
-154.216
-269.153
-236.326
-209.122
-214.789
-229.792
-296.505
-340.232
-351.359
-316.097
-288.851
58.6335
-1208.18
-894.171
-302.275
-154.007
-268.632
-235.466
-208.101
-213.478
-229.564
-299.216
-342.308
-353.198
-316.959
-288.106
60.4362
-1210.08
-894.107
-302.312
-153.825
-268.078
-234.491
-206.813
-211.63
-228.665
-301.373
-344.094
-355.683
-317.415
-286.288
60.7688
-1213.94
-893.989
-302.338
-153.646
-267.597
-233.719
-205.818
-210.144
-228.782
-303.69
-345.713
-358.621
-317.95
-286.948
60.7364
-1214.48
-893.931
-302.443
-153.526
-267.079
-232.657
-204.167
-207.038
-225.798
-300.42
-347.986
-362.516
-319.612
-284.531
58.3637
-1217.07
-926.393
-297.402
-141.55
-249.497
-208.85
-173.514
-161.957
-171.353
-232.394
-295.431
-323.979
-355.147
-300.421
-12.7192
-1528.58
-926.462
-297.421
-141.697
-250.011
-209.918
-175.303
-165.744
-176.046
-236.892
-302.507
-328.429
-354.829
-300.143
-4.39266
-1526.46
-926.547
-297.465
-141.867
-250.502
-210.815
-176.701
-168.365
-178.344
-236.615
-303.332
-328.541
-354.69
-300.14
-5.10845
-1525.44
-926.605
-297.517
-142.056
-251.062
-211.871
-178.266
-170.98
-180.926
-237.146
-303.1
-328.796
-354.823
-299.664
-3.32195
-1521.27
-926.655
-297.59
-142.245
-251.576
-212.828
-179.609
-173.122
-182.572
-237.082
-301.482
-327.524
-354.197
-299.351
-4.36586
-1518.8
-926.673
-297.629
-142.392
-251.992
-213.649
-180.836
-175.13
-183.81
-236.852
-300.008
-326.864
-354.095
-298.834
-6.42689
-1513.25
-926.682
-297.644
-142.493
-252.272
-214.232
-181.784
-176.844
-184.114
-236.041
-298.326
-326.222
-354.113
-298.104
-10.2528
-1509.7
-926.667
-297.591
-142.503
-252.343
-214.371
-182.053
-177.341
-183.601
-235.494
-297.673
-325.563
-354.143
-297.189
-14.6154
-1505.15
-926.648
-297.499
-142.432
-252.207
-214.075
-181.652
-176.708
-184.14
-236.063
-298.263
-326.073
-354.529
-297.807
-17.1745
-1501.59
-926.587
-297.362
-142.281
-251.847
-213.351
-180.563
-174.805
-183.676
-236.872
-299.963
-326.607
-354.752
-297.812
-16.4352
-1502.31
-926.502
-297.22
-142.083
-251.341
-212.4
-179.199
-172.654
-182.312
-237.063
-301.301
-327.105
-355.067
-297.782
-13.9338
-1507.46
-926.381
-297.069
-141.853
-250.745
-211.333
-177.726
-170.333
-180.515
-237.126
-302.793
-328.188
-355.657
-297.66
-12.3622
-1510.2
-926.244
-296.951
-141.619
-250.095
-210.167
-176.027
-167.559
-177.848
-236.544
-302.709
-327.759
-355.494
-297.832
-13.6765
-1513.83
-926.073
-296.887
-141.434
-249.547
-209.203
-174.547
-164.845
-175.545
-236.701
-301.591
-327.589
-355.597
-297.669
-12.7631
-1514.9
-925.926
-296.82
-141.25
-248.969
-208.047
-172.669
-160.982
-170.791
-231.98
-294.442
-323.042
-355.824
-297.718
-20.7207
-1516.61
-958.271
-289.458
-135.096
-238.689
-190.127
-152.827
-133.038
-131.36
-171.317
-231.103
-281.446
-374.273
-356.606
-73.3323
-1902.29
-958.368
-289.553
-135.259
-239.181
-191.02
-154.302
-135.254
-134.278
-175.033
-234.707
-284.246
-375.045
-353.196
-66.1238
-1894.04
-958.47
-289.642
-135.415
-239.656
-191.819
-155.629
-137.056
-135.698
-176.008
-234.513
-283.926
-374.983
-351.368
-66.4679
-1890.84
-958.555
-289.763
-135.61
-240.219
-192.785
-157.103
-138.99
-137.46
-177.808
-235.523
-284.705
-375.923
-349.529
-63.9272
-1879.7
-958.622
-289.888
-135.794
-240.738
-193.701
-158.472
-140.908
-138.777
-178.732
-235.395
-284.143
-375.324
-346.811
-66.8572
-1875.84
-958.656
-289.978
-135.946
-241.176
-194.526
-159.821
-142.995
-139.932
-179.458
-235.326
-284.353
-376.877
-346.671
-68.8253
-1861.8
-958.675
-290.021
-136.046
-241.472
-195.14
-160.957
-145.094
-140.347
-179.123
-234.486
-283.716
-376.197
-343.836
-74.2458
-1858.3
-958.658
-289.976
-136.063
-241.552
-195.304
-161.334
-145.871
-140.246
-178.515
-233.885
-283.645
-377.524
-344.555
-78.6842
-1846.48
-958.629
-289.863
-135.992
-241.405
-194.986
-160.836
-145
-140.368
-179.173
-234.413
-283.824
-377.214
-344.476
-84.8858
-1843.95
-958.554
-289.681
-135.841
-241.025
-194.236
-159.566
-142.712
-139.876
-179.393
-235.311
-284.526
-377.984
-345.008
-82.2399
-1847.15
-958.443
-289.477
-135.639
-240.495
-193.284
-158.089
-140.516
-138.644
-178.575
-235.364
-284.435
-377.343
-345.091
-78.9822
-1858.97
-958.295
-289.263
-135.415
-239.892
-192.262
-156.59
-138.448
-137.224
-177.616
-235.527
-284.872
-377.647
-346.411
-75.3437
-1864.72
-958.12
-289.066
-135.173
-239.235
-191.191
-154.981
-136.401
-135.379
-175.833
-234.53
-284.127
-376.98
-347.94
-76.7235
-1874.27
-957.917
-288.955
-135.004
-238.702
-190.328
-153.574
-134.546
-133.914
-174.916
-234.699
-284.345
-376.878
-349.338
-76.1649
-1877.96
-957.728
-288.803
-134.802
-238.142
-189.352
-152.028
-132.283
-130.933
-171.171
-231.039
-281.51
-376.039
-352.27
-82.3874
-1885.31
-1009.2
-288.041
-136.915
-244.15
-190.047
-152.97
-132.91
-122.982
-159.177
-222.917
-293.664
-395.475
-437.263
-56.2841
-2339.17
-1009.3
-288.16
-137.072
-244.571
-190.767
-154.009
-134.151
-124.385
-159.815
-223.519
-294.657
-396.998
-435.03
-57.5751
-2331.03
-1009.39
-288.257
-137.207
-244.971
-191.407
-155.042
-135.216
-125.142
-159.142
-222.843
-294.167
-397.81
-432.91
-61.484
-2327.86
-1009.48
-288.391
-137.387
-245.462
-192.21
-156.22
-136.395
-126.246
-159.032
-222.853
-294.806
-400.524
-433.346
-66.4424
-2307.44
-1009.54
-288.519
-137.551
-245.916
-192.986
-157.397
-137.716
-127.27
-158.305
-222.089
-294.264
-400.946
-429.24
-74.502
-2302.21
-1009.57
-288.609
-137.69
-246.308
-193.7
-158.629
-139.228
-128.482
-157.362
-221.424
-294.855
-403.53
-429.857
-82.3235
-2278.89
-1009.59
-288.645
-137.78
-246.575
-194.239
-159.708
-140.793
-129.295
-155.819
-220.228
-294.337
-403.618
-426.212
-90.7832
-2273.44
-1009.57
-288.59
-137.798
-246.648
-194.382
-160.089
-141.41
-129.494
-155.168
-219.784
-294.897
-405.546
-428.449
-98.4599
-2252.61
-1009.54
-288.466
-137.733
-246.514
-194.107
-159.638
-140.76
-129.354
-155.949
-220.379
-294.776
-405.397
-430.277
-105.335
-2248.78
-1009.45
-288.27
-137.595
-246.167
-193.443
-158.451
-139.048
-128.484
-157.532
-221.822
-295.377
-405.762
-429.166
-97.7628
-2258.32
-1009.33
-288.049
-137.407
-245.685
-192.611
-157.115
-137.463
-127.249
-158.525
-222.661
-295.15
-404.909
-427.898
-88.238
-2278.07
-1009.18
-287.822
-137.204
-245.149
-191.734
-155.82
-136.017
-126.15
-159.309
-223.539
-295.492
-404.119
-428.984
-78.9805
-2288.7
-1008.99
-287.603
-136.975
-244.562
-190.826
-154.51
-134.742
-124.993
-159.501
-223.661
-295.058
-402.047
-428.418
-73.0135
-2306.32
-1008.78
-287.484
-136.829
-244.105
-190.124
-153.398
-133.625
-124.207
-160.218
-224.362
-295.409
-400.977
-429.753
-69.4059
-2310.81
-1008.58
-287.302
-136.631
-243.613
-189.316
-152.289
-132.338
-122.765
-159.539
-223.771
-294.453
-399.56
-431.718
-67.4713
-2317.87
-1073.69
-291.473
-143.395
-259.822
-202.411
-169.195
-155.013
-145.01
-187.681
-250.029
-348.063
-406.314
-547.297
-0.386517
-3078.11
-1073.77
-291.587
-143.528
-260.16
-202.958
-169.864
-155.599
-145.348
-187.104
-250.246
-350.131
-413.134
-563.291
-6.85777
-2977.02
-1073.84
-291.675
-143.635
-260.47
-203.433
-170.61
-156.299
-145.673
-186.055
-249.575
-349.226
-412.898
-551.372
-18.3711
-2959.66
-1073.9
-291.792
-143.782
-260.862
-204.052
-171.46
-156.973
-146.146
-185.365
-249.653
-350.999
-420.972
-559.22
-20.4318
-2888.15
-1073.95
-291.897
-143.913
-261.222
-204.66
-172.367
-157.955
-146.731
-184.243
-248.647
-348.871
-418.423
-538.362
-40.4063
-2884.73
-1073.97
-291.96
-144.026
-261.535
-205.228
-173.335
-159.227
-147.489
-183.275
-248.476
-350.905
-428.204
-555.845
-59.3457
-2787.18
-1073.98
-291.97
-144.096
-261.745
-205.656
-174.168
-160.656
-147.813
-181.646
-247.117
-348.809
-423.943
-530.301
-70.312
-2811.7
-1073.96
-291.891
-144.105
-261.795
-205.76
-174.454
-161.285
-147.909
-181.26
-247.173
-351.254
-430.972
-552.653
-81.0945
-2754.72
-1073.92
-291.755
-144.045
-261.676
-205.523
-174.116
-160.631
-147.904
-181.767
-247.433
-349.87
-426.939
-545.343
-92.5992
-2761.01
-1073.82
-291.555
-143.924
-261.38
-204.965
-173.19
-159.069
-147.536
-183.366
-248.923
-351.144
-430.988
-545.603
-71.6292
-2785.74
-1073.69
-291.332
-143.757
-260.968
-204.274
-172.128
-157.733
-146.787
-184.414
-249.518
-349.681
-425.413
-539.251
-56.7548
-2840.61
-1073.53
-291.109
-143.584
-260.521
-203.564
-171.117
-156.62
-146.113
-185.503
-250.53
-350.871
-425.896
-550.902
-39.8875
-2860.86
-1073.34
-290.89
-143.379
-260.024
-202.831
-170.139
-155.834
-145.594
-186.276
-250.676
-349.399
-419.287
-545.577
-33.4164
-2924.22
-1073.12
-290.78
-143.262
-259.656
-202.292
-169.317
-155.061
-145.202
-187.329
-251.32
-349.832
-418.533
-555.812
-22.2951
-2947.1
-1072.91
-290.59
-143.079
-259.236
-201.641
-168.562
-154.405
-144.801
-187.86
-251.119
-347.769
-411.806
-538.941
-13.7217
-3047.23
-1153.42
-304.493
-155.977
-287.03
-229.155
-201.441
-197.708
-188.571
-241.65
-285.916
-423.233
-399.716
-691.908
84.0115
-3662.97
-1153.48
-304.591
-156.086
-287.301
-229.593
-201.912
-198.01
-188.445
-241.14
-285.908
-426.986
-400.315
-669.574
88.1237
-3679.71
-1153.52
-304.661
-156.168
-287.537
-229.962
-202.463
-198.724
-188.628
-240.397
-285.538
-427.378
-405.433
-678.169
61.3407
-3658.99
-1153.57
-304.752
-156.286
-287.844
-230.457
-203.104
-199.296
-188.827
-240.114
-286.456
-431.491
-410.493
-719.047
5.92436
-3497.02
-1153.6
-304.824
-156.385
-288.118
-230.935
-203.791
-200.204
-189.248
-239.355
-285.777
-428.881
-416.523
-686.204
-17.5246
-3509.58
-1153.6
-304.851
-156.474
-288.353
-231.384
-204.515
-201.467
-189.894
-239.38
-285.93
-433.71
-423.218
-687.008
-12.8621
-3461.3
-1153.61
-304.829
-156.525
-288.504
-231.709
-205.092
-202.748
-190.19
-238.101
-284.301
-430.962
-422.963
-661.629
-18.8327
-3516.84
-1153.57
-304.729
-156.524
-288.527
-231.774
-205.284
-203.339
-190.467
-238.384
-284.975
-438.551
-425.617
-738.282
-61.4542
-3343
-1153.51
-304.588
-156.468
-288.418
-231.564
-205.043
-202.745
-190.308
-238.489
-285.258
-435.217
-427.343
-696.315
-49.7741
-3416.65
-1153.41
-304.392
-156.362
-288.168
-231.095
-204.377
-201.337
-189.983
-239.656
-287.132
-435.172
-430.471
-690.772
-24.5286
-3437.13
-1153.27
-304.182
-156.216
-287.818
-230.506
-203.559
-200.003
-189.4
-239.8
-287.74
-431.331
-428.816
-687.317
-20.6743
-3462.6
-1153.1
-303.977
-156.069
-287.448
-229.915
-202.775
-198.94
-188.891
-240.332
-288.409
-431.856
-421.56
-705.411
1.89639
-3482.49
-1152.9
-303.773
-155.887
-287.022
-229.286
-202.005
-198.216
-188.668
-240.634
-287.785
-428.005
-416.309
-672.61
51.5593
-3614.18
-1152.67
-303.685
-155.795
-286.723
-228.848
-201.384
-197.397
-188.417
-241.245
-288.077
-426.696
-409.48
-663.802
71.5831
-3642.99
-1152.45
-303.499
-155.629
-286.355
-228.282
-200.801
-196.989
-188.47
-241.646
-288.061
-422.846
-409.209
-684.761
69.073
-3631.44
-1245.09
-327.954
-173.666
-324.524
-269.389
-247.045
-260.237
-246.767
-326.561
-329.183
-541.304
-372.457
-783.015
234.998
-5428.13
-1245.12
-328.016
-173.742
-324.738
-269.755
-247.457
-260.578
-246.782
-327.198
-330.971
-558.006
-366.92
-1061.87
57.8477
-4782.44
-1245.14
-328.054
-173.797
-324.907
-270.025
-247.84
-261.169
-246.907
-326.464
-330.558
-554.88
-382.792
-917.792
129.33
-4716.17
-1245.15
-328.092
-173.875
-325.133
-270.411
-248.345
-261.744
-247.096
-326.845
-332.875
-559.818
-409.42
-938.877
103.873
-4460.84
-1245.16
-328.099
-173.937
-325.319
-270.746
-248.831
-262.384
-247.341
-325.698
-330.822
-548.148
-399.941
-824.88
80.7953
-4625.32
-1245.15
-328.059
-173.986
-325.475
-271.062
-249.358
-263.435
-248.286
-327.136
-332.574
-566.18
-402.501
-1079.72
-54.309
-4174.63
-1245.12
-327.989
-174.003
-325.564
-271.253
-249.724
-264.209
-248.779
-325.455
-330.702
-555.748
-410.595
-864.469
23.1885
-4407.2
-1245.06
-327.855
-173.979
-325.549
-271.258
-249.841
-264.642
-249.358
-326.928
-332.681
-573.205
-425.807
-995.432
-7.09199
-4147.43
-1244.96
-327.696
-173.914
-325.429
-271.047
-249.621
-264.143
-248.903
-326.209
-332.358
-564.265
-414.325
-983.548
-41.8928
-4178.63
-1244.82
-327.495
-173.81
-325.2
-270.649
-249.114
-263.143
-248.282
-327.231
-334.427
-567.014
-423.555
-969.689
63.8277
-4377.8
-1244.65
-327.288
-173.672
-324.883
-270.128
-248.44
-261.932
-247.375
-325.997
-333.363
-552.998
-412.315
-859.017
88.8896
-4470.76
-1244.44
-327.094
-173.543
-324.561
-269.63
-247.814
-261.032
-246.925
-326.3
-334.854
-558.287
-418.695
-921.722
83.413
-4407.67
-1244.21
-326.9
-173.371
-324.172
-269.052
-247.13
-260.209
-246.638
-325.729
-332.699
-553.696
-394.781
-905.404
125.435
-4649.15
-1243.95
-326.835
-173.299
-323.92
-268.684
-246.651
-259.442
-246.369
-325.992
-332.711
-554.655
-375.099
-1059.93
35.9639
-4711.63
-1243.7
-326.651
-173.138
-323.569
-268.133
-246.063
-258.89
-246.192
-325.074
-330.676
-537.712
-380.888
-771.263
210.679
-5386.34
-1345.22
-363.363
-195.183
-369.686
-319.304
-299.803
-333.267
-308.022
-426.101
-364.164
-667.829
-337.373
-1034.8
154.745
-6082.38
-1345.23
-363.389
-195.237
-369.872
-319.656
-300.32
-334.056
-308.882
-429.714
-364.869
-697.418
-318.915
-1312.58
-146.788
-5191.52
-1345.23
-363.393
-195.274
-370.003
-319.865
-300.679
-334.604
-309.504
-429.429
-365.918
-695.882
-347.139
-1074.1
80.8403
-5617.57
-1345.22
-363.385
-195.327
-370.181
-320.201
-301.226
-335.494
-310.433
-432.205
-369.465
-708.128
-342.408
-1113.31
173.022
-5655.29
-1345.21
-363.353
-195.36
-370.317
-320.432
-301.668
-335.991
-311.092
-431.109
-368.882
-691.179
-351.328
-980.685
94.1285
-5980.48
-1345.17
-363.279
-195.38
-370.422
-320.663
-302.165
-337.113
-312.862
-436.332
-372.342
-745.02
-348.511
-1487.87
-243.709
-5010.21
-1345.11
-363.185
-195.373
-370.465
-320.741
-302.453
-337.439
-313.812
-433.6
-371.865
-711.051
-376.803
-1024.06
41.4168
-5711.13
-1345.01
-363.038
-195.332
-370.413
-320.699
-302.552
-337.922
-314.844
-438.226
-376.064
-759.759
-397.919
-1497.01
-67.2802
-4966.25
-1344.88
-362.878
-195.257
-370.269
-320.455
-302.286
-337.316
-314.052
-435.245
-374.682
-731.764
-391.912
-1245.3
-27.8615
-5230.16
-1344.7
-362.687
-195.153
-370.033
-320.091
-301.797
-336.639
-312.981
-436.731
-376.208
-750.979
-379.27
-1493.93
-76.5701
-5083.06
-1344.49
-362.497
-195.018
-369.714
-319.575
-301.083
-335.291
-311.213
-432.294
-373.089
-707.775
-374.109
-1073.73
103.663
-5832.84
-1344.25
-362.325
-194.898
-369.398
-319.111
-300.442
-334.383
-310.203
-431.578
-372.535
-709.438
-358.099
-1112.14
170.613
-5584.55
-1343.98
-362.154
-194.73
-369.007
-318.511
-299.643
-333.146
-309.032
-428.521
-368.991
-696.107
-366.964
-1040.68
112.344
-5593.87
-1343.7
-362.117
-194.667
-368.764
-318.163
-299.151
-332.332
-308.127
-427.789
-366.919
-692.047
-329.468
-1305.01
-156.926
-5214.45
-1343.43
-361.944
-194.507
-368.398
-317.556
-298.376
-331.208
-306.963
-423.686
-365.665
-660.537
-352.084
-988.079
151.938
-6180.94
-1446.99
-413.967
-223.208
-424.507
-385.101
-367.33
-429.492
-388.15
-573.615
-426.874
-946.258
-302.263
-1686.23
415.465
-6338.69
-1446.97
-413.911
-223.194
-424.611
-385.303
-367.774
-430.174
-389.137
-576.959
-427.368
-965.222
-324.022
-1733.82
-111.692
-6301.83
-1446.93
-413.847
-223.18
-424.672
-385.334
-367.987
-430.075
-389.539
-573.339
-426.991
-933.38
-355.9
-1326.71
171.996
-7459.51
-1446.87
-413.748
-223.154
-424.749
-385.463
-368.391
-430.672
-390.494
-576.275
-428.994
-953.097
-351.158
-1468.96
417.408
-7476.79
-1446.8
-413.631
-223.112
-424.79
-385.446
-368.629
-430.356
-390.733
-571.408
-427.303
-920.768
-365.116
-1502.49
140.125
-7422.83
-1446.68
-413.47
-223.057
-424.79
-385.467
-368.942
-431.127
-392.312
-577.603
-430.24
-974.061
-358.177
-1806.86
-137.998
-6375.71
-1446.54
-413.299
-222.984
-424.74
-385.334
-369.043
-430.626
-392.811
-570.791
-427.696
-904.482
-362.978
-1207.57
19.1888
-7558.66
-1446.35
-413.087
-222.888
-424.605
-385.185
-369.038
-431.151
-393.849
-578.844
-434.241
-984.359
-386.278
-1950.15
-29.9678
-6240.58
-1446.12
-412.875
-222.771
-424.399
-384.856
-368.689
-430.262
-392.945
-572.874
-432.407
-929.628
-395.839
-1325.66
125.084
-7223.89
-1445.86
-412.646
-222.643
-424.123
-384.517
-368.209
-430.096
-392.146
-577.684
-435.273
-983.675
-381.862
-1883.81
88.7601
-6398.34
-1445.56
-412.431
-222.49
-423.777
-384.02
-367.479
-428.874
-390.27
-572.769
-432.398
-943.959
-382.699
-1615.86
101.362
-7004.54
-1445.25
-412.249
-222.369
-423.454
-383.637
-366.878
-428.462
-389.402
-574.755
-433.074
-958.372
-377.336
-1551.12
384.699
-7159.88
-1444.91
-412.072
-222.192
-423.047
-383.067
-366.022
-427.26
-387.787
-571.439
-429.744
-938.004
-373.481
-1336.42
174.159
-7284.59
-1444.56
-412.052
-222.14
-422.809
-382.793
-365.56
-426.881
-386.847
-573.308
-428.604
-959.85
-337.427
-1726.39
-120.685
-6224.51
-1444.25
-411.866
-221.969
-422.423
-382.179
-364.665
-425.576
-385.116
-568.928
-426.481
-938.256
-318.437
-1660.43
340.62
-6386.32
-1546.28
-478.632
-254.206
-483.834
-455.152
-433.915
-522.422
-460.123
-700.573
-481.229
-1122.2
-395.805
-2204.6
61.7098
-8460.52
-1546.24
-478.544
-254.149
-483.893
-455.228
-434.412
-523.161
-461.823
-704.733
-483.179
-1130.89
-400.789
-1841.16
261.741
-8665.55
-1546.19
-478.457
-254.1
-483.923
-455.122
-434.644
-522.732
-462.363
-700.115
-476.995
-1083.85
-312.109
-1640.51
326.837
-9677.16
-1546.1
-478.323
-254.021
-483.939
-455.089
-435.07
-523.404
-464.124
-707.448
-482.729
-1171.08
-351.903
-2333.59
-29.4704
-9160.25
-1545.99
-478.177
-253.927
-483.915
-454.863
-435.255
-522.524
-464.508
-700.38
-480.969
-1124.38
-347.539
-2122.53
-21.1204
-8894.24
-1545.83
-477.988
-253.816
-483.83
-454.701
-435.473
-523.107
-466.14
-707.57
-485.806
-1176.01
-360.721
-2290.9
-40.1157
-8618.13
-1545.65
-477.797
-253.692
-483.695
-454.357
-435.402
-521.866
-465.933
-697.296
-480.266
-1076.26
-342.597
-1447.2
-17.5142
-10228.1
-1545.42
-477.573
-253.553
-483.473
-454.078
-435.26
-522.332
-466.797
-706.635
-488.658
-1167.83
-374.505
-2342.07
-277.5
-8265.02
-1545.16
-477.358
-253.403
-483.189
-453.617
-434.756
-520.971
-465.61
-698.335
-485.841
-1100.3
-386.905
-1559.8
218.55
-10005.5
-1544.86
-477.134
-253.254
-482.843
-453.241
-434.171
-520.987
-464.962
-704.341
-489.731
-1163.43
-392.939
-2218.53
93.4652
-8853.62
-1544.54
-476.935
-253.089
-482.432
-452.693
-433.256
-519.562
-462.469
-698.291
-484.11
-1127.62
-375.905
-2125.51
-47.0946
-8723.98
-1544.2
-476.77
-252.961
-482.048
-452.318
-432.478
-519.315
-460.907
-701.195
-482.751
-1151.35
-375.806
-2314.36
-17.1438
-8834.83
-1543.85
-476.617
-252.783
-481.586
-451.717
-431.367
-517.772
-458.047
-693.979
-475.641
-1075.09
-338.53
-1573.2
234.234
-9613.53
-1543.49
-476.612
-252.728
-481.306
-451.462
-430.751
-517.524
-456.596
-696.064
-478.549
-1101.64
-413.632
-1695.73
276.158
-8660.16
-1543.17
-476.445
-252.56
-480.877
-450.813
-429.614
-515.967
-453.909
-691.325
-475.234
-1091.18
-414.802
-1973.98
87.3471
-8614.31
-1614.4
-579.402
-301.774
-546.462
-558.287
-529.456
-667.626
-569.125
-916.052
-575.494
-1433.71
-339.377
-2326.81
2189.16
-14866.7
-1614.3
-579.145
-301.507
-546.306
-557.713
-529.28
-666.235
-567.952
-912.834
-563.051
-1423.84
-292.827
-2089.7
2235.11
-14669.8
-1614.17
-578.926
-301.31
-546.208
-557.07
-529.108
-664.06
-566.808
-904.883
-553.52
-1405.24
-276.822
-2209.67
959.894
-15064.8
-1613.98
-578.603
-301.003
-545.992
-556.303
-528.908
-662.52
-566.716
-906.329
-557.665
-1481.8
-308.615
-3096.27
-4.08453
-12584
-1613.75
-578.267
-300.703
-545.778
-555.397
-528.593
-659.499
-565.3
-893.127
-549.989
-1414.1
-307.507
-2790.76
425.57
-12158.4
-1613.45
-577.879
-300.376
-545.468
-554.589
-528.284
-658.276
-565.617
-896.087
-557.826
-1453.41
-432.688
-3303.23
172.326
-12447.6
-1613.12
-577.494
-300.068
-545.141
-553.735
-527.818
-655.835
-564.175
-885.977
-548.018
-1386.2
-354.706
-2233.07
685.792
-13552
-1612.74
-577.09
-299.772
-544.729
-553.086
-527.303
-655.487
-563.989
-893.642
-552.932
-1479.56
-375.654
-3170.55
-204.417
-11224.1
-1612.33
-576.704
-299.503
-544.299
-552.416
-526.637
-653.718
-562.932
-883.127
-551.468
-1395.11
-357.821
-2288.48
893.069
-13577.6
-1611.88
-576.334
-299.278
-543.829
-552.017
-525.936
-653.998
-562.638
-887.763
-559.883
-1420.73
-488.386
-2930.68
370.221
-13034.7
-1611.42
-576.001
-299.069
-543.337
-551.607
-525.05
-653.547
-560.718
-884.794
-551.084
-1400.22
-352.766
-2798.06
260.684
-12032.4
-1610.96
-575.746
-298.944
-542.9
-551.503
-524.36
-654.883
-560.439
-893.624
-557.067
-1441.59
-348.171
-2943.02
273.782
-12282.7
-1610.49
-575.508
-298.76
-542.409
-551.218
-523.429
-654.982
-558.797
-892.325
-554.118
-1391.01
-345.9
-2299.33
966.56
-14791.3
-1610.06
-575.463
-298.736
-542.123
-551.257
-522.962
-656.231
-558.748
-898.419
-563.513
-1396.41
-365.314
-2129.51
2156.9
-14656.2
-1609.67
-575.222
-298.56
-541.7
-550.92
-522.082
-656.229
-557.829
-899.987
-571.636
-1401.28
-396.651
-2302.38
2314.6
-14847.5
-1775.41
-2434.22
-3022.18
-3774.41
-4679.16
-5787.1
-7282.35
-9045.74
-11728
-14480.5
-20106.4
-22540.8
-42301.9
-31639.3
-105674
-662.279
-789.154
-855.433
-1043.3
-1280.17
-1597.65
-2064.21
-2634.76
-3618.64
-4595.4
-6967.61
-8518.75
-12832
-18315.5
-19873.4
-386.804
-503.559
-610.063
-801.465
-1007.61
-1299.02
-1658.2
-2216.55
-2879.43
-4041.53
-5187.88
-8058.7
-9221.22
-20271.7
-647.84
-626.194
-827.203
-1015.45
-1280.77
-1573.84
-1993.69
-2501.23
-3305.37
-4207.02
-5633.32
-7068.58
-8736.98
-11213.8
-8896.93
-11345.7
-647.297
-845.948
-1032.49
-1298.1
-1598.05
-2045.41
-2555.01
-3401.09
-4181.69
-5630
-6401.19
-8499.48
-8101.02
-11735.7
-9511.53
-601.426
-798.026
-983.641
-1222.02
-1468.86
-1880.02
-2359.86
-3263.66
-3932.47
-5378.88
-5568.22
-7299.01
-6274.57
-8140.71
-9317.99
-769.916
-1026.15
-1268.91
-1569.75
-1942.81
-2595.83
-3265.2
-4406.52
-4980.54
-6818.04
-6358.93
-9425.45
-6201.02
-12830.1
-10464
-634.226
-863.545
-1085.03
-1266.23
-1455.57
-1962.9
-2566.86
-3763.2
-4095.33
-5971.03
-4374.44
-7510.73
-1541.41
-9329.98
-3873.62
-1050.19
-1403.01
-1676.39
-1930.22
-2572.66
-3980.73
-5112.28
-6634.54
-6905.79
-9767.69
-7846.78
-15786.2
-7377.79
-24464.9
-8395.7
-668.3
-975.726
-1338.18
-1279.05
-1658.91
-2473.61
-3396.67
-4795.34
-4681.7
-7641.12
-5173.41
-13171.9
8785.98
-9958.11
16235.5
-1761.22
-2353.55
-2191.39
-2222.1
-4567.3
-7926.15
-9628.69
-11361.9
-12332.7
-17559.4
-21391.7
-38107.1
-26304.9
-64424.8
-77212
-420.173
-1132.85
-1607.08
-604.435
-60.0714
-2030.22
-3064.74
-3604.22
-3155.82
-8168.4
-13313.5
-31464.5
-21934.4
-73608.6
-59180.8
-4904.06
-5724.65
-2827.97
-4164.62
-13864.7
-19489.7
-19149.3
-21235.4
-26983.9
-38399.4
-43709.3
-58234.2
-61705.1
-98359.9
4009.9
647.292
-1010.24
-3624.39
4526.82
6714.17
1054.61
6506.45
11008
16653.4
17032.1
18176.3
2582.72
6239.85
-64485.1
19319.2
-16909.6
-20219.5
-36310.9
-33528.9
-33075.8
-27412.1
-33950
-43989.9
-51687
-69257.1
-68705.2
-81090.6
-41625.6
-56434.6
-73059.2
-1775.35
-2433.74
-3021.61
-3773.15
-4677.6
-5784.16
-7276.38
-9034.62
-11706.8
-14453.1
-20069.6
-22529.8
-42227.5
-31631.1
-106795
-662.062
-788.439
-854.241
-1040.65
-1275.47
-1589.56
-2050.37
-2616.7
-3587.91
-4567.61
-6907.77
-8501.5
-12686.4
-18962.8
-16883.1
-386.389
-502.671
-608.245
-798
-1001.35
-1288.5
-1642.02
-2194.52
-2849.79
-4001.41
-5142.12
-7948.43
-9328.77
-19886
-1186.83
-625.995
-826.452
-1013.28
-1275.91
-1564.38
-1975.12
-2470.45
-3259.41
-4146.27
-5547.57
-6944.91
-8506.38
-10708.8
-8159.8
-13201.5
-646.215
-843.136
-1025.75
-1284.48
-1572.69
-1998.29
-2483.94
-3303.15
-4057.8
-5458.69
-6159.1
-8056.63
-7455.96
-10645.9
-10735.3
-601.421
-796.353
-976.858
-1206.63
-1438.69
-1819.37
-2264.71
-3131.59
-3775.11
-5173.3
-5274.3
-6723.55
-5471.91
-6836.65
-9163.2
-767.795
-1017.74
-1246.51
-1525.59
-1859.38
-2434.77
-3040.29
-4134.47
-4669.28
-6415.11
-5733.64
-8180.03
-4158.95
-10043.6
-7620.21
-635.348
-856.747
-1059.78
-1220.9
-1371.76
-1814.94
-2349.44
-3476.26
-3784.55
-5596.79
-3620.97
-5824.87
549.442
-6535.77
1322.98
-1053.58
-1376.12
-1621.6
-1831.82
-2434.06
-3680.63
-4643.12
-6076.99
-6251.99
-9071.36
-6018.26
-11952.2
-3413.41
-23614.6
1532.81
-666.165
-934.401
-1263.56
-1298.7
-1720.73
-2586.87
-3329.48
-4515.94
-4581.76
-7295.61
-4008.31
-9473.96
17328.2
276.849
45059.9
-1743.28
-2217.06
-2331.64
-2221.05
-4336.16
-7944.4
-9766.33
-10918.4
-12164.8
-17696.2
-26185.6
-38561.9
-22728.7
-56181.6
-48031.1
-448.017
-980.877
-1886.81
-1256.54
-622.119
-2452.46
-3658.25
-4883.58
-5002.3
-12116.6
-21168
-35879.5
-24671.1
-54851.6
-45574.2
-4645.97
-5259.52
-5841.82
-2911.72
-11772.8
-20213.1
-21972.1
-24334.6
-30690
-42145.7
-47381.6
-60270.5
-75936.4
-95727.9
-7981.37
193.176
-1413.3
-4902.28
-155.668
6014.86
210.415
4250.29
8166.49
13318.6
14425
15839.4
3211.76
3994.61
-60257.8
14203.7
-15215
-16162.7
-26652.5
-35355.4
-33677.5
-27858.5
-32622.4
-41771.2
-50357.6
-67832.1
-73527.6
-92913.7
-64815.4
-76845.8
-79870.6
-1775.23
-2433.42
-3021.16
-3772.06
-4675.41
-5780.61
-7269.84
-9026.93
-11690
-14432.8
-20043.8
-22511.9
-42172.6
-32272.4
-109002
-661.807
-787.818
-853.147
-1038.57
-1271.57
-1583.13
-2039.13
-2604.12
-3567.17
-4555.94
-6876.21
-8569.78
-12575.7
-19409.4
-13973.6
-386.004
-501.977
-606.965
-795.757
-997.349
-1281.24
-1631.07
-2179.53
-2833.53
-3981.84
-5119.27
-7905.05
-9259.05
-19477.7
766.895
-625.86
-825.941
-1011.82
-1272.5
-1557.54
-1960.8
-2447.89
-3226.99
-4106.86
-5493.24
-6855.08
-8369.77
-10287.8
-7975.48
-11550
-645.067
-840.591
-1020.19
-1273.81
-1553.06
-1962.4
-2435.18
-3241.2
-3987.15
-5359.77
-6014.41
-7837.32
-7075.09
-10395.2
-9428.15
-601.288
-795.166
-972.277
-1196.49
-1417.18
-1774.43
-2201.95
-3051.57
-3694.95
-5067.73
-5136.09
-6514.62
-5111.89
-6719.43
-7768.59
-764.356
-1009.14
-1226.09
-1488.62
-1787.83
-2301.29
-2887.36
-3978.04
-4518.37
-6203.99
-5440.55
-7621.41
-3582.66
-9418.74
-6142.19
-634.031
-851.49
-1041.29
-1190.01
-1301.9
-1697.68
-2217.65
-3326.07
-3666.13
-5462.42
-3424.49
-5537.85
200.417
-6384.66
2445.47
-1044.53
-1346.32
-1558.49
-1737.34
-2350.16
-3463.33
-4366.57
-5859.25
-5977.13
-8826.49
-5042.07
-10433.5
-2985.01
-18643
11565.8
-645.463
-917.58
-1200.46
-1345.76
-1887.4
-2830.95
-3258.73
-4385.5
-4719.3
-7239.92
-4271.15
-7968.82
17415.6
8923.96
43482.9
-1724.89
-2107.45
-2244.05
-2263.43
-4237.33
-7825.44
-10029.7
-10795
-12017.9
-17861.1
-24673.3
-31762.4
-14339.6
-43091.6
-15798.6
-412.116
-924.546
-1851.48
-1338.32
-705.489
-2085.19
-3460.39
-5481.22
-5937.43
-13994.3
-18738.9
-25214.1
-10976.4
-37185.2
-21785.1
-4626.04
-5188
-4913.83
-1256.49
-9826.37
-20780.2
-23831.4
-26412.7
-34247.7
-45603.3
-48189.1
-53222
-60019.2
-72266.8
-1224.55
-343.747
-1084.06
-3227.54
304.369
7055.34
676.428
3788.64
5724.38
10519.2
12871.4
17984.7
10697.9
14918.9
-43993
27928.3
-13278.8
-13741
-24969.8
-35813.2
-35588
-31155.8
-34389.2
-45022.1
-53975.8
-69613.3
-77106.5
-94667.2
-73386
-77275.6
-90264.4
-1775.07
-2432.83
-3020.46
-3770.54
-4672.93
-5775.73
-7259.05
-9011.48
-11659.9
-14408.1
-20007.7
-22453.1
-42199.9
-32656.4
-110662
-661.476
-786.895
-851.685
-1035.72
-1266.74
-1575.25
-2025.09
-2586.76
-3535.66
-4536.08
-6833.51
-8625.23
-12373.6
-19785.2
-12703.8
-385.479
-500.924
-604.966
-792.107
-990.999
-1270.39
-1614.77
-2156.02
-2804.27
-3944.43
-5082.9
-7813.13
-9179.78
-18743.4
2567.29
-625.565
-825.006
-1009.46
-1267.32
-1547.29
-1940.04
-2414.84
-3177.43
-4044.5
-5404.18
-6725.73
-8149.84
-9804.52
-7318.79
-9916.84
-643.588
-837.07
-1012.41
-1258.57
-1523.81
-1908.45
-2359.78
-3140.42
-3868.99
-5192.24
-5787.94
-7479.95
-6538.52
-9622.29
-8327.25
-601.036
-793.242
-965.484
-1181.07
-1382.8
-1704.38
-2102.82
-2917.37
-3552.05
-4868.49
-4896.67
-6120.16
-4546.91
-5918.84
-6675.94
-760.498
-997.996
-1198.07
-1434.32
-1665.51
-2074.17
-2626.03
-3695.9
-4248.42
-5812.04
-4977.46
-6826.7
-2688.02
-7765.16
-5133.38
-633.12
-844.77
-1014.29
-1133.21
-1160.46
-1491.65
-1984.64
-3062.73
-3415.88
-5089.97
-3053.97
-4979.85
277.416
-5429.99
971.46
-1032.33
-1308.05
-1467.69
-1602.15
-2101.29
-2962.15
-3818.07
-5351.97
-5459.21
-7957.23
-3972.91
-8420.65
-974.697
-10982.2
16958.7
-624.427
-909.817
-1079.76
-1445.07
-2116.15
-2846.59
-3288.18
-4367.42
-4631.99
-6485.46
-3745.31
-6380.39
12911.6
5477.18
28442.9
-1690.98
-1986.18
-2297.58
-2683.24
-4265.97
-7147.15
-8997.16
-9890.17
-10349.9
-13896.7
-19264
-24757.1
-9171.8
-38501
-9958.94
-395.035
-941.016
-2427.21
-1821.47
-1314.73
-2270.22
-2491.24
-4414.3
-6201.89
-14441.7
-18170.9
-25204.1
-9632.88
-31290.9
-14813.3
-3905.83
-5430.59
-6531.98
-3102.06
-8632.45
-20275.7
-27404
-28099.3
-32901
-45160.8
-49075.3
-53962.7
-61079.1
-86381.2
-11417.7
-234.632
-3230.08
-4221.27
67.326
6128.82
2134.93
3537.72
5979.54
10510.8
16112.7
22106.8
13910.3
15210.8
-49065.3
29213.1
-14043.4
-17507.3
-25575.6
-35113.3
-35932.4
-35626
-32943.7
-42575.7
-53435.5
-68782.6
-76586.9
-93552
-77313.4
-74441.1
-89538
-1774.88
-2432.28
-3019.6
-3768.65
-4669.46
-5770.09
-7247.78
-8997.77
-11630.4
-14387.8
-19974.4
-22367.3
-42274.4
-33109.8
-112253
-661.095
-786.01
-850.306
-1033.18
-1262.31
-1568.51
-2013.28
-2573.72
-3509.52
-4520.39
-6801.34
-8701.54
-12190.3
-20107.7
-11752.4
-384.937
-499.962
-603.238
-789.016
-985.593
-1261.01
-1601.38
-2136.96
-2783.28
-3917.41
-5059.43
-7740.7
-9090.88
-17968.6
3263.86
-625.26
-824.13
-1007.43
-1262.75
-1538.42
-1922.59
-2389.01
-3138.68
-3997.05
-5331.94
-6612.67
-7970.61
-9367.11
-6836.33
-9215.38
-641.992
-833.599
-1005.36
-1244.97
-1498.43
-1865.58
-2306.21
-3069.28
-3787.51
-5064
-5608.65
-7217.6
-6120.64
-9157.82
-7758.26
-600.614
-791.411
-960.136
-1168.1
-1355.07
-1655.66
-2044.18
-2832.3
-3464.88
-4719.87
-4729.08
-5864.19
-4252.05
-5622.1
-6231.97
-755.481
-986.415
-1171.22
-1381.12
-1539.32
-1892.72
-2464.15
-3523.56
-4095.15
-5527.19
-4697.05
-6471.3
-2281.68
-7044.18
-4910.75
-631.049
-838.477
-994.315
-1070.45
-1055.67
-1403.19
-1899.39
-2966.68
-3304.2
-4795.5
-3016.19
-4787.4
165.38
-4636.63
-1761.67
-1016.5
-1266.97
-1356.39
-1384.44
-1767.05
-2447.63
-3390.23
-5081.31
-5239.14
-7130.21
-3544.52
-7111.08
300.296
-6069.64
6898.43
-618.843
-898.18
-970.877
-1341.52
-1943.07
-2529.6
-3229.01
-4650.47
-4559.11
-5802.4
-2961.11
-5870.47
9710.91
105.776
10248.7
-1646.82
-1753.01
-1975.95
-2731.67
-3884.63
-5917.81
-7725.02
-9235.68
-9263.39
-11081
-11685.2
-15334.7
-5128.12
-34871.2
-8788.2
-418.761
-1337.55
-2075.9
-1788.98
-1767.56
-2231.68
-3012.84
-5333.21
-7313.53
-10824.3
-13743
-14896.9
-3129.36
-25924.1
1371.75
-4491.07
-5022.67
-4233.71
-3213.28
-6840.36
-14779.6
-26101.7
-30252.1
-29993.7
-34823.5
-39953.7
-40396.4
-44133.9
-49602.5
9768.75
-1386.75
-2922.92
-907.824
3990
5483.82
4092.67
4598.15
9557.21
14781.8
18043.3
22485.8
14515.4
13266.5
-17219.7
53348.9
-16638.6
-21116.3
-26725.7
-32288.3
-35691.8
-36610.7
-36184
-41767.9
-53196.1
-67379.5
-75033.7
-87442.7
-75927
-77222.5
-88731.1
-1774.66
-2431.57
-3018.6
-3766.58
-4665.81
-5763.79
-7234.36
-8982.01
-11598.5
-14369.4
-19935.2
-22244.8
-42335.7
-33457.6
-113515
-660.672
-785.044
-848.971
-1030.71
-1258.25
-1562.29
-2001.88
-2560.45
-3482.35
-4505.52
-6776.01
-8781.97
-12051.2
-20409.7
-10993.5
-384.384
-498.928
-601.415
-785.747
-980.049
-1251.58
-1587.65
-2115.99
-2759.52
-3886.67
-5037.18
-7659.17
-9019.61
-17269.7
3468.75
-624.836
-823.048
-1005.25
-1258.03
-1529.59
-1905.47
-2362.98
-3097.29
-3944.61
-5251.21
-6492.34
-7777.19
-8932.94
-6334.55
-8713.05
-640.512
-830.166
-998.616
-1231.37
-1473.53
-1823.21
-2248.97
-2987.94
-3690.72
-4914.29
-5405.2
-6918.76
-5632.41
-8637.29
-7072.69
-600.206
-789.373
-955.189
-1154.29
-1327.69
-1603.55
-1974.77
-2730.04
-3353.58
-4536.75
-4526.38
-5540.56
-3792.14
-5277.5
-5517.94
-751.884
-975.585
-1145.51
-1321.99
-1418.65
-1726.11
-2280.21
-3308.65
-3885.99
-5176.44
-4352.81
-5910.86
-1759.8
-6631.21
-3862.44
-631.036
-830.307
-972.631
-988.293
-949.755
-1260.76
-1762
-2778.02
-3118.6
-4401.79
-2789.21
-4348.78
863.896
-4661.54
-1690.28
-1003.27
-1225.48
-1215.06
-1099.15
-1329.9
-2059.1
-3234.39
-4865.77
-4978.3
-6330.83
-3678.05
-6929.17
1328.11
-7211.38
-475.837
-624.184
-804.039
-781.832
-878.284
-1257.47
-1973.26
-3134.07
-4691.97
-4308.56
-4989.97
-1140.26
-3887.99
8770.88
-5346.95
6121.32
-1480.93
-1459.07
-1394.38
-1797.83
-2684.55
-4632.62
-7082.87
-8988.29
-7744.71
-8419.75
-5123.32
-7429.6
1807.49
-29256.4
-8287.31
-368.156
-795.582
-906.138
-491.105
-1441.14
-2940.64
-4709.04
-6014.6
-5299.84
-4210.49
-2798.53
-3877.16
4713.78
-19254.5
-6610.87
-2862.48
-3774.62
-3126.18
-3458.81
-6591.61
-11790.8
-18355.2
-21266.9
-17489.7
-15882.3
-20280
-21047.1
-18320.4
-18167.9
988.96
-215.269
-127.204
-2311.75
-1733.2
2457.81
2955.63
5216.29
10957.5
17398.3
19991.9
22747.8
15362.5
18951.5
6925.48
29967
-20833.2
-22786.4
-29304
-36595.3
-37190.4
-35297.2
-35402.5
-39362.9
-48578.9
-61471.8
-69188.9
-80940.7
-72441.7
-70163.3
-92952.2
-1774.4
-2430.76
-3017.5
-3764.42
-4662.01
-5758.09
-7222.28
-8969.46
-11567.7
-14349.4
-19896.3
-22106.3
-42408.5
-33766.8
-114638
-660.253
-784.134
-847.734
-1028.53
-1254.86
-1557.63
-1993.77
-2552.29
-3462.6
-4496.54
-6760.67
-8881.96
-11965.8
-20719.9
-10681
-383.87
-498.028
-599.899
-783.173
-976.011
-1245.18
-1579.15
-2102.63
-2746.25
-3864.39
-5024.44
-7596.64
-9011.31
-16752.3
3310.01
-624.352
-821.983
-1003.33
-1254.1
-1523.74
-1896.28
-2351
-3075.34
-3914.11
-5191.49
-6390.42
-7616.8
-8545.03
-5940.85
-8466.03
-639.113
-827.42
-994.005
-1222.95
-1464.83
-1813.98
-2237.83
-2958.83
-3643.28
-4809.48
-5238.31
-6673.73
-5135.62
-8192.04
-6219.16
-599.276
-787.39
-951.507
-1148.09
-1329.85
-1617.93
-1990.39
-2722.75
-3326.76
-4423.6
-4357.14
-5279.56
-3161.77
-4938.37
-4135.08
-748.053
-969.056
-1136.24
-1313.03
-1480.05
-1841.04
-2379.91
-3346.22
-3851.48
-4959.66
-4083.69
-5473.95
-828.46
-6185.78
-1102.45
-626.081
-826.154
-972.669
-1049.17
-1112.42
-1448.41
-1926.91
-2837.44
-3160.54
-4237.59
-2692.4
-4033.19
1962.39
-4757.15
3211.26
-994.671
-1230.97
-1273.13
-1217.21
-1453.18
-2223.59
-3276.31
-4697.77
-4791.95
-5891.4
-3326.34
-6066.7
3547.27
-6156.58
8171.5
-593.014
-822.171
-965.273
-899.088
-1110.08
-1857.61
-2890.74
-4229.5
-4012.3
-4875.32
-2148.78
-6024.7
8855.68
-4333.31
8556.62
-1473.72
-1880.42
-1261.28
-1217.29
-2096.86
-4200.92
-6465.9
-8247.66
-7626.34
-8458.2
-5646.27
-12384.3
-6301.37
-27131.1
-24871.6
-282.708
-994.338
-631.365
272.076
-1231.59
-3479.31
-5190.06
-5653.4
-3680.85
-3918.75
-1325.3
-2580.67
1624.05
-23691.6
-8208.7
-2112.54
-4693.43
-7933.23
-8251.45
-6484.72
-9126.59
-11111.9
-10786.8
-8075.43
-7420.52
-12326.2
-18321.7
-11779.2
-39875
-7675.44
1823.75
-1150.75
-4633.72
-5580.81
-3239.29
-710.423
2261.21
6297.98
10399.2
10855.1
12587.5
5082.62
10631.9
-11831.2
-6312.71
-20222.4
-20293.3
-22883.6
-28938.2
-36024.5
-37583.2
-38806.4
-45042.8
-56356.9
-70688.7
-80424.8
-89480.5
-79803.7
-62227.9
-101661
-1774.09
-2429.89
-3016.53
-3762.42
-4658.25
-5751.92
-7208.73
-8957.14
-11537.5
-14335.3
-19850.1
-21961.4
-42495.3
-34013.4
-115671
-659.82
-783.215
-846.634
-1026.76
-1252.5
-1554.36
-1987.43
-2545.46
-3445.84
-4492.91
-6746.02
-8962.96
-11900.2
-21037.1
-10824.8
-383.399
-497.199
-598.589
-781.114
-972.725
-1239.54
-1570.71
-2088.04
-2730.96
-3839.67
-5012.97
-7537.17
-9028.78
-16520.2
2663.24
-623.791
-820.88
-1001.61
-1250.97
-1518.69
-1886.91
-2336.77
-3049.15
-3878.46
-5128.61
-6293.13
-7463.67
-8199.47
-5600.66
-8542.44
-638.09
-825.259
-990.435
-1216.27
-1453.35
-1793.05
-2206.05
-2904.85
-3571.81
-4688.36
-5067.53
-6426.48
-4613.03
-7731.37
-5257.63
-598.637
-785.643
-948.41
-1140.72
-1315.62
-1591.9
-1952.53
-2656.77
-3245.7
-4276.52
-4181.16
-5002.27
-2448.19
-4519.37
-2664.56
-746.729
-963.904
-1125.31
-1291.28
-1441.03
-1780.84
-2294.44
-3211.21
-3687.21
-4668.13
-3794.4
-5018.57
75.8153
-5834.22
1436.9
-626.137
-821.368
-960.071
-1011.92
-1045.9
-1354.12
-1808.2
-2706.94
-3044.85
-3979.44
-2660.45
-3665.54
2467.87
-4688.6
7439.57
-997.671
-1211.67
-1219.44
-1145.16
-1387.52
-2130.64
-3181.63
-4483.52
-4541.37
-5382.49
-3415.38
-5672.07
4482.48
-5475.49
20486.8
-591.145
-783.897
-839.437
-848.6
-1065.86
-1622.64
-2587.89
-4033.13
-3914.26
-4753.62
-3315.62
-7176.01
6918.37
-8202.98
4100.93
-1572.36
-1710.96
-1501.26
-1561.35
-2434.56
-4487.61
-6527.99
-7973.24
-7571.44
-8368.71
-8746.34
-15969.9
-9276.95
-27259.5
-31402.9
-282.274
-880.084
-474.979
515.388
-55.6536
-2182.87
-4570.77
-5309
-3564.29
-3139.88
-1594.89
-8422.59
-3463.37
-15092.7
-2978.46
-3634.5
-4491.63
-4927.26
-5627.41
-7483.39
-11760.4
-13761.1
-12969.6
-11017
-13195.4
-21288.9
-30707.2
-30217.1
-35108.7
-27998.3
-1469.53
-2572.53
-2878.67
-3417.6
-4892.29
-4691.6
-2788.78
1970.98
6701.57
6507.65
101.44
-7703.14
-7648.76
-6403.74
-14277.8
-16452
-17710.6
-19562.2
-25012.3
-29177.5
-28507.7
-30362.9
-36836.9
-46910
-59516.4
-72603.8
-79821.7
-73902.3
-62397.9
-86154.9
-1773.79
-2429.01
-3015.48
-3760.23
-4654.55
-5746.85
-7197.66
-8949.12
-11507.9
-14326.1
-19791.5
-21869.4
-42598.4
-34214
-116710
-659.416
-782.402
-845.773
-1025.44
-1251.11
-1552.75
-1984.93
-2543.55
-3436.66
-4494.09
-6734.3
-9006.59
-11843.3
-21361.7
-11420
-382.996
-496.587
-597.713
-779.84
-970.859
-1236.6
-1567.02
-2080.92
-2724.82
-3821.43
-5009.25
-7487.19
-9074.37
-16666.6
1273.51
-623.191
-819.868
-1000.24
-1248.94
-1516.55
-1883.86
-2333.92
-3039.96
-3863.87
-5086.7
-6224.69
-7334.22
-7942.29
-5448.43
-9306.52
-637.203
-823.912
-988.997
-1214.43
-1452.55
-1791.86
-2204.55
-2890.82
-3544.07
-4610.97
-4945.8
-6210.46
-4172.36
-7329.1
-4296.56
-597.661
-784.261
-946.954
-1139.87
-1318.89
-1598.4
-1962.38
-2653.17
-3228.03
-4188.45
-4055.3
-4734.96
-1805.27
-4020.46
-1499.76
-744.639
-961.87
-1126.09
-1295.75
-1454.25
-1794.15
-2304.39
-3187.17
-3634.12
-4487.76
-3614.25
-4516.63
760.641
-5078.25
3199.77
-624.661
-823.049
-965.736
-1029.14
-1083.37
-1418.42
-1872.28
-2701.62
-3010.96
-3821.95
-2701.26
-2995.15
2690.35
-2719.89
10494.4
-989.236
-1211.77
-1246.77
-1162.49
-1430.82
-2188.88
-3173.97
-4453
-4515.59
-5170.91
-3747.76
-4864.9
6087.3
-2350.75
30359.8
-594.62
-838.22
-916.523
-875.482
-1135.32
-1900.92
-2855.72
-4077.61
-3971.88
-4958.2
-4970.37
-8578.94
5180.82
-12248.4
-2070.95
-1502.13
-1802.26
-1264.33
-1327.24
-2221.38
-4060.2
-6128.95
-8041.32
-8318.57
-9721.91
-13319
-20940.6
-10316.1
-24861.4
-32794.6
-405.343
-1139.96
-749.083
40.6186
-1204.52
-3021.61
-5024.64
-6189.69
-4788.46
-4344.09
-5875.23
-15495.2
-10266
-17879.7
-12513.4
-2093.36
-4808.89
-7843.44
-8271.6
-5845.8
-8248.96
-11253.6
-12636.1
-11671.1
-12503.5
-19212.4
-31392.7
-31352.2
-45947.1
-24377.5
1770.65
-994.063
-4300.56
-5212.84
-2820.78
-394.685
2475.74
7641.11
9820.72
9358.79
8158.91
770.176
3882.6
-15585.6
2585.95
-20291.3
-20866.6
-23554
-28816
-36428.7
-35855.1
-34942.8
-37141.7
-40209.1
-50047.3
-61244.2
-72642.7
-70933.3
-76618
-101488
-1773.47
-2428.08
-3014.44
-3758.13
-4651.39
-5742.57
-7187.63
-8943
-11478.2
-14322.5
-19720.6
-21847.5
-42657.9
-34383.7
-117585
-659.032
-781.699
-845.189
-1024.59
-1250.56
-1552.1
-1984.36
-2543.62
-3433.39
-4499.29
-6728.39
-9035.51
-11728.9
-21576.7
-11771
-382.683
-496.135
-597.105
-779.11
-969.707
-1234.61
-1563.92
-2074.76
-2718.61
-3804.26
-5005.27
-7453.62
-9142.9
-17083.8
-153.374
-622.56
-818.903
-999.174
-1247.87
-1515.57
-1881.47
-2330.21
-3028.94
-3846.39
-5043.7
-6166.9
-7219.33
-7756.1
-5474.36
-10070.4
-636.784
-823.336
-988.853
-1214.77
-1450.44
-1781.81
-2185.85
-2856.14
-3494.72
-4520.67
-4829.54
-5999.66
-3831.81
-6964.83
-3642.03
-596.888
-782.95
-945.852
-1138.25
-1308.99
-1571.71
-1926.35
-2601
-3159.76
-4071.87
-3931.51
-4461.75
-1315.28
-3450.54
-1132.4
-745.235
-961.883
-1126.65
-1292.59
-1389.27
-1668.28
-2164.32
-3026.04
-3457.08
-4248.39
-3419.46
-3883.1
1099.33
-4048.06
4301.75
-626.687
-819.318
-957.536
-965.341
-937.88
-1240.51
-1697.31
-2577.41
-2862.35
-3642.19
-2664.48
-2194.59
2636.37
472.434
14075.5
-990.803
-1191.33
-1183.77
-1076.64
-1305.38
-1951.87
-2886.43
-4219.55
-4109.4
-5053.53
-3525.48
-3836.94
7712.26
4880.71
30086.6
-622.106
-763.715
-770.333
-907.328
-1315.02
-2004.9
-2899.32
-4104.1
-3873.9
-5768.77
-6452.41
-8405.04
5319.06
-11231.1
-1055.05
-1432.7
-1358.98
-1393.37
-1860.83
-2861.44
-4596.3
-6386.18
-7849.09
-8025.94
-10445.1
-14871.8
-18728.2
-6313.84
-18612.8
-23450.8
-246.082
-762.549
-1088.06
-617.866
-1589.7
-3004.61
-4609.94
-5557.73
-5006.97
-3862.4
-6250.83
-13097.8
-4253.04
-17219.7
-24121.2
-2954.65
-3692.33
-3119.58
-4112.11
-6509.8
-11419.8
-16592.1
-16911.3
-12473.8
-7243.68
-19448.6
-39583
-36575.1
-60632.2
-36958.4
-13.2495
249.627
-1461.08
-880.557
2851.26
2284.29
2192.31
4631.89
8897.58
15112.7
11849.9
-1397.95
-4526.66
-32467
18843
-20614.7
-22637.5
-28452.5
-34089.4
-35069.8
-33591.3
-34276.6
-38429.7
-45961
-60441.3
-63710.6
-73368.6
-70973.2
-87968.6
-114442
-1773.15
-2427.11
-3013.41
-3756.11
-4648.82
-5738.61
-7179.53
-8940.25
-11455.6
-14324.8
-19645
-21866.2
-42693.6
-34549.2
-118455
-658.714
-781.139
-844.801
-1024
-1250.92
-1553.06
-1987.32
-2547.23
-3440.67
-4510.53
-6744.05
-9062.38
-11587.5
-21719.4
-11908.3
-382.429
-495.846
-596.875
-779.177
-970.362
-1236.16
-1565.95
-2075.59
-2721.14
-3799.52
-5013.81
-7449.91
-9255.71
-17655.5
-1534.3
-621.88
-818.029
-998.5
-1247.84
-1517.87
-1887.18
-2340.19
-3037.44
-3853.86
-5028.77
-6143.01
-7149.71
-7679.35
-5745.78
-11296.5
-636.473
-823.569
-990.909
-1220.28
-1463.41
-1802.05
-2209.49
-2871.44
-3499.95
-4485.75
-4766.09
-5846.45
-3703.17
-6766.63
-3117.88
-595.488
-781.962
-946.421
-1144.6
-1327
-1604.43
-1966.39
-2631.93
-3180.8
-4030.89
-3853.73
-4211.78
-1126.05
-3005.99
-512.914
-745.799
-967.272
-1143.62
-1336.57
-1484.28
-1776.95
-2253.64
-3063.1
-3460.47
-4154.22
-3269.7
-3331.08
1163.67
-3134.79
5985.9
-623.387
-823.927
-972.884
-1039.01
-1024.52
-1332.5
-1772.17
-2600.33
-2857.9
-3565.3
-2341.6
-1378.46
2642.78
2866.2
17982.3
-1000.33
-1229.58
-1315.3
-1338.69
-1688.21
-2225.08
-2919.95
-4142.69
-4001.46
-4966.35
-2205.11
-2096.9
6886.25
8256.23
23842
-615.267
-867.714
-964.813
-1307.1
-1912.48
-2437.71
-2976
-3946.22
-3854.36
-5181.34
-4323.08
-4965.94
5300.47
-7698.98
2850.64
-1606.72
-1673.78
-1968.83
-2663.76
-4000.72
-5735.54
-6874.88
-7490.19
-7893.16
-9673.57
-12384.1
-12021.3
-1770.84
-11025.6
-9827.44
-420.687
-1380.5
-2138.33
-1642.17
-1787.29
-2856.24
-4213.31
-6179.2
-7735.04
-9836.18
-8725.48
-8397.25
271.741
-8542.3
-10426.2
-4620.53
-4488.97
-3698
-3389.63
-7128.8
-14446.8
-20943.5
-22902.2
-25534.7
-24774.9
-19152.1
-27777.1
-23482
-29157.4
-7578.26
-1404.4
-2719.67
-315.724
3898.76
4719.37
1581.33
476.866
2592.48
5206.92
14308.3
13421.1
6483.44
11095.4
1959.5
50074.8
-16248
-21287.5
-26221.8
-31483.7
-34639.2
-35901.6
-34616.5
-36710.3
-42457.6
-54479.9
-70798.9
-95422
-93418.1
-101979
-120368
-1772.81
-2426.09
-3012.6
-3754.6
-4647.13
-5735.3
-7173.29
-8935.91
-11432
-14322
-19574.7
-21935.6
-42586.2
-34722.1
-118785
-658.47
-780.698
-844.54
-1023.74
-1251.95
-1555.18
-1991.88
-2552.35
-3450.56
-4520.7
-6755.74
-9115.05
-11469.5
-21748
-11121.3
-382.279
-495.689
-596.821
-779.594
-971.467
-1238.84
-1569.66
-2079.24
-2723.18
-3792.86
-5012.85
-7449.02
-9409.26
-18060.9
-1574.64
-621.249
-817.261
-998.128
-1248.39
-1521.23
-1895.02
-2352.4
-3048.27
-3860.89
-5013.58
-6123.43
-7090.87
-7636.95
-5830.61
-10204.9
-636.546
-824.339
-993.903
-1226.62
-1477.98
-1824.81
-2232.67
-2882.65
-3495.32
-4445.21
-4702.47
-5728.52
-3602.32
-6603.68
-3491.12
-594.241
-781.118
-947.864
-1150.53
-1346.2
-1636.07
-1999.62
-2653.42
-3183.43
-3974.28
-3783.49
-4002.09
-1018.54
-2610.06
-447.478
-747.9
-973.969
-1161.91
-1374.29
-1587.23
-1910.49
-2339.67
-3083.03
-3421.87
-4035.36
-3142.97
-2974.86
1251.63
-2172.78
7288.24
-621.184
-825.708
-984.671
-1088.89
-1123.93
-1396.3
-1810.55
-2582.86
-2831.65
-3459.22
-2206.58
-724.547
2894.01
5058.37
17144.5
-1008.73
-1262.22
-1408.87
-1532.21
-1994.68
-2628.58
-3141.73
-4064.77
-3859.36
-4752.87
-1668.79
-1006.73
4806.55
7853.53
12027.5
-610.805
-879.441
-1047.21
-1375.74
-2069.15
-2703.53
-3000.74
-3665.12
-3779.9
-5085.9
-2915.38
-3308.63
4532.63
-4642.78
4287.59
-1630.07
-1869.35
-2259.66
-2490.56
-4368.54
-6536.83
-7692.03
-7994.14
-8131.06
-8363.29
-9272.42
-8871.15
1642.62
-5485.66
-3409.88
-378.303
-979.874
-2327.6
-1498.47
-1368.82
-2460.4
-3322.47
-4857.43
-6634.58
-14132.1
-13371.9
-8782.52
4573.8
-4477.08
-1362.88
-3851.59
-5261.54
-6269.52
-2924.44
-9080.89
-18336.9
-21026.1
-21574.7
-28013.4
-35630.8
-28124.3
-28630.2
-22321.2
-42219.3
17164.9
-144.162
-2782.78
-3010.08
320.907
5784.41
-918.981
-1158.82
-1416.68
-6583.3
-3030.33
10111.7
23863
30043.7
9098.93
42379.5
-13572.6
-17017.2
-23502.4
-34031.4
-34316.1
-32896.4
-31348.6
-35729.6
-42224.9
-55216.8
-67715.4
-86993.2
-75219.7
-78281.9
-132117
-1772.47
-2425.21
-3012.1
-3752.67
-4644.76
-5731.37
-7171.02
-8935.79
-11421.9
-14312
-19538
-21964.4
-42344.9
-34994.2
-119841
-658.253
-780.318
-844.517
-1023.87
-1253.33
-1557.16
-1997.31
-2558.98
-3467.93
-4532.95
-6770.69
-9153.28
-11403
-21707.2
-10118.1
-382.099
-495.554
-597.08
-780.578
-973.35
-1242.51
-1575.65
-2086.51
-2732.88
-3799.53
-5033.62
-7486.8
-9620.57
-18470.6
-1834.22
-620.582
-816.558
-998.106
-1249.52
-1525.63
-1905.6
-2370.49
-3069.42
-3883.2
-5023.36
-6135.33
-7099.07
-7718.42
-6128.58
-11935.1
-636.469
-825.154
-997.495
-1234.16
-1495.26
-1856.8
-2275.03
-2922.28
-3526.14
-4449.28
-4680.07
-5696.79
-3558.99
-6828.69
-3093.26
-592.718
-780.431
-950.652
-1158.09
-1369.77
-1685.22
-2067.9
-2720.21
-3238.07
-3968.8
-3766.83
-3851.84
-1116.37
-2199.49
2186.01
-748.963
-980.469
-1180.75
-1410.1
-1679.86
-2078.63
-2512.82
-3205.49
-3490.04
-4014.44
-3106.94
-2894.22
1031.89
-1345.26
9687.05
-617.998
-829.393
-1003.63
-1126.98
-1245.19
-1564.87
-1983.24
-2722.63
-2929.45
-3432.19
-2154.27
-517.428
2852.24
6345.16
15405.2
-1015.38
-1293.3
-1472.4
-1617.73
-2197.88
-3004
-3503.4
-4230.41
-3961.21
-4545.38
-1778.88
-722.413
2871.07
7209.43
2747.98
-621.863
-895.267
-1131.76
-1216.1
-1767.5
-2578.57
-2970.26
-3620.14
-3609.06
-5307.26
-2427.45
-2949.81
4489.12
-2000.24
6574.17
-1647.5
-1961.61
-2021.52
-2163.03
-4321.48
-7039.4
-7954.3
-7991.49
-8382.49
-10458.5
-10793.9
-9507.1
5373.49
678.404
2909.21
-414.611
-994.855
-1725.92
-1097.04
-980.351
-2708.41
-4494.82
-5646.8
-6456.13
-11878.5
-17394.3
-11753.1
8414.07
-4098.54
598.195
-4440.81
-4747.23
-4497.59
-2105.51
-10601.9
-16992
-17892.8
-19292.8
-24545.9
-35707.9
-34679.3
-27060.7
-29966.7
-31600.1
21716.7
-225.4
-868.44
-2590.54
944.046
4842.34
-1691.24
63.4111
1362.4
-885.681
-3853.47
-4087.43
25241.8
13612.6
6485.35
64958.7
-12552.1
-14059.8
-24478.3
-33772.6
-33708.6
-29154.4
-30130.5
-34330.6
-41193
-49991.4
-76675.4
-93550.4
-93801.5
-121897
-129444
-1772.19
-2424.35
-3011.4
-3750.71
-4643.46
-5729.71
-7170.83
-8930.95
-11410.9
-14297.3
-19550.8
-21997
-42217.5
-35202.7
-119894
-658.197
-780.288
-844.746
-1024.4
-1254.43
-1559.07
-2001.54
-2565.21
-3475.52
-4542.5
-6762.57
-9165.55
-11198.2
-21955.1
-8255.15
-382.078
-495.658
-597.383
-781.305
-974.446
-1245.62
-1580.91
-2093.46
-2737.31
-3801.76
-5042.79
-7484.54
-9799.77
-18159.9
2003.36
-620.154
-816.127
-998.176
-1250.49
-1528.92
-1913.68
-2383.9
-3084.13
-3896.15
-5024.48
-6140.75
-7055.88
-7760.91
-4925.55
-6161.15
-636.663
-826.05
-1000.45
-1239.91
-1507.23
-1878.28
-2301.97
-2943.65
-3537.03
-4441.21
-4645.5
-5686.91
-3410.06
-7390.52
-6107.1
-591.682
-780.014
-952.735
-1163.5
-1385.05
-1717.37
-2111.47
-2757.13
-3261.68
-3947.22
-3747.43
-3750.77
-1183.46
-2407.72
1919.42
-750.405
-986.137
-1195.1
-1435.52
-1732.31
-2170.49
-2604.34
-3257.05
-3506.06
-3964.42
-3080.96
-2825.76
758.857
-922.58
10164
-615.532
-832.099
-1015.35
-1148.44
-1304.77
-1664.49
-2086.35
-2798.46
-2962.99
-3374.12
-2073.39
-514.304
2999.38
6467.17
10592.6
-1017.49
-1319.68
-1515.73
-1694.04
-2250.45
-3098.02
-3598.76
-4241.46
-3961.26
-4266.65
-2147.06
-626.33
1813.37
5611.17
-11581
-629.483
-917.611
-1165.69
-1181.08
-1639.91
-2386.6
-2995.87
-3645.33
-3444.03
-5078.22
-2393.89
-3367.96
5031.83
-297.68
5711.55
-1630.15
-2084.24
-1954.74
-2200.84
-4342.37
-6613.48
-7372.72
-7763.6
-7914.86
-9975.77
-10940.8
-13300.1
8830.86
4793.56
7209.53
-419.221
-1175.22
-1721.6
-996.771
-1065.05
-2846.52
-3999.64
-4443.03
-5380.61
-8607.54
-18111.5
-13389.4
7864.56
2094.03
3457.52
-4348.41
-4906.69
-3839.48
-4547.93
-12221.8
-15971.7
-16206
-16913.8
-21653.7
-30171.5
-40551.2
-25057.4
-9743.83
-13654
23373.1
226.311
-2060.58
-3573.82
1849.8
2764.99
-1586.8
941.788
2472.38
-438.395
341.697
-17440.3
13644.6
34496.4
48917.5
55052.7
-14525.3
-16697.3
-27966
-30692
-30304.9
-25662.5
-26191.2
-29913.5
-37001.7
-51470.3
-77990.1
-104217
-102801
-99039.3
-125051
-1771.93
-2423.62
-3010.93
-3749.28
-4643.03
-5727.4
-7171.68
-8927.02
-11415.8
-14295.8
-19631
-21813.8
-42603.9
-36421.9
-123822
-658.004
-779.916
-844.682
-1024.17
-1255.32
-1559.66
-2005.74
-2569.88
-3486.57
-4540.48
-6843.8
-9175.56
-10637.3
-20717.5
-4689.67
-381.938
-495.566
-597.637
-782.174
-976.516
-1250.06
-1587.42
-2101.34
-2746.89
-3816.18
-5088.35
-7610.55
-10157
-19050.2
1754.68
-619.586
-815.577
-998.296
-1251.78
-1532.96
-1923.11
-2400.46
-3105.74
-3921.22
-5047.61
-6178.34
-7129.17
-8096.7
-5227.87
-17721.9
-636.448
-826.607
-1003.49
-1246.62
-1521.65
-1905.28
-2341.34
-2986.24
-3576.97
-4469.05
-4639.7
-5772.21
-3222.32
-7858.62
-541.694
-590.13
-779.516
-955.782
-1171.28
-1403.81
-1756.55
-2173.17
-2823.24
-3324.1
-3962.93
-3764.06
-3698.43
-1233.13
-2156.67
10087.7
-750.286
-990.759
-1209.21
-1462.36
-1788.78
-2275.91
-2740.14
-3374.47
-3597.06
-3977.29
-3115.52
-2897.91
307.122
-1285.62
14450.8
-610.61
-836.456
-1031.6
-1176.27
-1364.62
-1769.42
-2236.95
-2942.96
-3079.09
-3386.11
-2092.61
-892.775
3024.07
5045.48
16392
-1012.02
-1342.78
-1549.22
-1750.91
-2353.8
-3281.43
-3863.2
-4440.99
-4123.67
-4112.34
-2292.69
-1429.82
2400.94
2442.16
-3418.49
-618.278
-962.199
-1196.78
-1135.16
-1539.45
-2213.42
-2941.8
-3662.81
-3439.46
-4369.38
-2283.49
-4318.48
5153.84
171.794
13474.6
-1643.14
-2206.61
-1757.97
-2231.42
-4414.44
-6380.6
-7011.8
-7523.74
-7745.2
-8473.58
-8935.79
-14292.7
9245.71
10404.8
14438.3
-406.634
-1342.87
-1296.77
-433.351
-527.263
-2455.47
-3495.56
-3412.81
-4454.94
-3960.72
-13667.3
-17906.6
-3259.91
7106.44
5417.93
-4507.34
-5391.44
-2578.86
-5961.91
-13693.8
-14774.5
-14238.8
-14719.1
-18932.3
-22824.4
-37452.2
-28740.7
-19043.2
-13559.7
23081.4
650.032
-756.939
-940.983
4269.96
3259.09
-472.358
2628.96
5202.6
1973.05
10366.8
-17295.9
7157.29
45862.8
53701.1
48674.7
-16023.1
-19652.8
-31532.6
-28162.6
-28697
-23993.9
-25026.2
-27620.6
-31618.4
-42929.5
-74040.4
-112159
-93422.5
-86434.9
-125538
)
;

boundaryField
{
    outletsourceFace
    {
        type            zeroGradient;
    }
    outletdestinationFace
    {
        type            zeroGradient;
    }
    outletFace
    {
        type            zeroGradient;
    }
    outletWall
    {
        type            fixedValue;
        value           uniform 0;
    }
    inletFace
    {
        type            zeroGradient;
    }
    inletWall
    {
        type            fixedValue;
        value           uniform 5;
    }
    inletsourceFace
    {
        type            zeroGradient;
    }
    inletdestinationFace
    {
        type            zeroGradient;
    }
}


// ************************************************************************* //
