/*--------------------------------*- C++ -*----------------------------------*\
| =========                 |                                                 |
| \\      /  F ield         | OpenFOAM: The Open Source CFD Toolbox           |
|  \\    /   O peration     | Version:  4.1                                   |
|   \\  /    A nd           | Web:      www.OpenFOAM.org                      |
|    \\/     M anipulation  |                                                 |
\*---------------------------------------------------------------------------*/
FoamFile
{
    version     2.0;
    format      ascii;
    class       labelList;
    note        "nPoints: 7936 nCells: 6750 nFaces: 21375 nInternalFaces: 19125";
    location    "constant/polyMesh";
    object      neighbour;
}
// * * * * * * * * * * * * * * * * * * * * * * * * * * * * * * * * * * * * * //


19125
(
1
15
225
2
16
226
3
17
227
4
18
228
5
19
229
6
20
230
7
21
231
8
22
232
9
23
233
10
24
234
11
25
235
12
26
236
13
27
237
14
28
238
29
239
16
30
240
17
31
241
18
32
242
19
33
243
20
34
244
21
35
245
22
36
246
23
37
247
24
38
248
25
39
249
26
40
250
27
41
251
28
42
252
29
43
253
44
254
31
45
255
32
46
256
33
47
257
34
48
258
35
49
259
36
50
260
37
51
261
38
52
262
39
53
263
40
54
264
41
55
265
42
56
266
43
57
267
44
58
268
59
269
46
60
270
47
61
271
48
62
272
49
63
273
50
64
274
51
65
275
52
66
276
53
67
277
54
68
278
55
69
279
56
70
280
57
71
281
58
72
282
59
73
283
74
284
61
75
285
62
76
286
63
77
287
64
78
288
65
79
289
66
80
290
67
81
291
68
82
292
69
83
293
70
84
294
71
85
295
72
86
296
73
87
297
74
88
298
89
299
76
90
300
77
91
301
78
92
302
79
93
303
80
94
304
81
95
305
82
96
306
83
97
307
84
98
308
85
99
309
86
100
310
87
101
311
88
102
312
89
103
313
104
314
91
105
315
92
106
316
93
107
317
94
108
318
95
109
319
96
110
320
97
111
321
98
112
322
99
113
323
100
114
324
101
115
325
102
116
326
103
117
327
104
118
328
119
329
106
120
330
107
121
331
108
122
332
109
123
333
110
124
334
111
125
335
112
126
336
113
127
337
114
128
338
115
129
339
116
130
340
117
131
341
118
132
342
119
133
343
134
344
121
135
345
122
136
346
123
137
347
124
138
348
125
139
349
126
140
350
127
141
351
128
142
352
129
143
353
130
144
354
131
145
355
132
146
356
133
147
357
134
148
358
149
359
136
150
360
137
151
361
138
152
362
139
153
363
140
154
364
141
155
365
142
156
366
143
157
367
144
158
368
145
159
369
146
160
370
147
161
371
148
162
372
149
163
373
164
374
151
165
375
152
166
376
153
167
377
154
168
378
155
169
379
156
170
380
157
171
381
158
172
382
159
173
383
160
174
384
161
175
385
162
176
386
163
177
387
164
178
388
179
389
166
180
390
167
181
391
168
182
392
169
183
393
170
184
394
171
185
395
172
186
396
173
187
397
174
188
398
175
189
399
176
190
400
177
191
401
178
192
402
179
193
403
194
404
181
195
405
182
196
406
183
197
407
184
198
408
185
199
409
186
200
410
187
201
411
188
202
412
189
203
413
190
204
414
191
205
415
192
206
416
193
207
417
194
208
418
209
419
196
210
420
197
211
421
198
212
422
199
213
423
200
214
424
201
215
425
202
216
426
203
217
427
204
218
428
205
219
429
206
220
430
207
221
431
208
222
432
209
223
433
224
434
211
435
212
436
213
437
214
438
215
439
216
440
217
441
218
442
219
443
220
444
221
445
222
446
223
447
224
448
449
226
240
450
227
241
451
228
242
452
229
243
453
230
244
454
231
245
455
232
246
456
233
247
457
234
248
458
235
249
459
236
250
460
237
251
461
238
252
462
239
253
463
254
464
241
255
465
242
256
466
243
257
467
244
258
468
245
259
469
246
260
470
247
261
471
248
262
472
249
263
473
250
264
474
251
265
475
252
266
476
253
267
477
254
268
478
269
479
256
270
480
257
271
481
258
272
482
259
273
483
260
274
484
261
275
485
262
276
486
263
277
487
264
278
488
265
279
489
266
280
490
267
281
491
268
282
492
269
283
493
284
494
271
285
495
272
286
496
273
287
497
274
288
498
275
289
499
276
290
500
277
291
501
278
292
502
279
293
503
280
294
504
281
295
505
282
296
506
283
297
507
284
298
508
299
509
286
300
510
287
301
511
288
302
512
289
303
513
290
304
514
291
305
515
292
306
516
293
307
517
294
308
518
295
309
519
296
310
520
297
311
521
298
312
522
299
313
523
314
524
301
315
525
302
316
526
303
317
527
304
318
528
305
319
529
306
320
530
307
321
531
308
322
532
309
323
533
310
324
534
311
325
535
312
326
536
313
327
537
314
328
538
329
539
316
330
540
317
331
541
318
332
542
319
333
543
320
334
544
321
335
545
322
336
546
323
337
547
324
338
548
325
339
549
326
340
550
327
341
551
328
342
552
329
343
553
344
554
331
345
555
332
346
556
333
347
557
334
348
558
335
349
559
336
350
560
337
351
561
338
352
562
339
353
563
340
354
564
341
355
565
342
356
566
343
357
567
344
358
568
359
569
346
360
570
347
361
571
348
362
572
349
363
573
350
364
574
351
365
575
352
366
576
353
367
577
354
368
578
355
369
579
356
370
580
357
371
581
358
372
582
359
373
583
374
584
361
375
585
362
376
586
363
377
587
364
378
588
365
379
589
366
380
590
367
381
591
368
382
592
369
383
593
370
384
594
371
385
595
372
386
596
373
387
597
374
388
598
389
599
376
390
600
377
391
601
378
392
602
379
393
603
380
394
604
381
395
605
382
396
606
383
397
607
384
398
608
385
399
609
386
400
610
387
401
611
388
402
612
389
403
613
404
614
391
405
615
392
406
616
393
407
617
394
408
618
395
409
619
396
410
620
397
411
621
398
412
622
399
413
623
400
414
624
401
415
625
402
416
626
403
417
627
404
418
628
419
629
406
420
630
407
421
631
408
422
632
409
423
633
410
424
634
411
425
635
412
426
636
413
427
637
414
428
638
415
429
639
416
430
640
417
431
641
418
432
642
419
433
643
434
644
421
435
645
422
436
646
423
437
647
424
438
648
425
439
649
426
440
650
427
441
651
428
442
652
429
443
653
430
444
654
431
445
655
432
446
656
433
447
657
434
448
658
449
659
436
660
437
661
438
662
439
663
440
664
441
665
442
666
443
667
444
668
445
669
446
670
447
671
448
672
449
673
674
451
465
675
452
466
676
453
467
677
454
468
678
455
469
679
456
470
680
457
471
681
458
472
682
459
473
683
460
474
684
461
475
685
462
476
686
463
477
687
464
478
688
479
689
466
480
690
467
481
691
468
482
692
469
483
693
470
484
694
471
485
695
472
486
696
473
487
697
474
488
698
475
489
699
476
490
700
477
491
701
478
492
702
479
493
703
494
704
481
495
705
482
496
706
483
497
707
484
498
708
485
499
709
486
500
710
487
501
711
488
502
712
489
503
713
490
504
714
491
505
715
492
506
716
493
507
717
494
508
718
509
719
496
510
720
497
511
721
498
512
722
499
513
723
500
514
724
501
515
725
502
516
726
503
517
727
504
518
728
505
519
729
506
520
730
507
521
731
508
522
732
509
523
733
524
734
511
525
735
512
526
736
513
527
737
514
528
738
515
529
739
516
530
740
517
531
741
518
532
742
519
533
743
520
534
744
521
535
745
522
536
746
523
537
747
524
538
748
539
749
526
540
750
527
541
751
528
542
752
529
543
753
530
544
754
531
545
755
532
546
756
533
547
757
534
548
758
535
549
759
536
550
760
537
551
761
538
552
762
539
553
763
554
764
541
555
765
542
556
766
543
557
767
544
558
768
545
559
769
546
560
770
547
561
771
548
562
772
549
563
773
550
564
774
551
565
775
552
566
776
553
567
777
554
568
778
569
779
556
570
780
557
571
781
558
572
782
559
573
783
560
574
784
561
575
785
562
576
786
563
577
787
564
578
788
565
579
789
566
580
790
567
581
791
568
582
792
569
583
793
584
794
571
585
795
572
586
796
573
587
797
574
588
798
575
589
799
576
590
800
577
591
801
578
592
802
579
593
803
580
594
804
581
595
805
582
596
806
583
597
807
584
598
808
599
809
586
600
810
587
601
811
588
602
812
589
603
813
590
604
814
591
605
815
592
606
816
593
607
817
594
608
818
595
609
819
596
610
820
597
611
821
598
612
822
599
613
823
614
824
601
615
825
602
616
826
603
617
827
604
618
828
605
619
829
606
620
830
607
621
831
608
622
832
609
623
833
610
624
834
611
625
835
612
626
836
613
627
837
614
628
838
629
839
616
630
840
617
631
841
618
632
842
619
633
843
620
634
844
621
635
845
622
636
846
623
637
847
624
638
848
625
639
849
626
640
850
627
641
851
628
642
852
629
643
853
644
854
631
645
855
632
646
856
633
647
857
634
648
858
635
649
859
636
650
860
637
651
861
638
652
862
639
653
863
640
654
864
641
655
865
642
656
866
643
657
867
644
658
868
659
869
646
660
870
647
661
871
648
662
872
649
663
873
650
664
874
651
665
875
652
666
876
653
667
877
654
668
878
655
669
879
656
670
880
657
671
881
658
672
882
659
673
883
674
884
661
885
662
886
663
887
664
888
665
889
666
890
667
891
668
892
669
893
670
894
671
895
672
896
673
897
674
898
899
676
690
900
677
691
901
678
692
902
679
693
903
680
694
904
681
695
905
682
696
906
683
697
907
684
698
908
685
699
909
686
700
910
687
701
911
688
702
912
689
703
913
704
914
691
705
915
692
706
916
693
707
917
694
708
918
695
709
919
696
710
920
697
711
921
698
712
922
699
713
923
700
714
924
701
715
925
702
716
926
703
717
927
704
718
928
719
929
706
720
930
707
721
931
708
722
932
709
723
933
710
724
934
711
725
935
712
726
936
713
727
937
714
728
938
715
729
939
716
730
940
717
731
941
718
732
942
719
733
943
734
944
721
735
945
722
736
946
723
737
947
724
738
948
725
739
949
726
740
950
727
741
951
728
742
952
729
743
953
730
744
954
731
745
955
732
746
956
733
747
957
734
748
958
749
959
736
750
960
737
751
961
738
752
962
739
753
963
740
754
964
741
755
965
742
756
966
743
757
967
744
758
968
745
759
969
746
760
970
747
761
971
748
762
972
749
763
973
764
974
751
765
975
752
766
976
753
767
977
754
768
978
755
769
979
756
770
980
757
771
981
758
772
982
759
773
983
760
774
984
761
775
985
762
776
986
763
777
987
764
778
988
779
989
766
780
990
767
781
991
768
782
992
769
783
993
770
784
994
771
785
995
772
786
996
773
787
997
774
788
998
775
789
999
776
790
1000
777
791
1001
778
792
1002
779
793
1003
794
1004
781
795
1005
782
796
1006
783
797
1007
784
798
1008
785
799
1009
786
800
1010
787
801
1011
788
802
1012
789
803
1013
790
804
1014
791
805
1015
792
806
1016
793
807
1017
794
808
1018
809
1019
796
810
1020
797
811
1021
798
812
1022
799
813
1023
800
814
1024
801
815
1025
802
816
1026
803
817
1027
804
818
1028
805
819
1029
806
820
1030
807
821
1031
808
822
1032
809
823
1033
824
1034
811
825
1035
812
826
1036
813
827
1037
814
828
1038
815
829
1039
816
830
1040
817
831
1041
818
832
1042
819
833
1043
820
834
1044
821
835
1045
822
836
1046
823
837
1047
824
838
1048
839
1049
826
840
1050
827
841
1051
828
842
1052
829
843
1053
830
844
1054
831
845
1055
832
846
1056
833
847
1057
834
848
1058
835
849
1059
836
850
1060
837
851
1061
838
852
1062
839
853
1063
854
1064
841
855
1065
842
856
1066
843
857
1067
844
858
1068
845
859
1069
846
860
1070
847
861
1071
848
862
1072
849
863
1073
850
864
1074
851
865
1075
852
866
1076
853
867
1077
854
868
1078
869
1079
856
870
1080
857
871
1081
858
872
1082
859
873
1083
860
874
1084
861
875
1085
862
876
1086
863
877
1087
864
878
1088
865
879
1089
866
880
1090
867
881
1091
868
882
1092
869
883
1093
884
1094
871
885
1095
872
886
1096
873
887
1097
874
888
1098
875
889
1099
876
890
1100
877
891
1101
878
892
1102
879
893
1103
880
894
1104
881
895
1105
882
896
1106
883
897
1107
884
898
1108
899
1109
886
1110
887
1111
888
1112
889
1113
890
1114
891
1115
892
1116
893
1117
894
1118
895
1119
896
1120
897
1121
898
1122
899
1123
1124
901
915
1125
902
916
1126
903
917
1127
904
918
1128
905
919
1129
906
920
1130
907
921
1131
908
922
1132
909
923
1133
910
924
1134
911
925
1135
912
926
1136
913
927
1137
914
928
1138
929
1139
916
930
1140
917
931
1141
918
932
1142
919
933
1143
920
934
1144
921
935
1145
922
936
1146
923
937
1147
924
938
1148
925
939
1149
926
940
1150
927
941
1151
928
942
1152
929
943
1153
944
1154
931
945
1155
932
946
1156
933
947
1157
934
948
1158
935
949
1159
936
950
1160
937
951
1161
938
952
1162
939
953
1163
940
954
1164
941
955
1165
942
956
1166
943
957
1167
944
958
1168
959
1169
946
960
1170
947
961
1171
948
962
1172
949
963
1173
950
964
1174
951
965
1175
952
966
1176
953
967
1177
954
968
1178
955
969
1179
956
970
1180
957
971
1181
958
972
1182
959
973
1183
974
1184
961
975
1185
962
976
1186
963
977
1187
964
978
1188
965
979
1189
966
980
1190
967
981
1191
968
982
1192
969
983
1193
970
984
1194
971
985
1195
972
986
1196
973
987
1197
974
988
1198
989
1199
976
990
1200
977
991
1201
978
992
1202
979
993
1203
980
994
1204
981
995
1205
982
996
1206
983
997
1207
984
998
1208
985
999
1209
986
1000
1210
987
1001
1211
988
1002
1212
989
1003
1213
1004
1214
991
1005
1215
992
1006
1216
993
1007
1217
994
1008
1218
995
1009
1219
996
1010
1220
997
1011
1221
998
1012
1222
999
1013
1223
1000
1014
1224
1001
1015
1225
1002
1016
1226
1003
1017
1227
1004
1018
1228
1019
1229
1006
1020
1230
1007
1021
1231
1008
1022
1232
1009
1023
1233
1010
1024
1234
1011
1025
1235
1012
1026
1236
1013
1027
1237
1014
1028
1238
1015
1029
1239
1016
1030
1240
1017
1031
1241
1018
1032
1242
1019
1033
1243
1034
1244
1021
1035
1245
1022
1036
1246
1023
1037
1247
1024
1038
1248
1025
1039
1249
1026
1040
1250
1027
1041
1251
1028
1042
1252
1029
1043
1253
1030
1044
1254
1031
1045
1255
1032
1046
1256
1033
1047
1257
1034
1048
1258
1049
1259
1036
1050
1260
1037
1051
1261
1038
1052
1262
1039
1053
1263
1040
1054
1264
1041
1055
1265
1042
1056
1266
1043
1057
1267
1044
1058
1268
1045
1059
1269
1046
1060
1270
1047
1061
1271
1048
1062
1272
1049
1063
1273
1064
1274
1051
1065
1275
1052
1066
1276
1053
1067
1277
1054
1068
1278
1055
1069
1279
1056
1070
1280
1057
1071
1281
1058
1072
1282
1059
1073
1283
1060
1074
1284
1061
1075
1285
1062
1076
1286
1063
1077
1287
1064
1078
1288
1079
1289
1066
1080
1290
1067
1081
1291
1068
1082
1292
1069
1083
1293
1070
1084
1294
1071
1085
1295
1072
1086
1296
1073
1087
1297
1074
1088
1298
1075
1089
1299
1076
1090
1300
1077
1091
1301
1078
1092
1302
1079
1093
1303
1094
1304
1081
1095
1305
1082
1096
1306
1083
1097
1307
1084
1098
1308
1085
1099
1309
1086
1100
1310
1087
1101
1311
1088
1102
1312
1089
1103
1313
1090
1104
1314
1091
1105
1315
1092
1106
1316
1093
1107
1317
1094
1108
1318
1109
1319
1096
1110
1320
1097
1111
1321
1098
1112
1322
1099
1113
1323
1100
1114
1324
1101
1115
1325
1102
1116
1326
1103
1117
1327
1104
1118
1328
1105
1119
1329
1106
1120
1330
1107
1121
1331
1108
1122
1332
1109
1123
1333
1124
1334
1111
1335
1112
1336
1113
1337
1114
1338
1115
1339
1116
1340
1117
1341
1118
1342
1119
1343
1120
1344
1121
1345
1122
1346
1123
1347
1124
1348
1349
1126
1140
1350
1127
1141
1351
1128
1142
1352
1129
1143
1353
1130
1144
1354
1131
1145
1355
1132
1146
1356
1133
1147
1357
1134
1148
1358
1135
1149
1359
1136
1150
1360
1137
1151
1361
1138
1152
1362
1139
1153
1363
1154
1364
1141
1155
1365
1142
1156
1366
1143
1157
1367
1144
1158
1368
1145
1159
1369
1146
1160
1370
1147
1161
1371
1148
1162
1372
1149
1163
1373
1150
1164
1374
1151
1165
1375
1152
1166
1376
1153
1167
1377
1154
1168
1378
1169
1379
1156
1170
1380
1157
1171
1381
1158
1172
1382
1159
1173
1383
1160
1174
1384
1161
1175
1385
1162
1176
1386
1163
1177
1387
1164
1178
1388
1165
1179
1389
1166
1180
1390
1167
1181
1391
1168
1182
1392
1169
1183
1393
1184
1394
1171
1185
1395
1172
1186
1396
1173
1187
1397
1174
1188
1398
1175
1189
1399
1176
1190
1400
1177
1191
1401
1178
1192
1402
1179
1193
1403
1180
1194
1404
1181
1195
1405
1182
1196
1406
1183
1197
1407
1184
1198
1408
1199
1409
1186
1200
1410
1187
1201
1411
1188
1202
1412
1189
1203
1413
1190
1204
1414
1191
1205
1415
1192
1206
1416
1193
1207
1417
1194
1208
1418
1195
1209
1419
1196
1210
1420
1197
1211
1421
1198
1212
1422
1199
1213
1423
1214
1424
1201
1215
1425
1202
1216
1426
1203
1217
1427
1204
1218
1428
1205
1219
1429
1206
1220
1430
1207
1221
1431
1208
1222
1432
1209
1223
1433
1210
1224
1434
1211
1225
1435
1212
1226
1436
1213
1227
1437
1214
1228
1438
1229
1439
1216
1230
1440
1217
1231
1441
1218
1232
1442
1219
1233
1443
1220
1234
1444
1221
1235
1445
1222
1236
1446
1223
1237
1447
1224
1238
1448
1225
1239
1449
1226
1240
1450
1227
1241
1451
1228
1242
1452
1229
1243
1453
1244
1454
1231
1245
1455
1232
1246
1456
1233
1247
1457
1234
1248
1458
1235
1249
1459
1236
1250
1460
1237
1251
1461
1238
1252
1462
1239
1253
1463
1240
1254
1464
1241
1255
1465
1242
1256
1466
1243
1257
1467
1244
1258
1468
1259
1469
1246
1260
1470
1247
1261
1471
1248
1262
1472
1249
1263
1473
1250
1264
1474
1251
1265
1475
1252
1266
1476
1253
1267
1477
1254
1268
1478
1255
1269
1479
1256
1270
1480
1257
1271
1481
1258
1272
1482
1259
1273
1483
1274
1484
1261
1275
1485
1262
1276
1486
1263
1277
1487
1264
1278
1488
1265
1279
1489
1266
1280
1490
1267
1281
1491
1268
1282
1492
1269
1283
1493
1270
1284
1494
1271
1285
1495
1272
1286
1496
1273
1287
1497
1274
1288
1498
1289
1499
1276
1290
1500
1277
1291
1501
1278
1292
1502
1279
1293
1503
1280
1294
1504
1281
1295
1505
1282
1296
1506
1283
1297
1507
1284
1298
1508
1285
1299
1509
1286
1300
1510
1287
1301
1511
1288
1302
1512
1289
1303
1513
1304
1514
1291
1305
1515
1292
1306
1516
1293
1307
1517
1294
1308
1518
1295
1309
1519
1296
1310
1520
1297
1311
1521
1298
1312
1522
1299
1313
1523
1300
1314
1524
1301
1315
1525
1302
1316
1526
1303
1317
1527
1304
1318
1528
1319
1529
1306
1320
1530
1307
1321
1531
1308
1322
1532
1309
1323
1533
1310
1324
1534
1311
1325
1535
1312
1326
1536
1313
1327
1537
1314
1328
1538
1315
1329
1539
1316
1330
1540
1317
1331
1541
1318
1332
1542
1319
1333
1543
1334
1544
1321
1335
1545
1322
1336
1546
1323
1337
1547
1324
1338
1548
1325
1339
1549
1326
1340
1550
1327
1341
1551
1328
1342
1552
1329
1343
1553
1330
1344
1554
1331
1345
1555
1332
1346
1556
1333
1347
1557
1334
1348
1558
1349
1559
1336
1560
1337
1561
1338
1562
1339
1563
1340
1564
1341
1565
1342
1566
1343
1567
1344
1568
1345
1569
1346
1570
1347
1571
1348
1572
1349
1573
1574
1351
1365
1575
1352
1366
1576
1353
1367
1577
1354
1368
1578
1355
1369
1579
1356
1370
1580
1357
1371
1581
1358
1372
1582
1359
1373
1583
1360
1374
1584
1361
1375
1585
1362
1376
1586
1363
1377
1587
1364
1378
1588
1379
1589
1366
1380
1590
1367
1381
1591
1368
1382
1592
1369
1383
1593
1370
1384
1594
1371
1385
1595
1372
1386
1596
1373
1387
1597
1374
1388
1598
1375
1389
1599
1376
1390
1600
1377
1391
1601
1378
1392
1602
1379
1393
1603
1394
1604
1381
1395
1605
1382
1396
1606
1383
1397
1607
1384
1398
1608
1385
1399
1609
1386
1400
1610
1387
1401
1611
1388
1402
1612
1389
1403
1613
1390
1404
1614
1391
1405
1615
1392
1406
1616
1393
1407
1617
1394
1408
1618
1409
1619
1396
1410
1620
1397
1411
1621
1398
1412
1622
1399
1413
1623
1400
1414
1624
1401
1415
1625
1402
1416
1626
1403
1417
1627
1404
1418
1628
1405
1419
1629
1406
1420
1630
1407
1421
1631
1408
1422
1632
1409
1423
1633
1424
1634
1411
1425
1635
1412
1426
1636
1413
1427
1637
1414
1428
1638
1415
1429
1639
1416
1430
1640
1417
1431
1641
1418
1432
1642
1419
1433
1643
1420
1434
1644
1421
1435
1645
1422
1436
1646
1423
1437
1647
1424
1438
1648
1439
1649
1426
1440
1650
1427
1441
1651
1428
1442
1652
1429
1443
1653
1430
1444
1654
1431
1445
1655
1432
1446
1656
1433
1447
1657
1434
1448
1658
1435
1449
1659
1436
1450
1660
1437
1451
1661
1438
1452
1662
1439
1453
1663
1454
1664
1441
1455
1665
1442
1456
1666
1443
1457
1667
1444
1458
1668
1445
1459
1669
1446
1460
1670
1447
1461
1671
1448
1462
1672
1449
1463
1673
1450
1464
1674
1451
1465
1675
1452
1466
1676
1453
1467
1677
1454
1468
1678
1469
1679
1456
1470
1680
1457
1471
1681
1458
1472
1682
1459
1473
1683
1460
1474
1684
1461
1475
1685
1462
1476
1686
1463
1477
1687
1464
1478
1688
1465
1479
1689
1466
1480
1690
1467
1481
1691
1468
1482
1692
1469
1483
1693
1484
1694
1471
1485
1695
1472
1486
1696
1473
1487
1697
1474
1488
1698
1475
1489
1699
1476
1490
1700
1477
1491
1701
1478
1492
1702
1479
1493
1703
1480
1494
1704
1481
1495
1705
1482
1496
1706
1483
1497
1707
1484
1498
1708
1499
1709
1486
1500
1710
1487
1501
1711
1488
1502
1712
1489
1503
1713
1490
1504
1714
1491
1505
1715
1492
1506
1716
1493
1507
1717
1494
1508
1718
1495
1509
1719
1496
1510
1720
1497
1511
1721
1498
1512
1722
1499
1513
1723
1514
1724
1501
1515
1725
1502
1516
1726
1503
1517
1727
1504
1518
1728
1505
1519
1729
1506
1520
1730
1507
1521
1731
1508
1522
1732
1509
1523
1733
1510
1524
1734
1511
1525
1735
1512
1526
1736
1513
1527
1737
1514
1528
1738
1529
1739
1516
1530
1740
1517
1531
1741
1518
1532
1742
1519
1533
1743
1520
1534
1744
1521
1535
1745
1522
1536
1746
1523
1537
1747
1524
1538
1748
1525
1539
1749
1526
1540
1750
1527
1541
1751
1528
1542
1752
1529
1543
1753
1544
1754
1531
1545
1755
1532
1546
1756
1533
1547
1757
1534
1548
1758
1535
1549
1759
1536
1550
1760
1537
1551
1761
1538
1552
1762
1539
1553
1763
1540
1554
1764
1541
1555
1765
1542
1556
1766
1543
1557
1767
1544
1558
1768
1559
1769
1546
1560
1770
1547
1561
1771
1548
1562
1772
1549
1563
1773
1550
1564
1774
1551
1565
1775
1552
1566
1776
1553
1567
1777
1554
1568
1778
1555
1569
1779
1556
1570
1780
1557
1571
1781
1558
1572
1782
1559
1573
1783
1574
1784
1561
1785
1562
1786
1563
1787
1564
1788
1565
1789
1566
1790
1567
1791
1568
1792
1569
1793
1570
1794
1571
1795
1572
1796
1573
1797
1574
1798
1799
1576
1590
1800
1577
1591
1801
1578
1592
1802
1579
1593
1803
1580
1594
1804
1581
1595
1805
1582
1596
1806
1583
1597
1807
1584
1598
1808
1585
1599
1809
1586
1600
1810
1587
1601
1811
1588
1602
1812
1589
1603
1813
1604
1814
1591
1605
1815
1592
1606
1816
1593
1607
1817
1594
1608
1818
1595
1609
1819
1596
1610
1820
1597
1611
1821
1598
1612
1822
1599
1613
1823
1600
1614
1824
1601
1615
1825
1602
1616
1826
1603
1617
1827
1604
1618
1828
1619
1829
1606
1620
1830
1607
1621
1831
1608
1622
1832
1609
1623
1833
1610
1624
1834
1611
1625
1835
1612
1626
1836
1613
1627
1837
1614
1628
1838
1615
1629
1839
1616
1630
1840
1617
1631
1841
1618
1632
1842
1619
1633
1843
1634
1844
1621
1635
1845
1622
1636
1846
1623
1637
1847
1624
1638
1848
1625
1639
1849
1626
1640
1850
1627
1641
1851
1628
1642
1852
1629
1643
1853
1630
1644
1854
1631
1645
1855
1632
1646
1856
1633
1647
1857
1634
1648
1858
1649
1859
1636
1650
1860
1637
1651
1861
1638
1652
1862
1639
1653
1863
1640
1654
1864
1641
1655
1865
1642
1656
1866
1643
1657
1867
1644
1658
1868
1645
1659
1869
1646
1660
1870
1647
1661
1871
1648
1662
1872
1649
1663
1873
1664
1874
1651
1665
1875
1652
1666
1876
1653
1667
1877
1654
1668
1878
1655
1669
1879
1656
1670
1880
1657
1671
1881
1658
1672
1882
1659
1673
1883
1660
1674
1884
1661
1675
1885
1662
1676
1886
1663
1677
1887
1664
1678
1888
1679
1889
1666
1680
1890
1667
1681
1891
1668
1682
1892
1669
1683
1893
1670
1684
1894
1671
1685
1895
1672
1686
1896
1673
1687
1897
1674
1688
1898
1675
1689
1899
1676
1690
1900
1677
1691
1901
1678
1692
1902
1679
1693
1903
1694
1904
1681
1695
1905
1682
1696
1906
1683
1697
1907
1684
1698
1908
1685
1699
1909
1686
1700
1910
1687
1701
1911
1688
1702
1912
1689
1703
1913
1690
1704
1914
1691
1705
1915
1692
1706
1916
1693
1707
1917
1694
1708
1918
1709
1919
1696
1710
1920
1697
1711
1921
1698
1712
1922
1699
1713
1923
1700
1714
1924
1701
1715
1925
1702
1716
1926
1703
1717
1927
1704
1718
1928
1705
1719
1929
1706
1720
1930
1707
1721
1931
1708
1722
1932
1709
1723
1933
1724
1934
1711
1725
1935
1712
1726
1936
1713
1727
1937
1714
1728
1938
1715
1729
1939
1716
1730
1940
1717
1731
1941
1718
1732
1942
1719
1733
1943
1720
1734
1944
1721
1735
1945
1722
1736
1946
1723
1737
1947
1724
1738
1948
1739
1949
1726
1740
1950
1727
1741
1951
1728
1742
1952
1729
1743
1953
1730
1744
1954
1731
1745
1955
1732
1746
1956
1733
1747
1957
1734
1748
1958
1735
1749
1959
1736
1750
1960
1737
1751
1961
1738
1752
1962
1739
1753
1963
1754
1964
1741
1755
1965
1742
1756
1966
1743
1757
1967
1744
1758
1968
1745
1759
1969
1746
1760
1970
1747
1761
1971
1748
1762
1972
1749
1763
1973
1750
1764
1974
1751
1765
1975
1752
1766
1976
1753
1767
1977
1754
1768
1978
1769
1979
1756
1770
1980
1757
1771
1981
1758
1772
1982
1759
1773
1983
1760
1774
1984
1761
1775
1985
1762
1776
1986
1763
1777
1987
1764
1778
1988
1765
1779
1989
1766
1780
1990
1767
1781
1991
1768
1782
1992
1769
1783
1993
1784
1994
1771
1785
1995
1772
1786
1996
1773
1787
1997
1774
1788
1998
1775
1789
1999
1776
1790
2000
1777
1791
2001
1778
1792
2002
1779
1793
2003
1780
1794
2004
1781
1795
2005
1782
1796
2006
1783
1797
2007
1784
1798
2008
1799
2009
1786
2010
1787
2011
1788
2012
1789
2013
1790
2014
1791
2015
1792
2016
1793
2017
1794
2018
1795
2019
1796
2020
1797
2021
1798
2022
1799
2023
2024
1801
1815
2025
1802
1816
2026
1803
1817
2027
1804
1818
2028
1805
1819
2029
1806
1820
2030
1807
1821
2031
1808
1822
2032
1809
1823
2033
1810
1824
2034
1811
1825
2035
1812
1826
2036
1813
1827
2037
1814
1828
2038
1829
2039
1816
1830
2040
1817
1831
2041
1818
1832
2042
1819
1833
2043
1820
1834
2044
1821
1835
2045
1822
1836
2046
1823
1837
2047
1824
1838
2048
1825
1839
2049
1826
1840
2050
1827
1841
2051
1828
1842
2052
1829
1843
2053
1844
2054
1831
1845
2055
1832
1846
2056
1833
1847
2057
1834
1848
2058
1835
1849
2059
1836
1850
2060
1837
1851
2061
1838
1852
2062
1839
1853
2063
1840
1854
2064
1841
1855
2065
1842
1856
2066
1843
1857
2067
1844
1858
2068
1859
2069
1846
1860
2070
1847
1861
2071
1848
1862
2072
1849
1863
2073
1850
1864
2074
1851
1865
2075
1852
1866
2076
1853
1867
2077
1854
1868
2078
1855
1869
2079
1856
1870
2080
1857
1871
2081
1858
1872
2082
1859
1873
2083
1874
2084
1861
1875
2085
1862
1876
2086
1863
1877
2087
1864
1878
2088
1865
1879
2089
1866
1880
2090
1867
1881
2091
1868
1882
2092
1869
1883
2093
1870
1884
2094
1871
1885
2095
1872
1886
2096
1873
1887
2097
1874
1888
2098
1889
2099
1876
1890
2100
1877
1891
2101
1878
1892
2102
1879
1893
2103
1880
1894
2104
1881
1895
2105
1882
1896
2106
1883
1897
2107
1884
1898
2108
1885
1899
2109
1886
1900
2110
1887
1901
2111
1888
1902
2112
1889
1903
2113
1904
2114
1891
1905
2115
1892
1906
2116
1893
1907
2117
1894
1908
2118
1895
1909
2119
1896
1910
2120
1897
1911
2121
1898
1912
2122
1899
1913
2123
1900
1914
2124
1901
1915
2125
1902
1916
2126
1903
1917
2127
1904
1918
2128
1919
2129
1906
1920
2130
1907
1921
2131
1908
1922
2132
1909
1923
2133
1910
1924
2134
1911
1925
2135
1912
1926
2136
1913
1927
2137
1914
1928
2138
1915
1929
2139
1916
1930
2140
1917
1931
2141
1918
1932
2142
1919
1933
2143
1934
2144
1921
1935
2145
1922
1936
2146
1923
1937
2147
1924
1938
2148
1925
1939
2149
1926
1940
2150
1927
1941
2151
1928
1942
2152
1929
1943
2153
1930
1944
2154
1931
1945
2155
1932
1946
2156
1933
1947
2157
1934
1948
2158
1949
2159
1936
1950
2160
1937
1951
2161
1938
1952
2162
1939
1953
2163
1940
1954
2164
1941
1955
2165
1942
1956
2166
1943
1957
2167
1944
1958
2168
1945
1959
2169
1946
1960
2170
1947
1961
2171
1948
1962
2172
1949
1963
2173
1964
2174
1951
1965
2175
1952
1966
2176
1953
1967
2177
1954
1968
2178
1955
1969
2179
1956
1970
2180
1957
1971
2181
1958
1972
2182
1959
1973
2183
1960
1974
2184
1961
1975
2185
1962
1976
2186
1963
1977
2187
1964
1978
2188
1979
2189
1966
1980
2190
1967
1981
2191
1968
1982
2192
1969
1983
2193
1970
1984
2194
1971
1985
2195
1972
1986
2196
1973
1987
2197
1974
1988
2198
1975
1989
2199
1976
1990
2200
1977
1991
2201
1978
1992
2202
1979
1993
2203
1994
2204
1981
1995
2205
1982
1996
2206
1983
1997
2207
1984
1998
2208
1985
1999
2209
1986
2000
2210
1987
2001
2211
1988
2002
2212
1989
2003
2213
1990
2004
2214
1991
2005
2215
1992
2006
2216
1993
2007
2217
1994
2008
2218
2009
2219
1996
2010
2220
1997
2011
2221
1998
2012
2222
1999
2013
2223
2000
2014
2224
2001
2015
2225
2002
2016
2226
2003
2017
2227
2004
2018
2228
2005
2019
2229
2006
2020
2230
2007
2021
2231
2008
2022
2232
2009
2023
2233
2024
2234
2011
2235
2012
2236
2013
2237
2014
2238
2015
2239
2016
2240
2017
2241
2018
2242
2019
2243
2020
2244
2021
2245
2022
2246
2023
2247
2024
2248
2249
2026
2040
2250
2027
2041
2251
2028
2042
2252
2029
2043
2253
2030
2044
2254
2031
2045
2255
2032
2046
2256
2033
2047
2257
2034
2048
2258
2035
2049
2259
2036
2050
2260
2037
2051
2261
2038
2052
2262
2039
2053
2263
2054
2264
2041
2055
2265
2042
2056
2266
2043
2057
2267
2044
2058
2268
2045
2059
2269
2046
2060
2270
2047
2061
2271
2048
2062
2272
2049
2063
2273
2050
2064
2274
2051
2065
2275
2052
2066
2276
2053
2067
2277
2054
2068
2278
2069
2279
2056
2070
2280
2057
2071
2281
2058
2072
2282
2059
2073
2283
2060
2074
2284
2061
2075
2285
2062
2076
2286
2063
2077
2287
2064
2078
2288
2065
2079
2289
2066
2080
2290
2067
2081
2291
2068
2082
2292
2069
2083
2293
2084
2294
2071
2085
2295
2072
2086
2296
2073
2087
2297
2074
2088
2298
2075
2089
2299
2076
2090
2300
2077
2091
2301
2078
2092
2302
2079
2093
2303
2080
2094
2304
2081
2095
2305
2082
2096
2306
2083
2097
2307
2084
2098
2308
2099
2309
2086
2100
2310
2087
2101
2311
2088
2102
2312
2089
2103
2313
2090
2104
2314
2091
2105
2315
2092
2106
2316
2093
2107
2317
2094
2108
2318
2095
2109
2319
2096
2110
2320
2097
2111
2321
2098
2112
2322
2099
2113
2323
2114
2324
2101
2115
2325
2102
2116
2326
2103
2117
2327
2104
2118
2328
2105
2119
2329
2106
2120
2330
2107
2121
2331
2108
2122
2332
2109
2123
2333
2110
2124
2334
2111
2125
2335
2112
2126
2336
2113
2127
2337
2114
2128
2338
2129
2339
2116
2130
2340
2117
2131
2341
2118
2132
2342
2119
2133
2343
2120
2134
2344
2121
2135
2345
2122
2136
2346
2123
2137
2347
2124
2138
2348
2125
2139
2349
2126
2140
2350
2127
2141
2351
2128
2142
2352
2129
2143
2353
2144
2354
2131
2145
2355
2132
2146
2356
2133
2147
2357
2134
2148
2358
2135
2149
2359
2136
2150
2360
2137
2151
2361
2138
2152
2362
2139
2153
2363
2140
2154
2364
2141
2155
2365
2142
2156
2366
2143
2157
2367
2144
2158
2368
2159
2369
2146
2160
2370
2147
2161
2371
2148
2162
2372
2149
2163
2373
2150
2164
2374
2151
2165
2375
2152
2166
2376
2153
2167
2377
2154
2168
2378
2155
2169
2379
2156
2170
2380
2157
2171
2381
2158
2172
2382
2159
2173
2383
2174
2384
2161
2175
2385
2162
2176
2386
2163
2177
2387
2164
2178
2388
2165
2179
2389
2166
2180
2390
2167
2181
2391
2168
2182
2392
2169
2183
2393
2170
2184
2394
2171
2185
2395
2172
2186
2396
2173
2187
2397
2174
2188
2398
2189
2399
2176
2190
2400
2177
2191
2401
2178
2192
2402
2179
2193
2403
2180
2194
2404
2181
2195
2405
2182
2196
2406
2183
2197
2407
2184
2198
2408
2185
2199
2409
2186
2200
2410
2187
2201
2411
2188
2202
2412
2189
2203
2413
2204
2414
2191
2205
2415
2192
2206
2416
2193
2207
2417
2194
2208
2418
2195
2209
2419
2196
2210
2420
2197
2211
2421
2198
2212
2422
2199
2213
2423
2200
2214
2424
2201
2215
2425
2202
2216
2426
2203
2217
2427
2204
2218
2428
2219
2429
2206
2220
2430
2207
2221
2431
2208
2222
2432
2209
2223
2433
2210
2224
2434
2211
2225
2435
2212
2226
2436
2213
2227
2437
2214
2228
2438
2215
2229
2439
2216
2230
2440
2217
2231
2441
2218
2232
2442
2219
2233
2443
2234
2444
2221
2235
2445
2222
2236
2446
2223
2237
2447
2224
2238
2448
2225
2239
2449
2226
2240
2450
2227
2241
2451
2228
2242
2452
2229
2243
2453
2230
2244
2454
2231
2245
2455
2232
2246
2456
2233
2247
2457
2234
2248
2458
2249
2459
2236
2460
2237
2461
2238
2462
2239
2463
2240
2464
2241
2465
2242
2466
2243
2467
2244
2468
2245
2469
2246
2470
2247
2471
2248
2472
2249
2473
2474
2251
2265
2475
2252
2266
2476
2253
2267
2477
2254
2268
2478
2255
2269
2479
2256
2270
2480
2257
2271
2481
2258
2272
2482
2259
2273
2483
2260
2274
2484
2261
2275
2485
2262
2276
2486
2263
2277
2487
2264
2278
2488
2279
2489
2266
2280
2490
2267
2281
2491
2268
2282
2492
2269
2283
2493
2270
2284
2494
2271
2285
2495
2272
2286
2496
2273
2287
2497
2274
2288
2498
2275
2289
2499
2276
2290
2500
2277
2291
2501
2278
2292
2502
2279
2293
2503
2294
2504
2281
2295
2505
2282
2296
2506
2283
2297
2507
2284
2298
2508
2285
2299
2509
2286
2300
2510
2287
2301
2511
2288
2302
2512
2289
2303
2513
2290
2304
2514
2291
2305
2515
2292
2306
2516
2293
2307
2517
2294
2308
2518
2309
2519
2296
2310
2520
2297
2311
2521
2298
2312
2522
2299
2313
2523
2300
2314
2524
2301
2315
2525
2302
2316
2526
2303
2317
2527
2304
2318
2528
2305
2319
2529
2306
2320
2530
2307
2321
2531
2308
2322
2532
2309
2323
2533
2324
2534
2311
2325
2535
2312
2326
2536
2313
2327
2537
2314
2328
2538
2315
2329
2539
2316
2330
2540
2317
2331
2541
2318
2332
2542
2319
2333
2543
2320
2334
2544
2321
2335
2545
2322
2336
2546
2323
2337
2547
2324
2338
2548
2339
2549
2326
2340
2550
2327
2341
2551
2328
2342
2552
2329
2343
2553
2330
2344
2554
2331
2345
2555
2332
2346
2556
2333
2347
2557
2334
2348
2558
2335
2349
2559
2336
2350
2560
2337
2351
2561
2338
2352
2562
2339
2353
2563
2354
2564
2341
2355
2565
2342
2356
2566
2343
2357
2567
2344
2358
2568
2345
2359
2569
2346
2360
2570
2347
2361
2571
2348
2362
2572
2349
2363
2573
2350
2364
2574
2351
2365
2575
2352
2366
2576
2353
2367
2577
2354
2368
2578
2369
2579
2356
2370
2580
2357
2371
2581
2358
2372
2582
2359
2373
2583
2360
2374
2584
2361
2375
2585
2362
2376
2586
2363
2377
2587
2364
2378
2588
2365
2379
2589
2366
2380
2590
2367
2381
2591
2368
2382
2592
2369
2383
2593
2384
2594
2371
2385
2595
2372
2386
2596
2373
2387
2597
2374
2388
2598
2375
2389
2599
2376
2390
2600
2377
2391
2601
2378
2392
2602
2379
2393
2603
2380
2394
2604
2381
2395
2605
2382
2396
2606
2383
2397
2607
2384
2398
2608
2399
2609
2386
2400
2610
2387
2401
2611
2388
2402
2612
2389
2403
2613
2390
2404
2614
2391
2405
2615
2392
2406
2616
2393
2407
2617
2394
2408
2618
2395
2409
2619
2396
2410
2620
2397
2411
2621
2398
2412
2622
2399
2413
2623
2414
2624
2401
2415
2625
2402
2416
2626
2403
2417
2627
2404
2418
2628
2405
2419
2629
2406
2420
2630
2407
2421
2631
2408
2422
2632
2409
2423
2633
2410
2424
2634
2411
2425
2635
2412
2426
2636
2413
2427
2637
2414
2428
2638
2429
2639
2416
2430
2640
2417
2431
2641
2418
2432
2642
2419
2433
2643
2420
2434
2644
2421
2435
2645
2422
2436
2646
2423
2437
2647
2424
2438
2648
2425
2439
2649
2426
2440
2650
2427
2441
2651
2428
2442
2652
2429
2443
2653
2444
2654
2431
2445
2655
2432
2446
2656
2433
2447
2657
2434
2448
2658
2435
2449
2659
2436
2450
2660
2437
2451
2661
2438
2452
2662
2439
2453
2663
2440
2454
2664
2441
2455
2665
2442
2456
2666
2443
2457
2667
2444
2458
2668
2459
2669
2446
2460
2670
2447
2461
2671
2448
2462
2672
2449
2463
2673
2450
2464
2674
2451
2465
2675
2452
2466
2676
2453
2467
2677
2454
2468
2678
2455
2469
2679
2456
2470
2680
2457
2471
2681
2458
2472
2682
2459
2473
2683
2474
2684
2461
2685
2462
2686
2463
2687
2464
2688
2465
2689
2466
2690
2467
2691
2468
2692
2469
2693
2470
2694
2471
2695
2472
2696
2473
2697
2474
2698
2699
2476
2490
2700
2477
2491
2701
2478
2492
2702
2479
2493
2703
2480
2494
2704
2481
2495
2705
2482
2496
2706
2483
2497
2707
2484
2498
2708
2485
2499
2709
2486
2500
2710
2487
2501
2711
2488
2502
2712
2489
2503
2713
2504
2714
2491
2505
2715
2492
2506
2716
2493
2507
2717
2494
2508
2718
2495
2509
2719
2496
2510
2720
2497
2511
2721
2498
2512
2722
2499
2513
2723
2500
2514
2724
2501
2515
2725
2502
2516
2726
2503
2517
2727
2504
2518
2728
2519
2729
2506
2520
2730
2507
2521
2731
2508
2522
2732
2509
2523
2733
2510
2524
2734
2511
2525
2735
2512
2526
2736
2513
2527
2737
2514
2528
2738
2515
2529
2739
2516
2530
2740
2517
2531
2741
2518
2532
2742
2519
2533
2743
2534
2744
2521
2535
2745
2522
2536
2746
2523
2537
2747
2524
2538
2748
2525
2539
2749
2526
2540
2750
2527
2541
2751
2528
2542
2752
2529
2543
2753
2530
2544
2754
2531
2545
2755
2532
2546
2756
2533
2547
2757
2534
2548
2758
2549
2759
2536
2550
2760
2537
2551
2761
2538
2552
2762
2539
2553
2763
2540
2554
2764
2541
2555
2765
2542
2556
2766
2543
2557
2767
2544
2558
2768
2545
2559
2769
2546
2560
2770
2547
2561
2771
2548
2562
2772
2549
2563
2773
2564
2774
2551
2565
2775
2552
2566
2776
2553
2567
2777
2554
2568
2778
2555
2569
2779
2556
2570
2780
2557
2571
2781
2558
2572
2782
2559
2573
2783
2560
2574
2784
2561
2575
2785
2562
2576
2786
2563
2577
2787
2564
2578
2788
2579
2789
2566
2580
2790
2567
2581
2791
2568
2582
2792
2569
2583
2793
2570
2584
2794
2571
2585
2795
2572
2586
2796
2573
2587
2797
2574
2588
2798
2575
2589
2799
2576
2590
2800
2577
2591
2801
2578
2592
2802
2579
2593
2803
2594
2804
2581
2595
2805
2582
2596
2806
2583
2597
2807
2584
2598
2808
2585
2599
2809
2586
2600
2810
2587
2601
2811
2588
2602
2812
2589
2603
2813
2590
2604
2814
2591
2605
2815
2592
2606
2816
2593
2607
2817
2594
2608
2818
2609
2819
2596
2610
2820
2597
2611
2821
2598
2612
2822
2599
2613
2823
2600
2614
2824
2601
2615
2825
2602
2616
2826
2603
2617
2827
2604
2618
2828
2605
2619
2829
2606
2620
2830
2607
2621
2831
2608
2622
2832
2609
2623
2833
2624
2834
2611
2625
2835
2612
2626
2836
2613
2627
2837
2614
2628
2838
2615
2629
2839
2616
2630
2840
2617
2631
2841
2618
2632
2842
2619
2633
2843
2620
2634
2844
2621
2635
2845
2622
2636
2846
2623
2637
2847
2624
2638
2848
2639
2849
2626
2640
2850
2627
2641
2851
2628
2642
2852
2629
2643
2853
2630
2644
2854
2631
2645
2855
2632
2646
2856
2633
2647
2857
2634
2648
2858
2635
2649
2859
2636
2650
2860
2637
2651
2861
2638
2652
2862
2639
2653
2863
2654
2864
2641
2655
2865
2642
2656
2866
2643
2657
2867
2644
2658
2868
2645
2659
2869
2646
2660
2870
2647
2661
2871
2648
2662
2872
2649
2663
2873
2650
2664
2874
2651
2665
2875
2652
2666
2876
2653
2667
2877
2654
2668
2878
2669
2879
2656
2670
2880
2657
2671
2881
2658
2672
2882
2659
2673
2883
2660
2674
2884
2661
2675
2885
2662
2676
2886
2663
2677
2887
2664
2678
2888
2665
2679
2889
2666
2680
2890
2667
2681
2891
2668
2682
2892
2669
2683
2893
2684
2894
2671
2685
2895
2672
2686
2896
2673
2687
2897
2674
2688
2898
2675
2689
2899
2676
2690
2900
2677
2691
2901
2678
2692
2902
2679
2693
2903
2680
2694
2904
2681
2695
2905
2682
2696
2906
2683
2697
2907
2684
2698
2908
2699
2909
2686
2910
2687
2911
2688
2912
2689
2913
2690
2914
2691
2915
2692
2916
2693
2917
2694
2918
2695
2919
2696
2920
2697
2921
2698
2922
2699
2923
2924
2701
2715
2925
2702
2716
2926
2703
2717
2927
2704
2718
2928
2705
2719
2929
2706
2720
2930
2707
2721
2931
2708
2722
2932
2709
2723
2933
2710
2724
2934
2711
2725
2935
2712
2726
2936
2713
2727
2937
2714
2728
2938
2729
2939
2716
2730
2940
2717
2731
2941
2718
2732
2942
2719
2733
2943
2720
2734
2944
2721
2735
2945
2722
2736
2946
2723
2737
2947
2724
2738
2948
2725
2739
2949
2726
2740
2950
2727
2741
2951
2728
2742
2952
2729
2743
2953
2744
2954
2731
2745
2955
2732
2746
2956
2733
2747
2957
2734
2748
2958
2735
2749
2959
2736
2750
2960
2737
2751
2961
2738
2752
2962
2739
2753
2963
2740
2754
2964
2741
2755
2965
2742
2756
2966
2743
2757
2967
2744
2758
2968
2759
2969
2746
2760
2970
2747
2761
2971
2748
2762
2972
2749
2763
2973
2750
2764
2974
2751
2765
2975
2752
2766
2976
2753
2767
2977
2754
2768
2978
2755
2769
2979
2756
2770
2980
2757
2771
2981
2758
2772
2982
2759
2773
2983
2774
2984
2761
2775
2985
2762
2776
2986
2763
2777
2987
2764
2778
2988
2765
2779
2989
2766
2780
2990
2767
2781
2991
2768
2782
2992
2769
2783
2993
2770
2784
2994
2771
2785
2995
2772
2786
2996
2773
2787
2997
2774
2788
2998
2789
2999
2776
2790
3000
2777
2791
3001
2778
2792
3002
2779
2793
3003
2780
2794
3004
2781
2795
3005
2782
2796
3006
2783
2797
3007
2784
2798
3008
2785
2799
3009
2786
2800
3010
2787
2801
3011
2788
2802
3012
2789
2803
3013
2804
3014
2791
2805
3015
2792
2806
3016
2793
2807
3017
2794
2808
3018
2795
2809
3019
2796
2810
3020
2797
2811
3021
2798
2812
3022
2799
2813
3023
2800
2814
3024
2801
2815
3025
2802
2816
3026
2803
2817
3027
2804
2818
3028
2819
3029
2806
2820
3030
2807
2821
3031
2808
2822
3032
2809
2823
3033
2810
2824
3034
2811
2825
3035
2812
2826
3036
2813
2827
3037
2814
2828
3038
2815
2829
3039
2816
2830
3040
2817
2831
3041
2818
2832
3042
2819
2833
3043
2834
3044
2821
2835
3045
2822
2836
3046
2823
2837
3047
2824
2838
3048
2825
2839
3049
2826
2840
3050
2827
2841
3051
2828
2842
3052
2829
2843
3053
2830
2844
3054
2831
2845
3055
2832
2846
3056
2833
2847
3057
2834
2848
3058
2849
3059
2836
2850
3060
2837
2851
3061
2838
2852
3062
2839
2853
3063
2840
2854
3064
2841
2855
3065
2842
2856
3066
2843
2857
3067
2844
2858
3068
2845
2859
3069
2846
2860
3070
2847
2861
3071
2848
2862
3072
2849
2863
3073
2864
3074
2851
2865
3075
2852
2866
3076
2853
2867
3077
2854
2868
3078
2855
2869
3079
2856
2870
3080
2857
2871
3081
2858
2872
3082
2859
2873
3083
2860
2874
3084
2861
2875
3085
2862
2876
3086
2863
2877
3087
2864
2878
3088
2879
3089
2866
2880
3090
2867
2881
3091
2868
2882
3092
2869
2883
3093
2870
2884
3094
2871
2885
3095
2872
2886
3096
2873
2887
3097
2874
2888
3098
2875
2889
3099
2876
2890
3100
2877
2891
3101
2878
2892
3102
2879
2893
3103
2894
3104
2881
2895
3105
2882
2896
3106
2883
2897
3107
2884
2898
3108
2885
2899
3109
2886
2900
3110
2887
2901
3111
2888
2902
3112
2889
2903
3113
2890
2904
3114
2891
2905
3115
2892
2906
3116
2893
2907
3117
2894
2908
3118
2909
3119
2896
2910
3120
2897
2911
3121
2898
2912
3122
2899
2913
3123
2900
2914
3124
2901
2915
3125
2902
2916
3126
2903
2917
3127
2904
2918
3128
2905
2919
3129
2906
2920
3130
2907
2921
3131
2908
2922
3132
2909
2923
3133
2924
3134
2911
3135
2912
3136
2913
3137
2914
3138
2915
3139
2916
3140
2917
3141
2918
3142
2919
3143
2920
3144
2921
3145
2922
3146
2923
3147
2924
3148
3149
2926
2940
3150
2927
2941
3151
2928
2942
3152
2929
2943
3153
2930
2944
3154
2931
2945
3155
2932
2946
3156
2933
2947
3157
2934
2948
3158
2935
2949
3159
2936
2950
3160
2937
2951
3161
2938
2952
3162
2939
2953
3163
2954
3164
2941
2955
3165
2942
2956
3166
2943
2957
3167
2944
2958
3168
2945
2959
3169
2946
2960
3170
2947
2961
3171
2948
2962
3172
2949
2963
3173
2950
2964
3174
2951
2965
3175
2952
2966
3176
2953
2967
3177
2954
2968
3178
2969
3179
2956
2970
3180
2957
2971
3181
2958
2972
3182
2959
2973
3183
2960
2974
3184
2961
2975
3185
2962
2976
3186
2963
2977
3187
2964
2978
3188
2965
2979
3189
2966
2980
3190
2967
2981
3191
2968
2982
3192
2969
2983
3193
2984
3194
2971
2985
3195
2972
2986
3196
2973
2987
3197
2974
2988
3198
2975
2989
3199
2976
2990
3200
2977
2991
3201
2978
2992
3202
2979
2993
3203
2980
2994
3204
2981
2995
3205
2982
2996
3206
2983
2997
3207
2984
2998
3208
2999
3209
2986
3000
3210
2987
3001
3211
2988
3002
3212
2989
3003
3213
2990
3004
3214
2991
3005
3215
2992
3006
3216
2993
3007
3217
2994
3008
3218
2995
3009
3219
2996
3010
3220
2997
3011
3221
2998
3012
3222
2999
3013
3223
3014
3224
3001
3015
3225
3002
3016
3226
3003
3017
3227
3004
3018
3228
3005
3019
3229
3006
3020
3230
3007
3021
3231
3008
3022
3232
3009
3023
3233
3010
3024
3234
3011
3025
3235
3012
3026
3236
3013
3027
3237
3014
3028
3238
3029
3239
3016
3030
3240
3017
3031
3241
3018
3032
3242
3019
3033
3243
3020
3034
3244
3021
3035
3245
3022
3036
3246
3023
3037
3247
3024
3038
3248
3025
3039
3249
3026
3040
3250
3027
3041
3251
3028
3042
3252
3029
3043
3253
3044
3254
3031
3045
3255
3032
3046
3256
3033
3047
3257
3034
3048
3258
3035
3049
3259
3036
3050
3260
3037
3051
3261
3038
3052
3262
3039
3053
3263
3040
3054
3264
3041
3055
3265
3042
3056
3266
3043
3057
3267
3044
3058
3268
3059
3269
3046
3060
3270
3047
3061
3271
3048
3062
3272
3049
3063
3273
3050
3064
3274
3051
3065
3275
3052
3066
3276
3053
3067
3277
3054
3068
3278
3055
3069
3279
3056
3070
3280
3057
3071
3281
3058
3072
3282
3059
3073
3283
3074
3284
3061
3075
3285
3062
3076
3286
3063
3077
3287
3064
3078
3288
3065
3079
3289
3066
3080
3290
3067
3081
3291
3068
3082
3292
3069
3083
3293
3070
3084
3294
3071
3085
3295
3072
3086
3296
3073
3087
3297
3074
3088
3298
3089
3299
3076
3090
3300
3077
3091
3301
3078
3092
3302
3079
3093
3303
3080
3094
3304
3081
3095
3305
3082
3096
3306
3083
3097
3307
3084
3098
3308
3085
3099
3309
3086
3100
3310
3087
3101
3311
3088
3102
3312
3089
3103
3313
3104
3314
3091
3105
3315
3092
3106
3316
3093
3107
3317
3094
3108
3318
3095
3109
3319
3096
3110
3320
3097
3111
3321
3098
3112
3322
3099
3113
3323
3100
3114
3324
3101
3115
3325
3102
3116
3326
3103
3117
3327
3104
3118
3328
3119
3329
3106
3120
3330
3107
3121
3331
3108
3122
3332
3109
3123
3333
3110
3124
3334
3111
3125
3335
3112
3126
3336
3113
3127
3337
3114
3128
3338
3115
3129
3339
3116
3130
3340
3117
3131
3341
3118
3132
3342
3119
3133
3343
3134
3344
3121
3135
3345
3122
3136
3346
3123
3137
3347
3124
3138
3348
3125
3139
3349
3126
3140
3350
3127
3141
3351
3128
3142
3352
3129
3143
3353
3130
3144
3354
3131
3145
3355
3132
3146
3356
3133
3147
3357
3134
3148
3358
3149
3359
3136
3360
3137
3361
3138
3362
3139
3363
3140
3364
3141
3365
3142
3366
3143
3367
3144
3368
3145
3369
3146
3370
3147
3371
3148
3372
3149
3373
3374
3151
3165
3375
3152
3166
3390
3153
3167
3405
3154
3168
3420
3155
3169
3435
3156
3170
3450
3157
3171
3465
3158
3172
3480
3159
3173
3495
3160
3174
3510
3161
3175
3525
3162
3176
3540
3163
3177
3555
3164
3178
3570
3179
3585
3166
3180
3600
3167
3181
3615
3168
3182
3630
3169
3183
3645
3170
3184
3660
3171
3185
3675
3172
3186
3690
3173
3187
3705
3174
3188
3720
3175
3189
3735
3176
3190
3750
3177
3191
3765
3178
3192
3780
3179
3193
3795
3194
3810
3181
3195
3825
3182
3196
3840
3183
3197
3855
3184
3198
3870
3185
3199
3885
3186
3200
3900
3187
3201
3915
3188
3202
3930
3189
3203
3945
3190
3204
3960
3191
3205
3975
3192
3206
3990
3193
3207
4005
3194
3208
4020
3209
4035
3196
3210
4050
3197
3211
4065
3198
3212
4080
3199
3213
4095
3200
3214
4110
3201
3215
4125
3202
3216
4140
3203
3217
4155
3204
3218
4170
3205
3219
4185
3206
3220
4200
3207
3221
4215
3208
3222
4230
3209
3223
4245
3224
4260
3211
3225
4275
3212
3226
4290
3213
3227
4305
3214
3228
4320
3215
3229
4335
3216
3230
4350
3217
3231
4365
3218
3232
4380
3219
3233
4395
3220
3234
4410
3221
3235
4425
3222
3236
4440
3223
3237
4455
3224
3238
4470
3239
4485
3226
3240
4500
3227
3241
4515
3228
3242
4530
3229
3243
4545
3230
3244
4560
3231
3245
4575
3232
3246
4590
3233
3247
4605
3234
3248
4620
3235
3249
4635
3236
3250
4650
3237
3251
4665
3238
3252
4680
3239
3253
4695
3254
4710
3241
3255
4725
3242
3256
4740
3243
3257
4755
3244
3258
4770
3245
3259
4785
3246
3260
4800
3247
3261
4815
3248
3262
4830
3249
3263
4845
3250
3264
4860
3251
3265
4875
3252
3266
4890
3253
3267
4905
3254
3268
4920
3269
4935
3256
3270
4950
3257
3271
4965
3258
3272
4980
3259
3273
4995
3260
3274
5010
3261
3275
5025
3262
3276
5040
3263
3277
5055
3264
3278
5070
3265
3279
5085
3266
3280
5100
3267
3281
5115
3268
3282
5130
3269
3283
5145
3284
5160
3271
3285
5175
3272
3286
5190
3273
3287
5205
3274
3288
5220
3275
3289
5235
3276
3290
5250
3277
3291
5265
3278
3292
5280
3279
3293
5295
3280
3294
5310
3281
3295
5325
3282
3296
5340
3283
3297
5355
3284
3298
5370
3299
5385
3286
3300
5400
3287
3301
5415
3288
3302
5430
3289
3303
5445
3290
3304
5460
3291
3305
5475
3292
3306
5490
3293
3307
5505
3294
3308
5520
3295
3309
5535
3296
3310
5550
3297
3311
5565
3298
3312
5580
3299
3313
5595
3314
5610
3301
3315
5625
3302
3316
5640
3303
3317
5655
3304
3318
5670
3305
3319
5685
3306
3320
5700
3307
3321
5715
3308
3322
5730
3309
3323
5745
3310
3324
5760
3311
3325
5775
3312
3326
5790
3313
3327
5805
3314
3328
5820
3329
5835
3316
3330
5850
3317
3331
5865
3318
3332
5880
3319
3333
5895
3320
3334
5910
3321
3335
5925
3322
3336
5940
3323
3337
5955
3324
3338
5970
3325
3339
5985
3326
3340
6000
3327
3341
6015
3328
3342
6030
3329
3343
6045
3344
6060
3331
3345
6075
3332
3346
6090
3333
3347
6105
3334
3348
6120
3335
3349
6135
3336
3350
6150
3337
3351
6165
3338
3352
6180
3339
3353
6195
3340
3354
6210
3341
3355
6225
3342
3356
6240
3343
3357
6255
3344
3358
6270
3359
6285
3346
3360
6300
3347
3361
6315
3348
3362
6330
3349
3363
6345
3350
3364
6360
3351
3365
6375
3352
3366
6390
3353
3367
6405
3354
3368
6420
3355
3369
6435
3356
3370
6450
3357
3371
6465
3358
3372
6480
3359
3373
6495
3374
6510
3361
6525
3362
6540
3363
6555
3364
6570
3365
6585
3366
6600
3367
6615
3368
6630
3369
6645
3370
6660
3371
6675
3372
6690
3373
6705
3374
6720
6735
3376
3390
3600
3377
3391
3601
3378
3392
3602
3379
3393
3603
3380
3394
3604
3381
3395
3605
3382
3396
3606
3383
3397
3607
3384
3398
3608
3385
3399
3609
3386
3400
3610
3387
3401
3611
3388
3402
3612
3389
3403
3613
3404
3614
3391
3405
3615
3392
3406
3616
3393
3407
3617
3394
3408
3618
3395
3409
3619
3396
3410
3620
3397
3411
3621
3398
3412
3622
3399
3413
3623
3400
3414
3624
3401
3415
3625
3402
3416
3626
3403
3417
3627
3404
3418
3628
3419
3629
3406
3420
3630
3407
3421
3631
3408
3422
3632
3409
3423
3633
3410
3424
3634
3411
3425
3635
3412
3426
3636
3413
3427
3637
3414
3428
3638
3415
3429
3639
3416
3430
3640
3417
3431
3641
3418
3432
3642
3419
3433
3643
3434
3644
3421
3435
3645
3422
3436
3646
3423
3437
3647
3424
3438
3648
3425
3439
3649
3426
3440
3650
3427
3441
3651
3428
3442
3652
3429
3443
3653
3430
3444
3654
3431
3445
3655
3432
3446
3656
3433
3447
3657
3434
3448
3658
3449
3659
3436
3450
3660
3437
3451
3661
3438
3452
3662
3439
3453
3663
3440
3454
3664
3441
3455
3665
3442
3456
3666
3443
3457
3667
3444
3458
3668
3445
3459
3669
3446
3460
3670
3447
3461
3671
3448
3462
3672
3449
3463
3673
3464
3674
3451
3465
3675
3452
3466
3676
3453
3467
3677
3454
3468
3678
3455
3469
3679
3456
3470
3680
3457
3471
3681
3458
3472
3682
3459
3473
3683
3460
3474
3684
3461
3475
3685
3462
3476
3686
3463
3477
3687
3464
3478
3688
3479
3689
3466
3480
3690
3467
3481
3691
3468
3482
3692
3469
3483
3693
3470
3484
3694
3471
3485
3695
3472
3486
3696
3473
3487
3697
3474
3488
3698
3475
3489
3699
3476
3490
3700
3477
3491
3701
3478
3492
3702
3479
3493
3703
3494
3704
3481
3495
3705
3482
3496
3706
3483
3497
3707
3484
3498
3708
3485
3499
3709
3486
3500
3710
3487
3501
3711
3488
3502
3712
3489
3503
3713
3490
3504
3714
3491
3505
3715
3492
3506
3716
3493
3507
3717
3494
3508
3718
3509
3719
3496
3510
3720
3497
3511
3721
3498
3512
3722
3499
3513
3723
3500
3514
3724
3501
3515
3725
3502
3516
3726
3503
3517
3727
3504
3518
3728
3505
3519
3729
3506
3520
3730
3507
3521
3731
3508
3522
3732
3509
3523
3733
3524
3734
3511
3525
3735
3512
3526
3736
3513
3527
3737
3514
3528
3738
3515
3529
3739
3516
3530
3740
3517
3531
3741
3518
3532
3742
3519
3533
3743
3520
3534
3744
3521
3535
3745
3522
3536
3746
3523
3537
3747
3524
3538
3748
3539
3749
3526
3540
3750
3527
3541
3751
3528
3542
3752
3529
3543
3753
3530
3544
3754
3531
3545
3755
3532
3546
3756
3533
3547
3757
3534
3548
3758
3535
3549
3759
3536
3550
3760
3537
3551
3761
3538
3552
3762
3539
3553
3763
3554
3764
3541
3555
3765
3542
3556
3766
3543
3557
3767
3544
3558
3768
3545
3559
3769
3546
3560
3770
3547
3561
3771
3548
3562
3772
3549
3563
3773
3550
3564
3774
3551
3565
3775
3552
3566
3776
3553
3567
3777
3554
3568
3778
3569
3779
3556
3570
3780
3557
3571
3781
3558
3572
3782
3559
3573
3783
3560
3574
3784
3561
3575
3785
3562
3576
3786
3563
3577
3787
3564
3578
3788
3565
3579
3789
3566
3580
3790
3567
3581
3791
3568
3582
3792
3569
3583
3793
3584
3794
3571
3585
3795
3572
3586
3796
3573
3587
3797
3574
3588
3798
3575
3589
3799
3576
3590
3800
3577
3591
3801
3578
3592
3802
3579
3593
3803
3580
3594
3804
3581
3595
3805
3582
3596
3806
3583
3597
3807
3584
3598
3808
3599
3809
3586
3810
3587
3811
3588
3812
3589
3813
3590
3814
3591
3815
3592
3816
3593
3817
3594
3818
3595
3819
3596
3820
3597
3821
3598
3822
3599
3823
3824
3601
3615
3825
3602
3616
3826
3603
3617
3827
3604
3618
3828
3605
3619
3829
3606
3620
3830
3607
3621
3831
3608
3622
3832
3609
3623
3833
3610
3624
3834
3611
3625
3835
3612
3626
3836
3613
3627
3837
3614
3628
3838
3629
3839
3616
3630
3840
3617
3631
3841
3618
3632
3842
3619
3633
3843
3620
3634
3844
3621
3635
3845
3622
3636
3846
3623
3637
3847
3624
3638
3848
3625
3639
3849
3626
3640
3850
3627
3641
3851
3628
3642
3852
3629
3643
3853
3644
3854
3631
3645
3855
3632
3646
3856
3633
3647
3857
3634
3648
3858
3635
3649
3859
3636
3650
3860
3637
3651
3861
3638
3652
3862
3639
3653
3863
3640
3654
3864
3641
3655
3865
3642
3656
3866
3643
3657
3867
3644
3658
3868
3659
3869
3646
3660
3870
3647
3661
3871
3648
3662
3872
3649
3663
3873
3650
3664
3874
3651
3665
3875
3652
3666
3876
3653
3667
3877
3654
3668
3878
3655
3669
3879
3656
3670
3880
3657
3671
3881
3658
3672
3882
3659
3673
3883
3674
3884
3661
3675
3885
3662
3676
3886
3663
3677
3887
3664
3678
3888
3665
3679
3889
3666
3680
3890
3667
3681
3891
3668
3682
3892
3669
3683
3893
3670
3684
3894
3671
3685
3895
3672
3686
3896
3673
3687
3897
3674
3688
3898
3689
3899
3676
3690
3900
3677
3691
3901
3678
3692
3902
3679
3693
3903
3680
3694
3904
3681
3695
3905
3682
3696
3906
3683
3697
3907
3684
3698
3908
3685
3699
3909
3686
3700
3910
3687
3701
3911
3688
3702
3912
3689
3703
3913
3704
3914
3691
3705
3915
3692
3706
3916
3693
3707
3917
3694
3708
3918
3695
3709
3919
3696
3710
3920
3697
3711
3921
3698
3712
3922
3699
3713
3923
3700
3714
3924
3701
3715
3925
3702
3716
3926
3703
3717
3927
3704
3718
3928
3719
3929
3706
3720
3930
3707
3721
3931
3708
3722
3932
3709
3723
3933
3710
3724
3934
3711
3725
3935
3712
3726
3936
3713
3727
3937
3714
3728
3938
3715
3729
3939
3716
3730
3940
3717
3731
3941
3718
3732
3942
3719
3733
3943
3734
3944
3721
3735
3945
3722
3736
3946
3723
3737
3947
3724
3738
3948
3725
3739
3949
3726
3740
3950
3727
3741
3951
3728
3742
3952
3729
3743
3953
3730
3744
3954
3731
3745
3955
3732
3746
3956
3733
3747
3957
3734
3748
3958
3749
3959
3736
3750
3960
3737
3751
3961
3738
3752
3962
3739
3753
3963
3740
3754
3964
3741
3755
3965
3742
3756
3966
3743
3757
3967
3744
3758
3968
3745
3759
3969
3746
3760
3970
3747
3761
3971
3748
3762
3972
3749
3763
3973
3764
3974
3751
3765
3975
3752
3766
3976
3753
3767
3977
3754
3768
3978
3755
3769
3979
3756
3770
3980
3757
3771
3981
3758
3772
3982
3759
3773
3983
3760
3774
3984
3761
3775
3985
3762
3776
3986
3763
3777
3987
3764
3778
3988
3779
3989
3766
3780
3990
3767
3781
3991
3768
3782
3992
3769
3783
3993
3770
3784
3994
3771
3785
3995
3772
3786
3996
3773
3787
3997
3774
3788
3998
3775
3789
3999
3776
3790
4000
3777
3791
4001
3778
3792
4002
3779
3793
4003
3794
4004
3781
3795
4005
3782
3796
4006
3783
3797
4007
3784
3798
4008
3785
3799
4009
3786
3800
4010
3787
3801
4011
3788
3802
4012
3789
3803
4013
3790
3804
4014
3791
3805
4015
3792
3806
4016
3793
3807
4017
3794
3808
4018
3809
4019
3796
3810
4020
3797
3811
4021
3798
3812
4022
3799
3813
4023
3800
3814
4024
3801
3815
4025
3802
3816
4026
3803
3817
4027
3804
3818
4028
3805
3819
4029
3806
3820
4030
3807
3821
4031
3808
3822
4032
3809
3823
4033
3824
4034
3811
4035
3812
4036
3813
4037
3814
4038
3815
4039
3816
4040
3817
4041
3818
4042
3819
4043
3820
4044
3821
4045
3822
4046
3823
4047
3824
4048
4049
3826
3840
4050
3827
3841
4051
3828
3842
4052
3829
3843
4053
3830
3844
4054
3831
3845
4055
3832
3846
4056
3833
3847
4057
3834
3848
4058
3835
3849
4059
3836
3850
4060
3837
3851
4061
3838
3852
4062
3839
3853
4063
3854
4064
3841
3855
4065
3842
3856
4066
3843
3857
4067
3844
3858
4068
3845
3859
4069
3846
3860
4070
3847
3861
4071
3848
3862
4072
3849
3863
4073
3850
3864
4074
3851
3865
4075
3852
3866
4076
3853
3867
4077
3854
3868
4078
3869
4079
3856
3870
4080
3857
3871
4081
3858
3872
4082
3859
3873
4083
3860
3874
4084
3861
3875
4085
3862
3876
4086
3863
3877
4087
3864
3878
4088
3865
3879
4089
3866
3880
4090
3867
3881
4091
3868
3882
4092
3869
3883
4093
3884
4094
3871
3885
4095
3872
3886
4096
3873
3887
4097
3874
3888
4098
3875
3889
4099
3876
3890
4100
3877
3891
4101
3878
3892
4102
3879
3893
4103
3880
3894
4104
3881
3895
4105
3882
3896
4106
3883
3897
4107
3884
3898
4108
3899
4109
3886
3900
4110
3887
3901
4111
3888
3902
4112
3889
3903
4113
3890
3904
4114
3891
3905
4115
3892
3906
4116
3893
3907
4117
3894
3908
4118
3895
3909
4119
3896
3910
4120
3897
3911
4121
3898
3912
4122
3899
3913
4123
3914
4124
3901
3915
4125
3902
3916
4126
3903
3917
4127
3904
3918
4128
3905
3919
4129
3906
3920
4130
3907
3921
4131
3908
3922
4132
3909
3923
4133
3910
3924
4134
3911
3925
4135
3912
3926
4136
3913
3927
4137
3914
3928
4138
3929
4139
3916
3930
4140
3917
3931
4141
3918
3932
4142
3919
3933
4143
3920
3934
4144
3921
3935
4145
3922
3936
4146
3923
3937
4147
3924
3938
4148
3925
3939
4149
3926
3940
4150
3927
3941
4151
3928
3942
4152
3929
3943
4153
3944
4154
3931
3945
4155
3932
3946
4156
3933
3947
4157
3934
3948
4158
3935
3949
4159
3936
3950
4160
3937
3951
4161
3938
3952
4162
3939
3953
4163
3940
3954
4164
3941
3955
4165
3942
3956
4166
3943
3957
4167
3944
3958
4168
3959
4169
3946
3960
4170
3947
3961
4171
3948
3962
4172
3949
3963
4173
3950
3964
4174
3951
3965
4175
3952
3966
4176
3953
3967
4177
3954
3968
4178
3955
3969
4179
3956
3970
4180
3957
3971
4181
3958
3972
4182
3959
3973
4183
3974
4184
3961
3975
4185
3962
3976
4186
3963
3977
4187
3964
3978
4188
3965
3979
4189
3966
3980
4190
3967
3981
4191
3968
3982
4192
3969
3983
4193
3970
3984
4194
3971
3985
4195
3972
3986
4196
3973
3987
4197
3974
3988
4198
3989
4199
3976
3990
4200
3977
3991
4201
3978
3992
4202
3979
3993
4203
3980
3994
4204
3981
3995
4205
3982
3996
4206
3983
3997
4207
3984
3998
4208
3985
3999
4209
3986
4000
4210
3987
4001
4211
3988
4002
4212
3989
4003
4213
4004
4214
3991
4005
4215
3992
4006
4216
3993
4007
4217
3994
4008
4218
3995
4009
4219
3996
4010
4220
3997
4011
4221
3998
4012
4222
3999
4013
4223
4000
4014
4224
4001
4015
4225
4002
4016
4226
4003
4017
4227
4004
4018
4228
4019
4229
4006
4020
4230
4007
4021
4231
4008
4022
4232
4009
4023
4233
4010
4024
4234
4011
4025
4235
4012
4026
4236
4013
4027
4237
4014
4028
4238
4015
4029
4239
4016
4030
4240
4017
4031
4241
4018
4032
4242
4019
4033
4243
4034
4244
4021
4035
4245
4022
4036
4246
4023
4037
4247
4024
4038
4248
4025
4039
4249
4026
4040
4250
4027
4041
4251
4028
4042
4252
4029
4043
4253
4030
4044
4254
4031
4045
4255
4032
4046
4256
4033
4047
4257
4034
4048
4258
4049
4259
4036
4260
4037
4261
4038
4262
4039
4263
4040
4264
4041
4265
4042
4266
4043
4267
4044
4268
4045
4269
4046
4270
4047
4271
4048
4272
4049
4273
4274
4051
4065
4275
4052
4066
4276
4053
4067
4277
4054
4068
4278
4055
4069
4279
4056
4070
4280
4057
4071
4281
4058
4072
4282
4059
4073
4283
4060
4074
4284
4061
4075
4285
4062
4076
4286
4063
4077
4287
4064
4078
4288
4079
4289
4066
4080
4290
4067
4081
4291
4068
4082
4292
4069
4083
4293
4070
4084
4294
4071
4085
4295
4072
4086
4296
4073
4087
4297
4074
4088
4298
4075
4089
4299
4076
4090
4300
4077
4091
4301
4078
4092
4302
4079
4093
4303
4094
4304
4081
4095
4305
4082
4096
4306
4083
4097
4307
4084
4098
4308
4085
4099
4309
4086
4100
4310
4087
4101
4311
4088
4102
4312
4089
4103
4313
4090
4104
4314
4091
4105
4315
4092
4106
4316
4093
4107
4317
4094
4108
4318
4109
4319
4096
4110
4320
4097
4111
4321
4098
4112
4322
4099
4113
4323
4100
4114
4324
4101
4115
4325
4102
4116
4326
4103
4117
4327
4104
4118
4328
4105
4119
4329
4106
4120
4330
4107
4121
4331
4108
4122
4332
4109
4123
4333
4124
4334
4111
4125
4335
4112
4126
4336
4113
4127
4337
4114
4128
4338
4115
4129
4339
4116
4130
4340
4117
4131
4341
4118
4132
4342
4119
4133
4343
4120
4134
4344
4121
4135
4345
4122
4136
4346
4123
4137
4347
4124
4138
4348
4139
4349
4126
4140
4350
4127
4141
4351
4128
4142
4352
4129
4143
4353
4130
4144
4354
4131
4145
4355
4132
4146
4356
4133
4147
4357
4134
4148
4358
4135
4149
4359
4136
4150
4360
4137
4151
4361
4138
4152
4362
4139
4153
4363
4154
4364
4141
4155
4365
4142
4156
4366
4143
4157
4367
4144
4158
4368
4145
4159
4369
4146
4160
4370
4147
4161
4371
4148
4162
4372
4149
4163
4373
4150
4164
4374
4151
4165
4375
4152
4166
4376
4153
4167
4377
4154
4168
4378
4169
4379
4156
4170
4380
4157
4171
4381
4158
4172
4382
4159
4173
4383
4160
4174
4384
4161
4175
4385
4162
4176
4386
4163
4177
4387
4164
4178
4388
4165
4179
4389
4166
4180
4390
4167
4181
4391
4168
4182
4392
4169
4183
4393
4184
4394
4171
4185
4395
4172
4186
4396
4173
4187
4397
4174
4188
4398
4175
4189
4399
4176
4190
4400
4177
4191
4401
4178
4192
4402
4179
4193
4403
4180
4194
4404
4181
4195
4405
4182
4196
4406
4183
4197
4407
4184
4198
4408
4199
4409
4186
4200
4410
4187
4201
4411
4188
4202
4412
4189
4203
4413
4190
4204
4414
4191
4205
4415
4192
4206
4416
4193
4207
4417
4194
4208
4418
4195
4209
4419
4196
4210
4420
4197
4211
4421
4198
4212
4422
4199
4213
4423
4214
4424
4201
4215
4425
4202
4216
4426
4203
4217
4427
4204
4218
4428
4205
4219
4429
4206
4220
4430
4207
4221
4431
4208
4222
4432
4209
4223
4433
4210
4224
4434
4211
4225
4435
4212
4226
4436
4213
4227
4437
4214
4228
4438
4229
4439
4216
4230
4440
4217
4231
4441
4218
4232
4442
4219
4233
4443
4220
4234
4444
4221
4235
4445
4222
4236
4446
4223
4237
4447
4224
4238
4448
4225
4239
4449
4226
4240
4450
4227
4241
4451
4228
4242
4452
4229
4243
4453
4244
4454
4231
4245
4455
4232
4246
4456
4233
4247
4457
4234
4248
4458
4235
4249
4459
4236
4250
4460
4237
4251
4461
4238
4252
4462
4239
4253
4463
4240
4254
4464
4241
4255
4465
4242
4256
4466
4243
4257
4467
4244
4258
4468
4259
4469
4246
4260
4470
4247
4261
4471
4248
4262
4472
4249
4263
4473
4250
4264
4474
4251
4265
4475
4252
4266
4476
4253
4267
4477
4254
4268
4478
4255
4269
4479
4256
4270
4480
4257
4271
4481
4258
4272
4482
4259
4273
4483
4274
4484
4261
4485
4262
4486
4263
4487
4264
4488
4265
4489
4266
4490
4267
4491
4268
4492
4269
4493
4270
4494
4271
4495
4272
4496
4273
4497
4274
4498
4499
4276
4290
4500
4277
4291
4501
4278
4292
4502
4279
4293
4503
4280
4294
4504
4281
4295
4505
4282
4296
4506
4283
4297
4507
4284
4298
4508
4285
4299
4509
4286
4300
4510
4287
4301
4511
4288
4302
4512
4289
4303
4513
4304
4514
4291
4305
4515
4292
4306
4516
4293
4307
4517
4294
4308
4518
4295
4309
4519
4296
4310
4520
4297
4311
4521
4298
4312
4522
4299
4313
4523
4300
4314
4524
4301
4315
4525
4302
4316
4526
4303
4317
4527
4304
4318
4528
4319
4529
4306
4320
4530
4307
4321
4531
4308
4322
4532
4309
4323
4533
4310
4324
4534
4311
4325
4535
4312
4326
4536
4313
4327
4537
4314
4328
4538
4315
4329
4539
4316
4330
4540
4317
4331
4541
4318
4332
4542
4319
4333
4543
4334
4544
4321
4335
4545
4322
4336
4546
4323
4337
4547
4324
4338
4548
4325
4339
4549
4326
4340
4550
4327
4341
4551
4328
4342
4552
4329
4343
4553
4330
4344
4554
4331
4345
4555
4332
4346
4556
4333
4347
4557
4334
4348
4558
4349
4559
4336
4350
4560
4337
4351
4561
4338
4352
4562
4339
4353
4563
4340
4354
4564
4341
4355
4565
4342
4356
4566
4343
4357
4567
4344
4358
4568
4345
4359
4569
4346
4360
4570
4347
4361
4571
4348
4362
4572
4349
4363
4573
4364
4574
4351
4365
4575
4352
4366
4576
4353
4367
4577
4354
4368
4578
4355
4369
4579
4356
4370
4580
4357
4371
4581
4358
4372
4582
4359
4373
4583
4360
4374
4584
4361
4375
4585
4362
4376
4586
4363
4377
4587
4364
4378
4588
4379
4589
4366
4380
4590
4367
4381
4591
4368
4382
4592
4369
4383
4593
4370
4384
4594
4371
4385
4595
4372
4386
4596
4373
4387
4597
4374
4388
4598
4375
4389
4599
4376
4390
4600
4377
4391
4601
4378
4392
4602
4379
4393
4603
4394
4604
4381
4395
4605
4382
4396
4606
4383
4397
4607
4384
4398
4608
4385
4399
4609
4386
4400
4610
4387
4401
4611
4388
4402
4612
4389
4403
4613
4390
4404
4614
4391
4405
4615
4392
4406
4616
4393
4407
4617
4394
4408
4618
4409
4619
4396
4410
4620
4397
4411
4621
4398
4412
4622
4399
4413
4623
4400
4414
4624
4401
4415
4625
4402
4416
4626
4403
4417
4627
4404
4418
4628
4405
4419
4629
4406
4420
4630
4407
4421
4631
4408
4422
4632
4409
4423
4633
4424
4634
4411
4425
4635
4412
4426
4636
4413
4427
4637
4414
4428
4638
4415
4429
4639
4416
4430
4640
4417
4431
4641
4418
4432
4642
4419
4433
4643
4420
4434
4644
4421
4435
4645
4422
4436
4646
4423
4437
4647
4424
4438
4648
4439
4649
4426
4440
4650
4427
4441
4651
4428
4442
4652
4429
4443
4653
4430
4444
4654
4431
4445
4655
4432
4446
4656
4433
4447
4657
4434
4448
4658
4435
4449
4659
4436
4450
4660
4437
4451
4661
4438
4452
4662
4439
4453
4663
4454
4664
4441
4455
4665
4442
4456
4666
4443
4457
4667
4444
4458
4668
4445
4459
4669
4446
4460
4670
4447
4461
4671
4448
4462
4672
4449
4463
4673
4450
4464
4674
4451
4465
4675
4452
4466
4676
4453
4467
4677
4454
4468
4678
4469
4679
4456
4470
4680
4457
4471
4681
4458
4472
4682
4459
4473
4683
4460
4474
4684
4461
4475
4685
4462
4476
4686
4463
4477
4687
4464
4478
4688
4465
4479
4689
4466
4480
4690
4467
4481
4691
4468
4482
4692
4469
4483
4693
4484
4694
4471
4485
4695
4472
4486
4696
4473
4487
4697
4474
4488
4698
4475
4489
4699
4476
4490
4700
4477
4491
4701
4478
4492
4702
4479
4493
4703
4480
4494
4704
4481
4495
4705
4482
4496
4706
4483
4497
4707
4484
4498
4708
4499
4709
4486
4710
4487
4711
4488
4712
4489
4713
4490
4714
4491
4715
4492
4716
4493
4717
4494
4718
4495
4719
4496
4720
4497
4721
4498
4722
4499
4723
4724
4501
4515
4725
4502
4516
4726
4503
4517
4727
4504
4518
4728
4505
4519
4729
4506
4520
4730
4507
4521
4731
4508
4522
4732
4509
4523
4733
4510
4524
4734
4511
4525
4735
4512
4526
4736
4513
4527
4737
4514
4528
4738
4529
4739
4516
4530
4740
4517
4531
4741
4518
4532
4742
4519
4533
4743
4520
4534
4744
4521
4535
4745
4522
4536
4746
4523
4537
4747
4524
4538
4748
4525
4539
4749
4526
4540
4750
4527
4541
4751
4528
4542
4752
4529
4543
4753
4544
4754
4531
4545
4755
4532
4546
4756
4533
4547
4757
4534
4548
4758
4535
4549
4759
4536
4550
4760
4537
4551
4761
4538
4552
4762
4539
4553
4763
4540
4554
4764
4541
4555
4765
4542
4556
4766
4543
4557
4767
4544
4558
4768
4559
4769
4546
4560
4770
4547
4561
4771
4548
4562
4772
4549
4563
4773
4550
4564
4774
4551
4565
4775
4552
4566
4776
4553
4567
4777
4554
4568
4778
4555
4569
4779
4556
4570
4780
4557
4571
4781
4558
4572
4782
4559
4573
4783
4574
4784
4561
4575
4785
4562
4576
4786
4563
4577
4787
4564
4578
4788
4565
4579
4789
4566
4580
4790
4567
4581
4791
4568
4582
4792
4569
4583
4793
4570
4584
4794
4571
4585
4795
4572
4586
4796
4573
4587
4797
4574
4588
4798
4589
4799
4576
4590
4800
4577
4591
4801
4578
4592
4802
4579
4593
4803
4580
4594
4804
4581
4595
4805
4582
4596
4806
4583
4597
4807
4584
4598
4808
4585
4599
4809
4586
4600
4810
4587
4601
4811
4588
4602
4812
4589
4603
4813
4604
4814
4591
4605
4815
4592
4606
4816
4593
4607
4817
4594
4608
4818
4595
4609
4819
4596
4610
4820
4597
4611
4821
4598
4612
4822
4599
4613
4823
4600
4614
4824
4601
4615
4825
4602
4616
4826
4603
4617
4827
4604
4618
4828
4619
4829
4606
4620
4830
4607
4621
4831
4608
4622
4832
4609
4623
4833
4610
4624
4834
4611
4625
4835
4612
4626
4836
4613
4627
4837
4614
4628
4838
4615
4629
4839
4616
4630
4840
4617
4631
4841
4618
4632
4842
4619
4633
4843
4634
4844
4621
4635
4845
4622
4636
4846
4623
4637
4847
4624
4638
4848
4625
4639
4849
4626
4640
4850
4627
4641
4851
4628
4642
4852
4629
4643
4853
4630
4644
4854
4631
4645
4855
4632
4646
4856
4633
4647
4857
4634
4648
4858
4649
4859
4636
4650
4860
4637
4651
4861
4638
4652
4862
4639
4653
4863
4640
4654
4864
4641
4655
4865
4642
4656
4866
4643
4657
4867
4644
4658
4868
4645
4659
4869
4646
4660
4870
4647
4661
4871
4648
4662
4872
4649
4663
4873
4664
4874
4651
4665
4875
4652
4666
4876
4653
4667
4877
4654
4668
4878
4655
4669
4879
4656
4670
4880
4657
4671
4881
4658
4672
4882
4659
4673
4883
4660
4674
4884
4661
4675
4885
4662
4676
4886
4663
4677
4887
4664
4678
4888
4679
4889
4666
4680
4890
4667
4681
4891
4668
4682
4892
4669
4683
4893
4670
4684
4894
4671
4685
4895
4672
4686
4896
4673
4687
4897
4674
4688
4898
4675
4689
4899
4676
4690
4900
4677
4691
4901
4678
4692
4902
4679
4693
4903
4694
4904
4681
4695
4905
4682
4696
4906
4683
4697
4907
4684
4698
4908
4685
4699
4909
4686
4700
4910
4687
4701
4911
4688
4702
4912
4689
4703
4913
4690
4704
4914
4691
4705
4915
4692
4706
4916
4693
4707
4917
4694
4708
4918
4709
4919
4696
4710
4920
4697
4711
4921
4698
4712
4922
4699
4713
4923
4700
4714
4924
4701
4715
4925
4702
4716
4926
4703
4717
4927
4704
4718
4928
4705
4719
4929
4706
4720
4930
4707
4721
4931
4708
4722
4932
4709
4723
4933
4724
4934
4711
4935
4712
4936
4713
4937
4714
4938
4715
4939
4716
4940
4717
4941
4718
4942
4719
4943
4720
4944
4721
4945
4722
4946
4723
4947
4724
4948
4949
4726
4740
4950
4727
4741
4951
4728
4742
4952
4729
4743
4953
4730
4744
4954
4731
4745
4955
4732
4746
4956
4733
4747
4957
4734
4748
4958
4735
4749
4959
4736
4750
4960
4737
4751
4961
4738
4752
4962
4739
4753
4963
4754
4964
4741
4755
4965
4742
4756
4966
4743
4757
4967
4744
4758
4968
4745
4759
4969
4746
4760
4970
4747
4761
4971
4748
4762
4972
4749
4763
4973
4750
4764
4974
4751
4765
4975
4752
4766
4976
4753
4767
4977
4754
4768
4978
4769
4979
4756
4770
4980
4757
4771
4981
4758
4772
4982
4759
4773
4983
4760
4774
4984
4761
4775
4985
4762
4776
4986
4763
4777
4987
4764
4778
4988
4765
4779
4989
4766
4780
4990
4767
4781
4991
4768
4782
4992
4769
4783
4993
4784
4994
4771
4785
4995
4772
4786
4996
4773
4787
4997
4774
4788
4998
4775
4789
4999
4776
4790
5000
4777
4791
5001
4778
4792
5002
4779
4793
5003
4780
4794
5004
4781
4795
5005
4782
4796
5006
4783
4797
5007
4784
4798
5008
4799
5009
4786
4800
5010
4787
4801
5011
4788
4802
5012
4789
4803
5013
4790
4804
5014
4791
4805
5015
4792
4806
5016
4793
4807
5017
4794
4808
5018
4795
4809
5019
4796
4810
5020
4797
4811
5021
4798
4812
5022
4799
4813
5023
4814
5024
4801
4815
5025
4802
4816
5026
4803
4817
5027
4804
4818
5028
4805
4819
5029
4806
4820
5030
4807
4821
5031
4808
4822
5032
4809
4823
5033
4810
4824
5034
4811
4825
5035
4812
4826
5036
4813
4827
5037
4814
4828
5038
4829
5039
4816
4830
5040
4817
4831
5041
4818
4832
5042
4819
4833
5043
4820
4834
5044
4821
4835
5045
4822
4836
5046
4823
4837
5047
4824
4838
5048
4825
4839
5049
4826
4840
5050
4827
4841
5051
4828
4842
5052
4829
4843
5053
4844
5054
4831
4845
5055
4832
4846
5056
4833
4847
5057
4834
4848
5058
4835
4849
5059
4836
4850
5060
4837
4851
5061
4838
4852
5062
4839
4853
5063
4840
4854
5064
4841
4855
5065
4842
4856
5066
4843
4857
5067
4844
4858
5068
4859
5069
4846
4860
5070
4847
4861
5071
4848
4862
5072
4849
4863
5073
4850
4864
5074
4851
4865
5075
4852
4866
5076
4853
4867
5077
4854
4868
5078
4855
4869
5079
4856
4870
5080
4857
4871
5081
4858
4872
5082
4859
4873
5083
4874
5084
4861
4875
5085
4862
4876
5086
4863
4877
5087
4864
4878
5088
4865
4879
5089
4866
4880
5090
4867
4881
5091
4868
4882
5092
4869
4883
5093
4870
4884
5094
4871
4885
5095
4872
4886
5096
4873
4887
5097
4874
4888
5098
4889
5099
4876
4890
5100
4877
4891
5101
4878
4892
5102
4879
4893
5103
4880
4894
5104
4881
4895
5105
4882
4896
5106
4883
4897
5107
4884
4898
5108
4885
4899
5109
4886
4900
5110
4887
4901
5111
4888
4902
5112
4889
4903
5113
4904
5114
4891
4905
5115
4892
4906
5116
4893
4907
5117
4894
4908
5118
4895
4909
5119
4896
4910
5120
4897
4911
5121
4898
4912
5122
4899
4913
5123
4900
4914
5124
4901
4915
5125
4902
4916
5126
4903
4917
5127
4904
4918
5128
4919
5129
4906
4920
5130
4907
4921
5131
4908
4922
5132
4909
4923
5133
4910
4924
5134
4911
4925
5135
4912
4926
5136
4913
4927
5137
4914
4928
5138
4915
4929
5139
4916
4930
5140
4917
4931
5141
4918
4932
5142
4919
4933
5143
4934
5144
4921
4935
5145
4922
4936
5146
4923
4937
5147
4924
4938
5148
4925
4939
5149
4926
4940
5150
4927
4941
5151
4928
4942
5152
4929
4943
5153
4930
4944
5154
4931
4945
5155
4932
4946
5156
4933
4947
5157
4934
4948
5158
4949
5159
4936
5160
4937
5161
4938
5162
4939
5163
4940
5164
4941
5165
4942
5166
4943
5167
4944
5168
4945
5169
4946
5170
4947
5171
4948
5172
4949
5173
5174
4951
4965
5175
4952
4966
5176
4953
4967
5177
4954
4968
5178
4955
4969
5179
4956
4970
5180
4957
4971
5181
4958
4972
5182
4959
4973
5183
4960
4974
5184
4961
4975
5185
4962
4976
5186
4963
4977
5187
4964
4978
5188
4979
5189
4966
4980
5190
4967
4981
5191
4968
4982
5192
4969
4983
5193
4970
4984
5194
4971
4985
5195
4972
4986
5196
4973
4987
5197
4974
4988
5198
4975
4989
5199
4976
4990
5200
4977
4991
5201
4978
4992
5202
4979
4993
5203
4994
5204
4981
4995
5205
4982
4996
5206
4983
4997
5207
4984
4998
5208
4985
4999
5209
4986
5000
5210
4987
5001
5211
4988
5002
5212
4989
5003
5213
4990
5004
5214
4991
5005
5215
4992
5006
5216
4993
5007
5217
4994
5008
5218
5009
5219
4996
5010
5220
4997
5011
5221
4998
5012
5222
4999
5013
5223
5000
5014
5224
5001
5015
5225
5002
5016
5226
5003
5017
5227
5004
5018
5228
5005
5019
5229
5006
5020
5230
5007
5021
5231
5008
5022
5232
5009
5023
5233
5024
5234
5011
5025
5235
5012
5026
5236
5013
5027
5237
5014
5028
5238
5015
5029
5239
5016
5030
5240
5017
5031
5241
5018
5032
5242
5019
5033
5243
5020
5034
5244
5021
5035
5245
5022
5036
5246
5023
5037
5247
5024
5038
5248
5039
5249
5026
5040
5250
5027
5041
5251
5028
5042
5252
5029
5043
5253
5030
5044
5254
5031
5045
5255
5032
5046
5256
5033
5047
5257
5034
5048
5258
5035
5049
5259
5036
5050
5260
5037
5051
5261
5038
5052
5262
5039
5053
5263
5054
5264
5041
5055
5265
5042
5056
5266
5043
5057
5267
5044
5058
5268
5045
5059
5269
5046
5060
5270
5047
5061
5271
5048
5062
5272
5049
5063
5273
5050
5064
5274
5051
5065
5275
5052
5066
5276
5053
5067
5277
5054
5068
5278
5069
5279
5056
5070
5280
5057
5071
5281
5058
5072
5282
5059
5073
5283
5060
5074
5284
5061
5075
5285
5062
5076
5286
5063
5077
5287
5064
5078
5288
5065
5079
5289
5066
5080
5290
5067
5081
5291
5068
5082
5292
5069
5083
5293
5084
5294
5071
5085
5295
5072
5086
5296
5073
5087
5297
5074
5088
5298
5075
5089
5299
5076
5090
5300
5077
5091
5301
5078
5092
5302
5079
5093
5303
5080
5094
5304
5081
5095
5305
5082
5096
5306
5083
5097
5307
5084
5098
5308
5099
5309
5086
5100
5310
5087
5101
5311
5088
5102
5312
5089
5103
5313
5090
5104
5314
5091
5105
5315
5092
5106
5316
5093
5107
5317
5094
5108
5318
5095
5109
5319
5096
5110
5320
5097
5111
5321
5098
5112
5322
5099
5113
5323
5114
5324
5101
5115
5325
5102
5116
5326
5103
5117
5327
5104
5118
5328
5105
5119
5329
5106
5120
5330
5107
5121
5331
5108
5122
5332
5109
5123
5333
5110
5124
5334
5111
5125
5335
5112
5126
5336
5113
5127
5337
5114
5128
5338
5129
5339
5116
5130
5340
5117
5131
5341
5118
5132
5342
5119
5133
5343
5120
5134
5344
5121
5135
5345
5122
5136
5346
5123
5137
5347
5124
5138
5348
5125
5139
5349
5126
5140
5350
5127
5141
5351
5128
5142
5352
5129
5143
5353
5144
5354
5131
5145
5355
5132
5146
5356
5133
5147
5357
5134
5148
5358
5135
5149
5359
5136
5150
5360
5137
5151
5361
5138
5152
5362
5139
5153
5363
5140
5154
5364
5141
5155
5365
5142
5156
5366
5143
5157
5367
5144
5158
5368
5159
5369
5146
5160
5370
5147
5161
5371
5148
5162
5372
5149
5163
5373
5150
5164
5374
5151
5165
5375
5152
5166
5376
5153
5167
5377
5154
5168
5378
5155
5169
5379
5156
5170
5380
5157
5171
5381
5158
5172
5382
5159
5173
5383
5174
5384
5161
5385
5162
5386
5163
5387
5164
5388
5165
5389
5166
5390
5167
5391
5168
5392
5169
5393
5170
5394
5171
5395
5172
5396
5173
5397
5174
5398
5399
5176
5190
5400
5177
5191
5401
5178
5192
5402
5179
5193
5403
5180
5194
5404
5181
5195
5405
5182
5196
5406
5183
5197
5407
5184
5198
5408
5185
5199
5409
5186
5200
5410
5187
5201
5411
5188
5202
5412
5189
5203
5413
5204
5414
5191
5205
5415
5192
5206
5416
5193
5207
5417
5194
5208
5418
5195
5209
5419
5196
5210
5420
5197
5211
5421
5198
5212
5422
5199
5213
5423
5200
5214
5424
5201
5215
5425
5202
5216
5426
5203
5217
5427
5204
5218
5428
5219
5429
5206
5220
5430
5207
5221
5431
5208
5222
5432
5209
5223
5433
5210
5224
5434
5211
5225
5435
5212
5226
5436
5213
5227
5437
5214
5228
5438
5215
5229
5439
5216
5230
5440
5217
5231
5441
5218
5232
5442
5219
5233
5443
5234
5444
5221
5235
5445
5222
5236
5446
5223
5237
5447
5224
5238
5448
5225
5239
5449
5226
5240
5450
5227
5241
5451
5228
5242
5452
5229
5243
5453
5230
5244
5454
5231
5245
5455
5232
5246
5456
5233
5247
5457
5234
5248
5458
5249
5459
5236
5250
5460
5237
5251
5461
5238
5252
5462
5239
5253
5463
5240
5254
5464
5241
5255
5465
5242
5256
5466
5243
5257
5467
5244
5258
5468
5245
5259
5469
5246
5260
5470
5247
5261
5471
5248
5262
5472
5249
5263
5473
5264
5474
5251
5265
5475
5252
5266
5476
5253
5267
5477
5254
5268
5478
5255
5269
5479
5256
5270
5480
5257
5271
5481
5258
5272
5482
5259
5273
5483
5260
5274
5484
5261
5275
5485
5262
5276
5486
5263
5277
5487
5264
5278
5488
5279
5489
5266
5280
5490
5267
5281
5491
5268
5282
5492
5269
5283
5493
5270
5284
5494
5271
5285
5495
5272
5286
5496
5273
5287
5497
5274
5288
5498
5275
5289
5499
5276
5290
5500
5277
5291
5501
5278
5292
5502
5279
5293
5503
5294
5504
5281
5295
5505
5282
5296
5506
5283
5297
5507
5284
5298
5508
5285
5299
5509
5286
5300
5510
5287
5301
5511
5288
5302
5512
5289
5303
5513
5290
5304
5514
5291
5305
5515
5292
5306
5516
5293
5307
5517
5294
5308
5518
5309
5519
5296
5310
5520
5297
5311
5521
5298
5312
5522
5299
5313
5523
5300
5314
5524
5301
5315
5525
5302
5316
5526
5303
5317
5527
5304
5318
5528
5305
5319
5529
5306
5320
5530
5307
5321
5531
5308
5322
5532
5309
5323
5533
5324
5534
5311
5325
5535
5312
5326
5536
5313
5327
5537
5314
5328
5538
5315
5329
5539
5316
5330
5540
5317
5331
5541
5318
5332
5542
5319
5333
5543
5320
5334
5544
5321
5335
5545
5322
5336
5546
5323
5337
5547
5324
5338
5548
5339
5549
5326
5340
5550
5327
5341
5551
5328
5342
5552
5329
5343
5553
5330
5344
5554
5331
5345
5555
5332
5346
5556
5333
5347
5557
5334
5348
5558
5335
5349
5559
5336
5350
5560
5337
5351
5561
5338
5352
5562
5339
5353
5563
5354
5564
5341
5355
5565
5342
5356
5566
5343
5357
5567
5344
5358
5568
5345
5359
5569
5346
5360
5570
5347
5361
5571
5348
5362
5572
5349
5363
5573
5350
5364
5574
5351
5365
5575
5352
5366
5576
5353
5367
5577
5354
5368
5578
5369
5579
5356
5370
5580
5357
5371
5581
5358
5372
5582
5359
5373
5583
5360
5374
5584
5361
5375
5585
5362
5376
5586
5363
5377
5587
5364
5378
5588
5365
5379
5589
5366
5380
5590
5367
5381
5591
5368
5382
5592
5369
5383
5593
5384
5594
5371
5385
5595
5372
5386
5596
5373
5387
5597
5374
5388
5598
5375
5389
5599
5376
5390
5600
5377
5391
5601
5378
5392
5602
5379
5393
5603
5380
5394
5604
5381
5395
5605
5382
5396
5606
5383
5397
5607
5384
5398
5608
5399
5609
5386
5610
5387
5611
5388
5612
5389
5613
5390
5614
5391
5615
5392
5616
5393
5617
5394
5618
5395
5619
5396
5620
5397
5621
5398
5622
5399
5623
5624
5401
5415
5625
5402
5416
5626
5403
5417
5627
5404
5418
5628
5405
5419
5629
5406
5420
5630
5407
5421
5631
5408
5422
5632
5409
5423
5633
5410
5424
5634
5411
5425
5635
5412
5426
5636
5413
5427
5637
5414
5428
5638
5429
5639
5416
5430
5640
5417
5431
5641
5418
5432
5642
5419
5433
5643
5420
5434
5644
5421
5435
5645
5422
5436
5646
5423
5437
5647
5424
5438
5648
5425
5439
5649
5426
5440
5650
5427
5441
5651
5428
5442
5652
5429
5443
5653
5444
5654
5431
5445
5655
5432
5446
5656
5433
5447
5657
5434
5448
5658
5435
5449
5659
5436
5450
5660
5437
5451
5661
5438
5452
5662
5439
5453
5663
5440
5454
5664
5441
5455
5665
5442
5456
5666
5443
5457
5667
5444
5458
5668
5459
5669
5446
5460
5670
5447
5461
5671
5448
5462
5672
5449
5463
5673
5450
5464
5674
5451
5465
5675
5452
5466
5676
5453
5467
5677
5454
5468
5678
5455
5469
5679
5456
5470
5680
5457
5471
5681
5458
5472
5682
5459
5473
5683
5474
5684
5461
5475
5685
5462
5476
5686
5463
5477
5687
5464
5478
5688
5465
5479
5689
5466
5480
5690
5467
5481
5691
5468
5482
5692
5469
5483
5693
5470
5484
5694
5471
5485
5695
5472
5486
5696
5473
5487
5697
5474
5488
5698
5489
5699
5476
5490
5700
5477
5491
5701
5478
5492
5702
5479
5493
5703
5480
5494
5704
5481
5495
5705
5482
5496
5706
5483
5497
5707
5484
5498
5708
5485
5499
5709
5486
5500
5710
5487
5501
5711
5488
5502
5712
5489
5503
5713
5504
5714
5491
5505
5715
5492
5506
5716
5493
5507
5717
5494
5508
5718
5495
5509
5719
5496
5510
5720
5497
5511
5721
5498
5512
5722
5499
5513
5723
5500
5514
5724
5501
5515
5725
5502
5516
5726
5503
5517
5727
5504
5518
5728
5519
5729
5506
5520
5730
5507
5521
5731
5508
5522
5732
5509
5523
5733
5510
5524
5734
5511
5525
5735
5512
5526
5736
5513
5527
5737
5514
5528
5738
5515
5529
5739
5516
5530
5740
5517
5531
5741
5518
5532
5742
5519
5533
5743
5534
5744
5521
5535
5745
5522
5536
5746
5523
5537
5747
5524
5538
5748
5525
5539
5749
5526
5540
5750
5527
5541
5751
5528
5542
5752
5529
5543
5753
5530
5544
5754
5531
5545
5755
5532
5546
5756
5533
5547
5757
5534
5548
5758
5549
5759
5536
5550
5760
5537
5551
5761
5538
5552
5762
5539
5553
5763
5540
5554
5764
5541
5555
5765
5542
5556
5766
5543
5557
5767
5544
5558
5768
5545
5559
5769
5546
5560
5770
5547
5561
5771
5548
5562
5772
5549
5563
5773
5564
5774
5551
5565
5775
5552
5566
5776
5553
5567
5777
5554
5568
5778
5555
5569
5779
5556
5570
5780
5557
5571
5781
5558
5572
5782
5559
5573
5783
5560
5574
5784
5561
5575
5785
5562
5576
5786
5563
5577
5787
5564
5578
5788
5579
5789
5566
5580
5790
5567
5581
5791
5568
5582
5792
5569
5583
5793
5570
5584
5794
5571
5585
5795
5572
5586
5796
5573
5587
5797
5574
5588
5798
5575
5589
5799
5576
5590
5800
5577
5591
5801
5578
5592
5802
5579
5593
5803
5594
5804
5581
5595
5805
5582
5596
5806
5583
5597
5807
5584
5598
5808
5585
5599
5809
5586
5600
5810
5587
5601
5811
5588
5602
5812
5589
5603
5813
5590
5604
5814
5591
5605
5815
5592
5606
5816
5593
5607
5817
5594
5608
5818
5609
5819
5596
5610
5820
5597
5611
5821
5598
5612
5822
5599
5613
5823
5600
5614
5824
5601
5615
5825
5602
5616
5826
5603
5617
5827
5604
5618
5828
5605
5619
5829
5606
5620
5830
5607
5621
5831
5608
5622
5832
5609
5623
5833
5624
5834
5611
5835
5612
5836
5613
5837
5614
5838
5615
5839
5616
5840
5617
5841
5618
5842
5619
5843
5620
5844
5621
5845
5622
5846
5623
5847
5624
5848
5849
5626
5640
5850
5627
5641
5851
5628
5642
5852
5629
5643
5853
5630
5644
5854
5631
5645
5855
5632
5646
5856
5633
5647
5857
5634
5648
5858
5635
5649
5859
5636
5650
5860
5637
5651
5861
5638
5652
5862
5639
5653
5863
5654
5864
5641
5655
5865
5642
5656
5866
5643
5657
5867
5644
5658
5868
5645
5659
5869
5646
5660
5870
5647
5661
5871
5648
5662
5872
5649
5663
5873
5650
5664
5874
5651
5665
5875
5652
5666
5876
5653
5667
5877
5654
5668
5878
5669
5879
5656
5670
5880
5657
5671
5881
5658
5672
5882
5659
5673
5883
5660
5674
5884
5661
5675
5885
5662
5676
5886
5663
5677
5887
5664
5678
5888
5665
5679
5889
5666
5680
5890
5667
5681
5891
5668
5682
5892
5669
5683
5893
5684
5894
5671
5685
5895
5672
5686
5896
5673
5687
5897
5674
5688
5898
5675
5689
5899
5676
5690
5900
5677
5691
5901
5678
5692
5902
5679
5693
5903
5680
5694
5904
5681
5695
5905
5682
5696
5906
5683
5697
5907
5684
5698
5908
5699
5909
5686
5700
5910
5687
5701
5911
5688
5702
5912
5689
5703
5913
5690
5704
5914
5691
5705
5915
5692
5706
5916
5693
5707
5917
5694
5708
5918
5695
5709
5919
5696
5710
5920
5697
5711
5921
5698
5712
5922
5699
5713
5923
5714
5924
5701
5715
5925
5702
5716
5926
5703
5717
5927
5704
5718
5928
5705
5719
5929
5706
5720
5930
5707
5721
5931
5708
5722
5932
5709
5723
5933
5710
5724
5934
5711
5725
5935
5712
5726
5936
5713
5727
5937
5714
5728
5938
5729
5939
5716
5730
5940
5717
5731
5941
5718
5732
5942
5719
5733
5943
5720
5734
5944
5721
5735
5945
5722
5736
5946
5723
5737
5947
5724
5738
5948
5725
5739
5949
5726
5740
5950
5727
5741
5951
5728
5742
5952
5729
5743
5953
5744
5954
5731
5745
5955
5732
5746
5956
5733
5747
5957
5734
5748
5958
5735
5749
5959
5736
5750
5960
5737
5751
5961
5738
5752
5962
5739
5753
5963
5740
5754
5964
5741
5755
5965
5742
5756
5966
5743
5757
5967
5744
5758
5968
5759
5969
5746
5760
5970
5747
5761
5971
5748
5762
5972
5749
5763
5973
5750
5764
5974
5751
5765
5975
5752
5766
5976
5753
5767
5977
5754
5768
5978
5755
5769
5979
5756
5770
5980
5757
5771
5981
5758
5772
5982
5759
5773
5983
5774
5984
5761
5775
5985
5762
5776
5986
5763
5777
5987
5764
5778
5988
5765
5779
5989
5766
5780
5990
5767
5781
5991
5768
5782
5992
5769
5783
5993
5770
5784
5994
5771
5785
5995
5772
5786
5996
5773
5787
5997
5774
5788
5998
5789
5999
5776
5790
6000
5777
5791
6001
5778
5792
6002
5779
5793
6003
5780
5794
6004
5781
5795
6005
5782
5796
6006
5783
5797
6007
5784
5798
6008
5785
5799
6009
5786
5800
6010
5787
5801
6011
5788
5802
6012
5789
5803
6013
5804
6014
5791
5805
6015
5792
5806
6016
5793
5807
6017
5794
5808
6018
5795
5809
6019
5796
5810
6020
5797
5811
6021
5798
5812
6022
5799
5813
6023
5800
5814
6024
5801
5815
6025
5802
5816
6026
5803
5817
6027
5804
5818
6028
5819
6029
5806
5820
6030
5807
5821
6031
5808
5822
6032
5809
5823
6033
5810
5824
6034
5811
5825
6035
5812
5826
6036
5813
5827
6037
5814
5828
6038
5815
5829
6039
5816
5830
6040
5817
5831
6041
5818
5832
6042
5819
5833
6043
5834
6044
5821
5835
6045
5822
5836
6046
5823
5837
6047
5824
5838
6048
5825
5839
6049
5826
5840
6050
5827
5841
6051
5828
5842
6052
5829
5843
6053
5830
5844
6054
5831
5845
6055
5832
5846
6056
5833
5847
6057
5834
5848
6058
5849
6059
5836
6060
5837
6061
5838
6062
5839
6063
5840
6064
5841
6065
5842
6066
5843
6067
5844
6068
5845
6069
5846
6070
5847
6071
5848
6072
5849
6073
6074
5851
5865
6075
5852
5866
6076
5853
5867
6077
5854
5868
6078
5855
5869
6079
5856
5870
6080
5857
5871
6081
5858
5872
6082
5859
5873
6083
5860
5874
6084
5861
5875
6085
5862
5876
6086
5863
5877
6087
5864
5878
6088
5879
6089
5866
5880
6090
5867
5881
6091
5868
5882
6092
5869
5883
6093
5870
5884
6094
5871
5885
6095
5872
5886
6096
5873
5887
6097
5874
5888
6098
5875
5889
6099
5876
5890
6100
5877
5891
6101
5878
5892
6102
5879
5893
6103
5894
6104
5881
5895
6105
5882
5896
6106
5883
5897
6107
5884
5898
6108
5885
5899
6109
5886
5900
6110
5887
5901
6111
5888
5902
6112
5889
5903
6113
5890
5904
6114
5891
5905
6115
5892
5906
6116
5893
5907
6117
5894
5908
6118
5909
6119
5896
5910
6120
5897
5911
6121
5898
5912
6122
5899
5913
6123
5900
5914
6124
5901
5915
6125
5902
5916
6126
5903
5917
6127
5904
5918
6128
5905
5919
6129
5906
5920
6130
5907
5921
6131
5908
5922
6132
5909
5923
6133
5924
6134
5911
5925
6135
5912
5926
6136
5913
5927
6137
5914
5928
6138
5915
5929
6139
5916
5930
6140
5917
5931
6141
5918
5932
6142
5919
5933
6143
5920
5934
6144
5921
5935
6145
5922
5936
6146
5923
5937
6147
5924
5938
6148
5939
6149
5926
5940
6150
5927
5941
6151
5928
5942
6152
5929
5943
6153
5930
5944
6154
5931
5945
6155
5932
5946
6156
5933
5947
6157
5934
5948
6158
5935
5949
6159
5936
5950
6160
5937
5951
6161
5938
5952
6162
5939
5953
6163
5954
6164
5941
5955
6165
5942
5956
6166
5943
5957
6167
5944
5958
6168
5945
5959
6169
5946
5960
6170
5947
5961
6171
5948
5962
6172
5949
5963
6173
5950
5964
6174
5951
5965
6175
5952
5966
6176
5953
5967
6177
5954
5968
6178
5969
6179
5956
5970
6180
5957
5971
6181
5958
5972
6182
5959
5973
6183
5960
5974
6184
5961
5975
6185
5962
5976
6186
5963
5977
6187
5964
5978
6188
5965
5979
6189
5966
5980
6190
5967
5981
6191
5968
5982
6192
5969
5983
6193
5984
6194
5971
5985
6195
5972
5986
6196
5973
5987
6197
5974
5988
6198
5975
5989
6199
5976
5990
6200
5977
5991
6201
5978
5992
6202
5979
5993
6203
5980
5994
6204
5981
5995
6205
5982
5996
6206
5983
5997
6207
5984
5998
6208
5999
6209
5986
6000
6210
5987
6001
6211
5988
6002
6212
5989
6003
6213
5990
6004
6214
5991
6005
6215
5992
6006
6216
5993
6007
6217
5994
6008
6218
5995
6009
6219
5996
6010
6220
5997
6011
6221
5998
6012
6222
5999
6013
6223
6014
6224
6001
6015
6225
6002
6016
6226
6003
6017
6227
6004
6018
6228
6005
6019
6229
6006
6020
6230
6007
6021
6231
6008
6022
6232
6009
6023
6233
6010
6024
6234
6011
6025
6235
6012
6026
6236
6013
6027
6237
6014
6028
6238
6029
6239
6016
6030
6240
6017
6031
6241
6018
6032
6242
6019
6033
6243
6020
6034
6244
6021
6035
6245
6022
6036
6246
6023
6037
6247
6024
6038
6248
6025
6039
6249
6026
6040
6250
6027
6041
6251
6028
6042
6252
6029
6043
6253
6044
6254
6031
6045
6255
6032
6046
6256
6033
6047
6257
6034
6048
6258
6035
6049
6259
6036
6050
6260
6037
6051
6261
6038
6052
6262
6039
6053
6263
6040
6054
6264
6041
6055
6265
6042
6056
6266
6043
6057
6267
6044
6058
6268
6059
6269
6046
6060
6270
6047
6061
6271
6048
6062
6272
6049
6063
6273
6050
6064
6274
6051
6065
6275
6052
6066
6276
6053
6067
6277
6054
6068
6278
6055
6069
6279
6056
6070
6280
6057
6071
6281
6058
6072
6282
6059
6073
6283
6074
6284
6061
6285
6062
6286
6063
6287
6064
6288
6065
6289
6066
6290
6067
6291
6068
6292
6069
6293
6070
6294
6071
6295
6072
6296
6073
6297
6074
6298
6299
6076
6090
6300
6077
6091
6301
6078
6092
6302
6079
6093
6303
6080
6094
6304
6081
6095
6305
6082
6096
6306
6083
6097
6307
6084
6098
6308
6085
6099
6309
6086
6100
6310
6087
6101
6311
6088
6102
6312
6089
6103
6313
6104
6314
6091
6105
6315
6092
6106
6316
6093
6107
6317
6094
6108
6318
6095
6109
6319
6096
6110
6320
6097
6111
6321
6098
6112
6322
6099
6113
6323
6100
6114
6324
6101
6115
6325
6102
6116
6326
6103
6117
6327
6104
6118
6328
6119
6329
6106
6120
6330
6107
6121
6331
6108
6122
6332
6109
6123
6333
6110
6124
6334
6111
6125
6335
6112
6126
6336
6113
6127
6337
6114
6128
6338
6115
6129
6339
6116
6130
6340
6117
6131
6341
6118
6132
6342
6119
6133
6343
6134
6344
6121
6135
6345
6122
6136
6346
6123
6137
6347
6124
6138
6348
6125
6139
6349
6126
6140
6350
6127
6141
6351
6128
6142
6352
6129
6143
6353
6130
6144
6354
6131
6145
6355
6132
6146
6356
6133
6147
6357
6134
6148
6358
6149
6359
6136
6150
6360
6137
6151
6361
6138
6152
6362
6139
6153
6363
6140
6154
6364
6141
6155
6365
6142
6156
6366
6143
6157
6367
6144
6158
6368
6145
6159
6369
6146
6160
6370
6147
6161
6371
6148
6162
6372
6149
6163
6373
6164
6374
6151
6165
6375
6152
6166
6376
6153
6167
6377
6154
6168
6378
6155
6169
6379
6156
6170
6380
6157
6171
6381
6158
6172
6382
6159
6173
6383
6160
6174
6384
6161
6175
6385
6162
6176
6386
6163
6177
6387
6164
6178
6388
6179
6389
6166
6180
6390
6167
6181
6391
6168
6182
6392
6169
6183
6393
6170
6184
6394
6171
6185
6395
6172
6186
6396
6173
6187
6397
6174
6188
6398
6175
6189
6399
6176
6190
6400
6177
6191
6401
6178
6192
6402
6179
6193
6403
6194
6404
6181
6195
6405
6182
6196
6406
6183
6197
6407
6184
6198
6408
6185
6199
6409
6186
6200
6410
6187
6201
6411
6188
6202
6412
6189
6203
6413
6190
6204
6414
6191
6205
6415
6192
6206
6416
6193
6207
6417
6194
6208
6418
6209
6419
6196
6210
6420
6197
6211
6421
6198
6212
6422
6199
6213
6423
6200
6214
6424
6201
6215
6425
6202
6216
6426
6203
6217
6427
6204
6218
6428
6205
6219
6429
6206
6220
6430
6207
6221
6431
6208
6222
6432
6209
6223
6433
6224
6434
6211
6225
6435
6212
6226
6436
6213
6227
6437
6214
6228
6438
6215
6229
6439
6216
6230
6440
6217
6231
6441
6218
6232
6442
6219
6233
6443
6220
6234
6444
6221
6235
6445
6222
6236
6446
6223
6237
6447
6224
6238
6448
6239
6449
6226
6240
6450
6227
6241
6451
6228
6242
6452
6229
6243
6453
6230
6244
6454
6231
6245
6455
6232
6246
6456
6233
6247
6457
6234
6248
6458
6235
6249
6459
6236
6250
6460
6237
6251
6461
6238
6252
6462
6239
6253
6463
6254
6464
6241
6255
6465
6242
6256
6466
6243
6257
6467
6244
6258
6468
6245
6259
6469
6246
6260
6470
6247
6261
6471
6248
6262
6472
6249
6263
6473
6250
6264
6474
6251
6265
6475
6252
6266
6476
6253
6267
6477
6254
6268
6478
6269
6479
6256
6270
6480
6257
6271
6481
6258
6272
6482
6259
6273
6483
6260
6274
6484
6261
6275
6485
6262
6276
6486
6263
6277
6487
6264
6278
6488
6265
6279
6489
6266
6280
6490
6267
6281
6491
6268
6282
6492
6269
6283
6493
6284
6494
6271
6285
6495
6272
6286
6496
6273
6287
6497
6274
6288
6498
6275
6289
6499
6276
6290
6500
6277
6291
6501
6278
6292
6502
6279
6293
6503
6280
6294
6504
6281
6295
6505
6282
6296
6506
6283
6297
6507
6284
6298
6508
6299
6509
6286
6510
6287
6511
6288
6512
6289
6513
6290
6514
6291
6515
6292
6516
6293
6517
6294
6518
6295
6519
6296
6520
6297
6521
6298
6522
6299
6523
6524
6301
6315
6525
6302
6316
6526
6303
6317
6527
6304
6318
6528
6305
6319
6529
6306
6320
6530
6307
6321
6531
6308
6322
6532
6309
6323
6533
6310
6324
6534
6311
6325
6535
6312
6326
6536
6313
6327
6537
6314
6328
6538
6329
6539
6316
6330
6540
6317
6331
6541
6318
6332
6542
6319
6333
6543
6320
6334
6544
6321
6335
6545
6322
6336
6546
6323
6337
6547
6324
6338
6548
6325
6339
6549
6326
6340
6550
6327
6341
6551
6328
6342
6552
6329
6343
6553
6344
6554
6331
6345
6555
6332
6346
6556
6333
6347
6557
6334
6348
6558
6335
6349
6559
6336
6350
6560
6337
6351
6561
6338
6352
6562
6339
6353
6563
6340
6354
6564
6341
6355
6565
6342
6356
6566
6343
6357
6567
6344
6358
6568
6359
6569
6346
6360
6570
6347
6361
6571
6348
6362
6572
6349
6363
6573
6350
6364
6574
6351
6365
6575
6352
6366
6576
6353
6367
6577
6354
6368
6578
6355
6369
6579
6356
6370
6580
6357
6371
6581
6358
6372
6582
6359
6373
6583
6374
6584
6361
6375
6585
6362
6376
6586
6363
6377
6587
6364
6378
6588
6365
6379
6589
6366
6380
6590
6367
6381
6591
6368
6382
6592
6369
6383
6593
6370
6384
6594
6371
6385
6595
6372
6386
6596
6373
6387
6597
6374
6388
6598
6389
6599
6376
6390
6600
6377
6391
6601
6378
6392
6602
6379
6393
6603
6380
6394
6604
6381
6395
6605
6382
6396
6606
6383
6397
6607
6384
6398
6608
6385
6399
6609
6386
6400
6610
6387
6401
6611
6388
6402
6612
6389
6403
6613
6404
6614
6391
6405
6615
6392
6406
6616
6393
6407
6617
6394
6408
6618
6395
6409
6619
6396
6410
6620
6397
6411
6621
6398
6412
6622
6399
6413
6623
6400
6414
6624
6401
6415
6625
6402
6416
6626
6403
6417
6627
6404
6418
6628
6419
6629
6406
6420
6630
6407
6421
6631
6408
6422
6632
6409
6423
6633
6410
6424
6634
6411
6425
6635
6412
6426
6636
6413
6427
6637
6414
6428
6638
6415
6429
6639
6416
6430
6640
6417
6431
6641
6418
6432
6642
6419
6433
6643
6434
6644
6421
6435
6645
6422
6436
6646
6423
6437
6647
6424
6438
6648
6425
6439
6649
6426
6440
6650
6427
6441
6651
6428
6442
6652
6429
6443
6653
6430
6444
6654
6431
6445
6655
6432
6446
6656
6433
6447
6657
6434
6448
6658
6449
6659
6436
6450
6660
6437
6451
6661
6438
6452
6662
6439
6453
6663
6440
6454
6664
6441
6455
6665
6442
6456
6666
6443
6457
6667
6444
6458
6668
6445
6459
6669
6446
6460
6670
6447
6461
6671
6448
6462
6672
6449
6463
6673
6464
6674
6451
6465
6675
6452
6466
6676
6453
6467
6677
6454
6468
6678
6455
6469
6679
6456
6470
6680
6457
6471
6681
6458
6472
6682
6459
6473
6683
6460
6474
6684
6461
6475
6685
6462
6476
6686
6463
6477
6687
6464
6478
6688
6479
6689
6466
6480
6690
6467
6481
6691
6468
6482
6692
6469
6483
6693
6470
6484
6694
6471
6485
6695
6472
6486
6696
6473
6487
6697
6474
6488
6698
6475
6489
6699
6476
6490
6700
6477
6491
6701
6478
6492
6702
6479
6493
6703
6494
6704
6481
6495
6705
6482
6496
6706
6483
6497
6707
6484
6498
6708
6485
6499
6709
6486
6500
6710
6487
6501
6711
6488
6502
6712
6489
6503
6713
6490
6504
6714
6491
6505
6715
6492
6506
6716
6493
6507
6717
6494
6508
6718
6509
6719
6496
6510
6720
6497
6511
6721
6498
6512
6722
6499
6513
6723
6500
6514
6724
6501
6515
6725
6502
6516
6726
6503
6517
6727
6504
6518
6728
6505
6519
6729
6506
6520
6730
6507
6521
6731
6508
6522
6732
6509
6523
6733
6524
6734
6511
6735
6512
6736
6513
6737
6514
6738
6515
6739
6516
6740
6517
6741
6518
6742
6519
6743
6520
6744
6521
6745
6522
6746
6523
6747
6524
6748
6749
6526
6540
6527
6541
6528
6542
6529
6543
6530
6544
6531
6545
6532
6546
6533
6547
6534
6548
6535
6549
6536
6550
6537
6551
6538
6552
6539
6553
6554
6541
6555
6542
6556
6543
6557
6544
6558
6545
6559
6546
6560
6547
6561
6548
6562
6549
6563
6550
6564
6551
6565
6552
6566
6553
6567
6554
6568
6569
6556
6570
6557
6571
6558
6572
6559
6573
6560
6574
6561
6575
6562
6576
6563
6577
6564
6578
6565
6579
6566
6580
6567
6581
6568
6582
6569
6583
6584
6571
6585
6572
6586
6573
6587
6574
6588
6575
6589
6576
6590
6577
6591
6578
6592
6579
6593
6580
6594
6581
6595
6582
6596
6583
6597
6584
6598
6599
6586
6600
6587
6601
6588
6602
6589
6603
6590
6604
6591
6605
6592
6606
6593
6607
6594
6608
6595
6609
6596
6610
6597
6611
6598
6612
6599
6613
6614
6601
6615
6602
6616
6603
6617
6604
6618
6605
6619
6606
6620
6607
6621
6608
6622
6609
6623
6610
6624
6611
6625
6612
6626
6613
6627
6614
6628
6629
6616
6630
6617
6631
6618
6632
6619
6633
6620
6634
6621
6635
6622
6636
6623
6637
6624
6638
6625
6639
6626
6640
6627
6641
6628
6642
6629
6643
6644
6631
6645
6632
6646
6633
6647
6634
6648
6635
6649
6636
6650
6637
6651
6638
6652
6639
6653
6640
6654
6641
6655
6642
6656
6643
6657
6644
6658
6659
6646
6660
6647
6661
6648
6662
6649
6663
6650
6664
6651
6665
6652
6666
6653
6667
6654
6668
6655
6669
6656
6670
6657
6671
6658
6672
6659
6673
6674
6661
6675
6662
6676
6663
6677
6664
6678
6665
6679
6666
6680
6667
6681
6668
6682
6669
6683
6670
6684
6671
6685
6672
6686
6673
6687
6674
6688
6689
6676
6690
6677
6691
6678
6692
6679
6693
6680
6694
6681
6695
6682
6696
6683
6697
6684
6698
6685
6699
6686
6700
6687
6701
6688
6702
6689
6703
6704
6691
6705
6692
6706
6693
6707
6694
6708
6695
6709
6696
6710
6697
6711
6698
6712
6699
6713
6700
6714
6701
6715
6702
6716
6703
6717
6704
6718
6719
6706
6720
6707
6721
6708
6722
6709
6723
6710
6724
6711
6725
6712
6726
6713
6727
6714
6728
6715
6729
6716
6730
6717
6731
6718
6732
6719
6733
6734
6721
6735
6722
6736
6723
6737
6724
6738
6725
6739
6726
6740
6727
6741
6728
6742
6729
6743
6730
6744
6731
6745
6732
6746
6733
6747
6734
6748
6749
6736
6737
6738
6739
6740
6741
6742
6743
6744
6745
6746
6747
6748
6749
)


// ************************************************************************* //
