/*--------------------------------*- C++ -*----------------------------------*\
| =========                 |                                                 |
| \\      /  F ield         | OpenFOAM: The Open Source CFD Toolbox           |
|  \\    /   O peration     | Version:  4.1                                   |
|   \\  /    A nd           | Web:      www.OpenFOAM.org                      |
|    \\/     M anipulation  |                                                 |
\*---------------------------------------------------------------------------*/
FoamFile
{
    version     2.0;
    format      ascii;
    class       volScalarField;
    location    "2";
    object      p;
}
// * * * * * * * * * * * * * * * * * * * * * * * * * * * * * * * * * * * * * //

dimensions      [0 2 -2 0 0 0 0];

internalField   nonuniform List<scalar> 
6750
(
-205.783
-81.6418
-139.999
-134.113
-136.297
-137.883
-139.103
-139.763
-140.476
-141.468
-147.238
-149.078
-161.956
-131.018
-258.457
-204.861
-82.8739
-140.279
-134.208
-136.3
-137.615
-138.58
-139.195
-140.089
-141.439
-146.61
-148.787
-161.725
-133.082
-255.915
-204.557
-83.3048
-140.413
-134.283
-136.453
-137.619
-138.354
-138.856
-139.903
-141.427
-146.32
-148.702
-161.58
-133.359
-255.041
-203.856
-84.1907
-140.711
-134.397
-136.543
-137.541
-138.114
-138.589
-139.728
-141.376
-145.97
-148.432
-161.43
-134.34
-253.347
-203.409
-84.8493
-140.815
-134.445
-136.655
-137.532
-137.966
-138.426
-139.657
-141.342
-145.636
-148.158
-161.329
-134.764
-252.414
-202.829
-85.6538
-140.956
-134.504
-136.701
-137.502
-137.861
-138.324
-139.602
-141.313
-145.394
-147.863
-161.226
-135.349
-251.312
-202.253
-86.4596
-140.998
-134.493
-136.71
-137.483
-137.797
-138.258
-139.573
-141.297
-145.21
-147.589
-161.122
-135.774
-250.338
-201.838
-86.9673
-141.027
-134.487
-136.677
-137.46
-137.769
-138.238
-139.565
-141.304
-145.156
-147.465
-161.019
-136.035
-249.67
-202.244
-86.457
-140.997
-134.492
-136.709
-137.482
-137.796
-138.257
-139.572
-141.297
-145.211
-147.598
-161.106
-135.767
-250.322
-202.816
-85.6495
-140.954
-134.502
-136.699
-137.499
-137.859
-138.321
-139.6
-141.312
-145.394
-147.868
-161.207
-135.339
-251.287
-203.394
-84.8434
-140.812
-134.442
-136.651
-137.528
-137.961
-138.422
-139.653
-141.339
-145.633
-148.16
-161.309
-134.751
-252.382
-203.837
-84.1837
-140.707
-134.393
-136.539
-137.536
-138.109
-138.584
-139.723
-141.372
-145.964
-148.43
-161.41
-134.324
-253.309
-204.536
-83.2967
-140.408
-134.278
-136.448
-137.612
-138.347
-138.85
-139.896
-141.421
-146.312
-148.698
-161.56
-133.341
-254.998
-204.838
-82.8651
-140.272
-134.203
-136.294
-137.609
-138.573
-139.188
-140.082
-141.431
-146.601
-148.78
-161.705
-133.064
-255.869
-205.758
-81.6323
-139.991
-134.107
-136.29
-137.876
-139.095
-139.755
-140.468
-141.459
-147.228
-149.069
-161.935
-130.998
-258.408
-309.537
-72.6322
-122.795
-134.036
-131.263
-134.465
-136.648
-137.023
-138.811
-139.697
-141.582
-143.622
-154.094
-88.0804
-439.502
-308.925
-72.5432
-123.573
-133.963
-131.246
-134.258
-136.427
-136.808
-138.37
-139.694
-141.731
-142.774
-153.582
-88.7231
-437.698
-308.826
-72.684
-123.874
-134.072
-131.48
-134.178
-136.099
-136.739
-138.268
-139.662
-141.789
-142.675
-153.319
-89.0345
-437.213
-308.369
-72.67
-124.412
-134.298
-131.776
-134.2
-135.94
-136.732
-138.155
-139.739
-141.883
-142.49
-153.004
-89.4838
-435.742
-308.178
-72.8224
-124.786
-134.333
-132.016
-134.272
-135.789
-136.71
-138.089
-139.771
-141.997
-142.346
-152.533
-89.8068
-434.832
-307.847
-72.8202
-125.179
-134.4
-132.199
-134.322
-135.729
-136.713
-138.057
-139.8
-142.126
-142.33
-152.031
-90.1436
-433.519
-307.39
-73.216
-125.601
-134.325
-132.306
-134.404
-135.707
-136.714
-138.047
-139.788
-142.283
-142.356
-151.571
-91.0928
-431.712
-306.833
-73.4595
-125.839
-134.293
-132.317
-134.416
-135.703
-136.722
-138.049
-139.789
-142.372
-142.416
-151.337
-91.6994
-430.002
-307.357
-73.2339
-125.599
-134.324
-132.305
-134.403
-135.706
-136.713
-138.045
-139.786
-142.283
-142.359
-151.569
-91.1131
-431.626
-307.815
-72.8348
-125.174
-134.398
-132.196
-134.319
-135.725
-136.709
-138.054
-139.795
-142.125
-142.333
-152.022
-90.1619
-433.423
-308.141
-72.8321
-124.78
-134.329
-132.011
-134.267
-135.784
-136.705
-138.084
-139.765
-141.994
-142.346
-152.52
-89.8188
-434.723
-308.329
-72.6766
-124.405
-134.293
-131.771
-134.194
-135.933
-136.725
-138.15
-139.733
-141.877
-142.486
-152.988
-89.4911
-435.63
-308.782
-72.6876
-123.865
-134.066
-131.473
-134.17
-136.091
-136.73
-138.262
-139.654
-141.781
-142.669
-153.3
-89.037
-437.097
-308.878
-72.5451
-123.563
-133.957
-131.238
-134.25
-136.419
-136.798
-138.362
-139.685
-141.722
-142.766
-153.562
-88.7225
-437.58
-309.486
-72.6317
-122.784
-134.028
-131.255
-134.456
-136.638
-137.013
-138.802
-139.688
-141.572
-143.613
-154.073
-88.0768
-439.382
-351.058
-80.1941
-95.9635
-135.803
-129.816
-133.212
-133.609
-131.376
-135.17
-137.875
-139.163
-149.918
-129.072
-56.7095
-555.489
-350.809
-79.7202
-96.3831
-135.883
-129.954
-133.176
-134.729
-133.771
-136.215
-137.428
-138.713
-148.495
-128.911
-55.7434
-554.584
-350.841
-79.7781
-96.7056
-136.122
-130.193
-132.845
-134.162
-133.55
-134.819
-136.176
-138.593
-148.603
-129.064
-55.6957
-554.512
-350.721
-79.3379
-97.0476
-136.307
-130.534
-133.068
-134.41
-134.086
-134.65
-135.804
-138.7
-148.243
-129.171
-54.9672
-553.808
-350.811
-79.2988
-97.4766
-136.49
-130.822
-133.13
-134.325
-134.442
-134.501
-135.445
-138.877
-148.089
-129.389
-54.8824
-553.706
-350.764
-78.8755
-97.758
-136.537
-131.031
-133.258
-134.49
-134.703
-134.48
-135.34
-138.938
-147.871
-129.582
-54.3825
-553.433
-350.906
-78.8269
-98.3
-136.597
-131.219
-133.369
-134.545
-134.87
-134.596
-135.316
-138.973
-147.65
-130.197
-55.1624
-553.078
-350.767
-78.7017
-98.5436
-136.537
-131.219
-133.386
-134.596
-134.94
-134.65
-135.344
-138.97
-147.546
-130.635
-55.6975
-552.099
-350.859
-78.8659
-98.298
-136.596
-131.217
-133.366
-134.541
-134.866
-134.593
-135.313
-138.971
-147.651
-130.19
-55.2602
-552.909
-350.729
-78.9028
-97.7504
-136.532
-131.028
-133.251
-134.483
-134.695
-134.475
-135.335
-138.932
-147.87
-129.563
-54.4759
-553.261
-350.77
-79.3155
-97.4683
-136.483
-130.816
-133.122
-134.315
-134.431
-134.493
-135.438
-138.871
-148.085
-129.366
-54.9608
-553.514
-350.675
-79.35
-97.0375
-136.297
-130.527
-133.058
-134.398
-134.073
-134.641
-135.794
-138.694
-148.236
-129.143
-55.0341
-553.61
-350.788
-79.7862
-96.6933
-136.109
-130.183
-132.833
-134.148
-133.534
-134.806
-136.165
-138.584
-148.592
-129.032
-55.7501
-554.307
-350.744
-79.7291
-96.3697
-135.87
-129.942
-133.163
-134.713
-133.754
-136.202
-137.415
-138.702
-148.482
-128.877
-55.7902
-554.375
-350.982
-80.2022
-95.9477
-135.786
-129.802
-133.196
-133.59
-131.354
-135.15
-137.86
-139.149
-149.901
-129.033
-56.7474
-555.276
-386.466
-103.352
-93.3456
-143.064
-132.429
-134.744
-133.133
-127.33
-132.876
-138.384
-138.838
-161.32
-132.438
-74.8997
-646.122
-386.198
-103.015
-93.5308
-143.185
-132.587
-134.853
-135.158
-132.235
-135.744
-139.153
-137.585
-159.916
-132.116
-73.6637
-644.918
-386.275
-103.184
-93.7523
-143.465
-132.856
-134.378
-134.414
-131.83
-132.978
-136.96
-136.801
-159.984
-132.097
-73.715
-644.763
-386.086
-102.87
-93.8826
-143.616
-133.192
-134.74
-135.016
-132.923
-132.903
-136.356
-136.466
-159.491
-131.944
-72.7282
-643.761
-386.187
-103.005
-94.1667
-143.878
-133.54
-134.826
-134.962
-133.571
-132.607
-135.634
-136.383
-159.355
-131.997
-72.6408
-643.606
-386.03
-102.775
-94.2032
-143.888
-133.736
-135.025
-135.351
-134.044
-132.532
-135.462
-136.362
-159.055
-131.861
-71.7056
-643.23
-386.089
-102.874
-94.5238
-144.022
-133.983
-135.172
-135.461
-134.371
-132.627
-135.376
-136.481
-158.882
-132.248
-72.1331
-642.803
-385.891
-102.728
-94.5791
-143.91
-133.934
-135.169
-135.562
-134.507
-132.654
-135.402
-136.502
-158.728
-132.508
-72.3569
-641.564
-386.027
-102.924
-94.5231
-144.02
-133.98
-135.167
-135.453
-134.363
-132.622
-135.372
-136.48
-158.884
-132.244
-72.3112
-642.515
-385.991
-102.803
-94.1917
-143.879
-133.73
-135.014
-135.338
-134.03
-132.522
-135.454
-136.356
-159.051
-131.831
-71.866
-642.969
-386.13
-103.023
-94.1544
-143.865
-133.529
-134.811
-134.944
-133.552
-132.591
-135.622
-136.372
-159.347
-131.958
-72.7753
-643.32
-386.021
-102.884
-93.8671
-143.598
-133.178
-134.72
-134.994
-132.9
-132.883
-136.338
-136.45
-159.476
-131.895
-72.8459
-643.472
-386.199
-103.193
-93.7335
-143.443
-132.838
-134.354
-134.387
-131.801
-132.953
-136.937
-136.779
-159.962
-132.041
-73.8134
-644.463
-386.107
-103.027
-93.5106
-143.161
-132.567
-134.827
-135.129
-132.204
-135.717
-139.126
-137.559
-159.89
-132.057
-73.7505
-644.612
-386.36
-103.363
-93.3223
-143.036
-132.405
-134.713
-133.099
-127.291
-132.838
-138.351
-138.807
-161.286
-132.371
-74.972
-645.809
-427.028
-117.812
-95.95
-152.062
-139.577
-142.106
-140.474
-134.286
-140.825
-149.188
-151.614
-180.632
-155.129
-87.4435
-765.867
-426.474
-117.583
-96.151
-152.194
-139.723
-142.266
-142.603
-139.673
-144.093
-150.292
-150.054
-179.315
-155.073
-86.3402
-763.684
-426.429
-117.915
-96.3592
-152.488
-140.036
-141.795
-141.782
-139.01
-140.552
-147.577
-149.067
-179.394
-154.889
-86.6789
-763.484
-425.982
-117.756
-96.4821
-152.648
-140.374
-142.212
-142.514
-140.203
-140.477
-146.803
-148.553
-178.947
-154.831
-85.8613
-761.709
-425.963
-118.076
-96.7692
-152.958
-140.774
-142.321
-142.412
-140.699
-139.883
-145.703
-148.284
-178.886
-154.799
-86.141
-761.401
-425.806
-117.854
-96.764
-152.971
-140.964
-142.523
-142.852
-141.101
-139.706
-145.383
-148.091
-178.624
-154.674
-85.4127
-760.627
-425.913
-118.005
-97.0788
-153.167
-141.261
-142.697
-142.943
-141.347
-139.662
-145.12
-148.094
-178.565
-155.258
-86.5086
-759.483
-425.666
-117.884
-97.1226
-153.051
-141.186
-142.67
-143.053
-141.457
-139.635
-145.11
-148.015
-178.434
-155.75
-87.1274
-757.141
-425.806
-118.083
-97.0813
-153.163
-141.257
-142.688
-142.931
-141.335
-139.653
-145.114
-148.09
-178.569
-155.262
-86.7721
-759.014
-425.733
-117.904
-96.7492
-152.957
-140.954
-142.506
-142.831
-141.079
-139.686
-145.366
-148.077
-178.617
-154.627
-85.6431
-760.236
-425.865
-118.11
-96.7526
-152.938
-140.758
-142.296
-142.382
-140.668
-139.855
-145.677
-148.26
-178.871
-154.734
-86.3316
-760.979
-425.867
-117.788
-96.4606
-152.62
-140.352
-142.18
-142.477
-140.164
-140.44
-146.768
-148.52
-178.921
-154.747
-86.0287
-761.286
-426.293
-117.943
-96.3331
-152.454
-140.007
-141.756
-141.738
-138.964
-140.508
-147.532
-149.024
-179.355
-154.791
-86.8193
-763.046
-426.334
-117.607
-96.1222
-152.156
-139.69
-142.223
-142.554
-139.62
-144.044
-150.241
-150.005
-179.269
-154.968
-86.4644
-763.237
-426.883
-117.826
-95.9161
-152.018
-139.539
-142.055
-140.419
-134.223
-140.762
-149.127
-151.555
-180.573
-155.013
-87.5468
-765.411
-473.302
-131.221
-102.352
-164.577
-150.9
-154.872
-155.152
-151.811
-159.402
-170.797
-174.898
-206.391
-188.338
-87.6701
-924.883
-472.628
-130.941
-102.544
-164.641
-150.949
-154.982
-157.116
-156.729
-162.513
-171.999
-173.453
-204.823
-188.462
-86.3259
-921.103
-472.578
-131.319
-102.751
-164.935
-151.278
-154.528
-156.269
-155.968
-158.977
-169.236
-172.388
-204.897
-187.999
-86.8029
-920.692
-472.03
-131.159
-102.854
-165.069
-151.602
-154.931
-157.039
-157.184
-159.052
-168.586
-171.966
-204.461
-187.992
-85.9098
-917.633
-471.913
-131.568
-103.147
-165.387
-152.031
-155.041
-156.892
-157.446
-158.248
-167.452
-171.711
-204.464
-187.773
-86.4515
-916.827
-471.665
-131.326
-103.116
-165.377
-152.215
-155.219
-157.304
-157.755
-158.069
-167.168
-171.542
-204.292
-187.695
-85.952
-915.049
-471.748
-131.474
-103.437
-165.587
-152.552
-155.416
-157.364
-157.867
-157.907
-166.827
-171.608
-204.363
-188.579
-88.0622
-912.284
-471.413
-131.351
-103.472
-165.459
-152.467
-155.377
-157.468
-157.942
-157.868
-166.814
-171.536
-204.306
-189.506
-89.3685
-907.997
-471.568
-131.593
-103.442
-165.582
-152.546
-155.403
-157.346
-157.848
-157.891
-166.814
-171.599
-204.371
-188.595
-88.4429
-911.558
-471.527
-131.41
-103.097
-165.356
-152.2
-155.192
-157.272
-157.72
-158.036
-167.139
-171.515
-204.283
-187.624
-86.2861
-914.461
-471.747
-131.63
-103.125
-165.357
-152.006
-155.002
-156.845
-157.397
-158.202
-167.407
-171.668
-204.442
-187.669
-86.7271
-916.197
-471.856
-131.213
-102.824
-165.028
-151.567
-154.881
-156.981
-157.122
-158.991
-168.526
-171.906
-204.421
-187.853
-86.1529
-917.005
-472.391
-131.358
-102.714
-164.885
-151.234
-154.466
-156.2
-155.894
-158.902
-169.161
-172.31
-204.837
-187.837
-87.0077
-920.042
-472.435
-130.971
-102.503
-164.585
-150.899
-154.914
-157.039
-156.645
-162.43
-171.913
-173.365
-204.752
-188.288
-86.508
-920.441
-473.103
-131.239
-102.304
-164.512
-150.84
-154.794
-155.066
-151.713
-159.299
-170.695
-174.794
-206.3
-188.148
-87.8227
-924.205
-524.36
-145.966
-111.37
-180.903
-166.619
-173.17
-176.6
-177.902
-186.933
-201.773
-207.72
-239.36
-234.686
-81.2474
-1137.28
-523.596
-145.631
-111.567
-180.888
-166.496
-173.063
-178.287
-182.091
-189.969
-202.914
-206.3
-237.052
-234.657
-79.3684
-1131.33
-523.528
-146.034
-111.789
-181.179
-166.82
-172.619
-177.445
-181.306
-186.888
-200.079
-205.012
-237.055
-233.696
-79.9655
-1130.41
-522.928
-145.835
-111.884
-181.282
-167.089
-172.92
-178.179
-182.464
-187.191
-199.788
-204.591
-236.484
-233.474
-78.9198
-1125.42
-522.793
-146.273
-112.19
-181.605
-167.526
-172.995
-177.988
-182.498
-186.332
-198.664
-204.282
-236.493
-232.836
-79.8688
-1123.48
-522.499
-146.017
-112.141
-181.569
-167.679
-173.104
-178.326
-182.762
-186.209
-198.502
-204.147
-236.374
-232.658
-79.8626
-1119.83
-522.575
-146.171
-112.462
-181.785
-168.033
-173.298
-178.348
-182.759
-185.953
-198.183
-204.291
-236.533
-233.779
-83.4396
-1114.44
-522.199
-146.043
-112.48
-181.635
-167.928
-173.233
-178.429
-182.824
-185.937
-198.214
-204.266
-236.535
-235.178
-85.701
-1107.46
-522.339
-146.329
-112.47
-181.777
-168.025
-173.278
-178.322
-182.731
-185.927
-198.162
-204.274
-236.547
-233.81
-83.9976
-1113.33
-522.319
-146.127
-112.113
-181.537
-167.654
-173.063
-178.277
-182.708
-186.156
-198.454
-204.1
-236.362
-232.551
-80.3588
-1118.94
-522.572
-146.354
-112.159
-181.561
-167.487
-172.934
-177.917
-182.421
-186.255
-198.591
-204.206
-236.462
-232.67
-80.2795
-1122.54
-522.691
-145.905
-111.842
-181.221
-167.035
-172.843
-178.088
-182.366
-187.09
-199.69
-204.487
-236.425
-233.252
-79.2832
-1124.47
-523.27
-146.085
-111.736
-181.105
-166.752
-172.524
-177.337
-181.187
-186.765
-199.957
-204.879
-236.966
-233.435
-80.2733
-1129.43
-523.328
-145.671
-111.51
-180.805
-166.419
-172.958
-178.167
-181.959
-189.832
-202.776
-206.15
-236.944
-234.376
-79.6435
-1130.34
-524.083
-145.988
-111.303
-180.807
-166.528
-173.049
-176.463
-177.746
-186.765
-201.61
-207.543
-239.222
-234.379
-81.4797
-1136.26
-581.818
-163.799
-122.995
-201.628
-187.567
-197.83
-205.598
-212.274
-224.333
-242.697
-253.45
-282.701
-301.717
-69.0824
-1423.29
-580.967
-163.427
-123.214
-201.571
-187.261
-197.387
-206.911
-215.689
-227.283
-243.575
-251.772
-279.208
-301.16
-66.313
-1413.42
-580.876
-163.857
-123.458
-201.859
-187.58
-196.979
-206.147
-214.933
-224.716
-240.518
-250.077
-279.05
-299.169
-67.1105
-1411.02
-580.222
-163.627
-123.555
-201.937
-187.766
-197.093
-206.75
-215.937
-225.092
-240.481
-249.406
-278.162
-298.24
-66.005
-1402.33
-580.069
-164.092
-123.882
-202.27
-188.204
-197.113
-206.52
-215.747
-224.182
-239.265
-248.842
-278.114
-296.655
-67.8022
-1397.73
-579.733
-163.824
-123.818
-202.207
-188.299
-197.107
-206.735
-215.941
-224.083
-239.17
-248.57
-277.985
-296.05
-68.9181
-1390.39
-579.825
-163.976
-124.139
-202.434
-188.662
-197.277
-206.714
-215.825
-223.742
-238.839
-248.696
-278.201
-297.33
-74.8538
-1380.41
-579.446
-163.839
-124.134
-202.259
-188.522
-197.165
-206.746
-215.876
-223.754
-238.908
-248.69
-278.245
-299.329
-78.58
-1369.31
-579.554
-164.169
-124.149
-202.423
-188.648
-197.246
-206.675
-215.782
-223.7
-238.805
-248.664
-278.223
-297.388
-75.6799
-1378.71
-579.522
-163.952
-123.778
-202.16
-188.261
-197.044
-206.659
-215.857
-223.998
-239.095
-248.487
-277.971
-295.884
-69.6636
-1389.04
-579.785
-164.188
-123.837
-202.204
-188.144
-197.02
-206.41
-215.626
-224.057
-239.15
-248.71
-278.07
-296.389
-68.4221
-1396.3
-579.904
-163.714
-123.495
-201.847
-187.684
-196.973
-206.61
-215.783
-224.928
-240.328
-249.227
-278.076
-297.88
-66.5549
-1400.91
-580.522
-163.921
-123.384
-201.75
-187.476
-196.833
-205.978
-214.746
-224.516
-240.326
-249.851
-278.917
-298.746
-67.5786
-1409.55
-580.596
-163.477
-123.134
-201.449
-187.144
-197.226
-206.724
-215.481
-227.06
-243.358
-251.518
-279.047
-300.705
-66.7336
-1411.93
-581.433
-163.825
-122.901
-201.487
-187.429
-197.645
-205.384
-212.031
-224.063
-242.442
-253.153
-282.493
-301.221
-69.4406
-1421.76
-644.265
-184.695
-137.357
-227.321
-214.572
-229.657
-243.55
-255.584
-273.88
-293.897
-315.761
-335.649
-395.864
-41.7539
-1805.51
-643.342
-184.322
-137.629
-227.292
-214.141
-228.873
-244.431
-258.274
-276.642
-294.249
-313.457
-330.628
-394.151
-38.2368
-1788.76
-643.254
-184.762
-137.875
-227.559
-214.452
-228.526
-243.824
-257.62
-274.38
-290.958
-311.133
-330.334
-390.222
-39.9019
-1783.4
-642.566
-184.501
-138
-227.632
-214.557
-228.414
-244.215
-258.388
-274.623
-290.946
-309.949
-329.061
-387.754
-39.5279
-1767.9
-642.421
-184.979
-138.342
-227.97
-214.991
-228.384
-243.959
-258.027
-273.6
-289.582
-308.931
-329.07
-384.422
-43.4011
-1758.06
-642.069
-184.687
-138.272
-227.886
-215.02
-228.235
-244.015
-258.114
-273.413
-289.488
-308.362
-329.009
-382.95
-47.1127
-1743.9
-642.202
-184.821
-138.59
-228.124
-215.387
-228.377
-243.956
-257.906
-272.974
-289.116
-308.397
-329.379
-384.491
-57.2209
-1725.71
-641.868
-184.649
-138.565
-227.926
-215.204
-228.203
-243.916
-257.925
-272.981
-289.203
-308.384
-329.485
-387.509
-63.4198
-1707.65
-641.976
-185.006
-138.602
-228.105
-215.363
-228.329
-243.895
-257.842
-272.909
-289.063
-308.339
-329.414
-384.602
-58.4498
-1723.09
-641.868
-184.797
-138.216
-227.816
-214.956
-228.136
-243.896
-257.987
-273.278
-289.373
-308.216
-328.995
-382.693
-48.2438
-1741.85
-642.071
-185.07
-138.279
-227.872
-214.895
-228.239
-243.785
-257.84
-273.397
-289.403
-308.7
-329.014
-383.99
-44.3457
-1755.89
-642.145
-184.595
-137.915
-227.499
-214.427
-228.227
-243.993
-258.145
-274.355
-290.707
-309.639
-328.941
-387.166
-40.3676
-1765.76
-642.773
-184.833
-137.769
-227.396
-214.289
-228.298
-243.555
-257.324
-274.05
-290.656
-310.744
-330.141
-389.531
-40.6192
-1781.19
-642.833
-184.378
-137.514
-227.111
-213.958
-228.622
-244.135
-257.945
-276.275
-293.909
-313.021
-330.391
-393.406
-38.8843
-1786.52
-643.731
-184.719
-137.225
-227.114
-214.359
-229.371
-243.211
-255.201
-273.442
-293.495
-315.256
-335.338
-395.054
-42.3065
-1803.21
-713.252
-209.945
-153.533
-257.417
-247.773
-269.184
-291.974
-309.367
-339.342
-358.238
-404.174
-403.434
-537.385
-3.98451
-2354.95
-712.292
-209.602
-153.896
-257.542
-247.348
-268.124
-292.385
-311.263
-341.565
-357.702
-400.501
-396.196
-533.617
1.14686
-2317.88
-712.213
-210.081
-154.175
-257.809
-247.665
-267.855
-291.976
-310.736
-339.413
-354.11
-396.791
-395.479
-525.039
-2.13719
-2303.27
-711.511
-209.803
-154.354
-257.924
-247.722
-267.515
-292.088
-311.149
-339.262
-353.693
-394.398
-393.443
-518.858
-3.28699
-2270.99
-711.407
-210.284
-154.733
-258.29
-248.165
-267.449
-291.82
-310.655
-338.003
-352.052
-392.321
-393.357
-511.346
-10.9982
-2248.43
-711.114
-209.954
-154.669
-258.204
-248.132
-267.146
-291.681
-310.572
-337.565
-351.773
-391.027
-393.272
-507.586
-19.5181
-2219.75
-711.318
-210.067
-155.001
-258.468
-248.512
-267.266
-291.595
-310.295
-336.995
-351.288
-390.755
-393.796
-509.089
-36.6604
-2185.55
-710.992
-209.851
-154.96
-258.248
-248.283
-267.017
-291.464
-310.254
-336.934
-351.343
-390.686
-393.971
-513.848
-46.9427
-2154.58
-711.101
-210.202
-155.014
-258.436
-248.471
-267.191
-291.503
-310.2
-336.885
-351.203
-390.65
-393.849
-509.306
-38.4944
-2181.39
-710.948
-209.97
-154.594
-258.098
-248.031
-266.994
-291.498
-310.38
-337.34
-351.59
-390.767
-393.262
-507.186
-21.2498
-2216.56
-711.056
-210.282
-154.643
-258.142
-248.014
-267.226
-291.549
-310.368
-337.671
-351.769
-391.914
-393.286
-510.645
-12.4416
-2245.1
-710.99
-209.857
-154.235
-257.727
-247.521
-267.23
-291.741
-310.773
-338.824
-353.317
-393.856
-393.275
-517.893
-4.56757
-2267.75
-711.582
-210.146
-154.029
-257.57
-247.414
-267.506
-291.554
-310.273
-338.871
-353.632
-396.114
-395.199
-523.904
-3.23233
-2299.95
-711.618
-209.654
-153.737
-257.277
-247.068
-267.741
-291.918
-310.747
-340.963
-357.167
-399.745
-395.847
-532.39
0.157198
-2314.55
-712.531
-209.958
-153.351
-257.116
-247.449
-268.746
-291.441
-308.768
-338.629
-357.602
-403.304
-402.968
-536.056
-4.84406
-2351.54
-786.135
-240.521
-173.62
-293.805
-289.051
-317.95
-353.571
-375.184
-425.43
-433.804
-525.207
-472.627
-734.56
95.5908
-3063.21
-785.187
-240.23
-174.07
-294.16
-288.792
-316.762
-353.553
-376.235
-426.565
-432.03
-520
-463.028
-725.726
103.247
-2998.12
-785.075
-240.702
-174.379
-294.413
-289.091
-316.551
-353.319
-375.852
-424.406
-428.422
-514.239
-462.763
-709.645
93.4102
-2967.7
-784.393
-240.363
-174.608
-294.581
-289.142
-316.035
-353.139
-375.838
-423.592
-427.348
-509.822
-460.663
-696.221
86.3443
-2907.43
-784.406
-240.748
-175.005
-294.957
-289.578
-315.931
-352.846
-375.267
-422.036
-425.565
-506.141
-461.586
-682.348
69.0319
-2863.58
-784.198
-240.377
-174.952
-294.871
-289.495
-315.488
-352.505
-374.991
-421.23
-425.043
-503.715
-462.243
-674.999
49.9831
-2810.91
-784.439
-240.48
-175.289
-295.151
-289.879
-315.585
-352.389
-374.679
-420.514
-424.523
-503.081
-463.497
-677.372
19.9079
-2750.4
-784.096
-240.243
-175.249
-294.919
-289.61
-315.26
-352.152
-374.551
-420.325
-424.523
-502.976
-463.86
-685.795
2.65401
-2697.79
-784.181
-240.584
-175.306
-295.097
-289.809
-315.466
-352.24
-374.526
-420.316
-424.392
-502.888
-463.582
-677.81
17.1543
-2743.85
-783.988
-240.318
-174.857
-294.711
-289.329
-315.246
-352.208
-374.684
-420.837
-424.759
-503.242
-462.255
-674.364
47.2924
-2806.05
-784.088
-240.613
-174.882
-294.734
-289.332
-315.577
-352.409
-374.812
-421.46
-425.121
-505.403
-461.51
-681.18
66.7959
-2858.54
-783.855
-240.286
-174.449
-294.286
-288.819
-315.584
-352.578
-375.246
-422.851
-426.756
-508.844
-460.443
-694.6
84.3598
-2902.52
-784.27
-240.672
-174.184
-294.059
-288.693
-316.002
-352.638
-375.119
-423.497
-427.665
-513.028
-462.367
-707.734
91.7226
-2962.71
-784.287
-240.207
-173.854
-293.767
-288.35
-316.159
-352.8
-375.416
-425.557
-431.181
-518.652
-462.524
-723.652
101.69
-2993.08
-785.15
-240.462
-173.372
-293.36
-288.542
-317.264
-352.714
-374.237
-424.251
-432.795
-523.675
-471.935
-732.327
94.2536
-3058
-860.859
-274.802
-194.153
-334.125
-337.362
-375.448
-428.604
-453.494
-537.147
-525.261
-702.697
-559.981
-1036.89
182.159
-4298.55
-860.028
-274.701
-194.823
-334.994
-337.703
-374.54
-428.351
-453.522
-536.345
-520.705
-695.506
-544.466
-1032.81
177.959
-4067.1
-859.956
-275.234
-195.193
-335.254
-338.004
-374.401
-428.263
-453.176
-533.827
-516.846
-685.002
-543.469
-991.096
169.747
-3995.7
-859.571
-274.885
-195.543
-335.603
-338.237
-373.898
-427.878
-452.623
-531.822
-514.173
-676.215
-539.122
-961.423
157.008
-3856.9
-859.86
-275.232
-195.987
-336.008
-338.686
-373.787
-427.574
-451.974
-529.613
-511.887
-668.071
-539.705
-928.101
130.255
-3765.48
-859.641
-274.971
-196.016
-335.974
-338.623
-373.268
-427.06
-451.439
-528.059
-510.646
-662.604
-540.28
-910.426
97.3494
-3662.71
-859.93
-275.142
-196.41
-336.276
-339.021
-373.351
-426.913
-451.078
-527.001
-509.938
-660.532
-542.136
-911.59
47.818
-3549.63
-859.57
-274.898
-196.402
-336.044
-338.732
-372.963
-426.564
-450.831
-526.581
-509.783
-660.303
-542.708
-927.874
18.284
-3449.54
-859.63
-275.22
-196.43
-336.188
-338.91
-373.168
-426.672
-450.837
-526.661
-509.742
-660.181
-542.282
-912.494
43.6127
-3538.44
-859.372
-274.842
-195.901
-335.735
-338.369
-372.9
-426.585
-450.955
-527.389
-510.211
-661.744
-540.357
-909.484
93.0005
-3654.71
-859.453
-274.97
-195.846
-335.678
-338.31
-373.25
-426.879
-451.255
-528.627
-511.2
-666.739
-539.657
-926.246
126.671
-3757.34
-859.037
-274.564
-195.347
-335.169
-337.743
-373.216
-426.996
-451.701
-530.57
-513.252
-674.461
-538.859
-958.773
153.842
-3849.19
-859.185
-274.881
-194.946
-334.734
-337.398
-373.573
-427.196
-452.047
-532.319
-515.661
-682.854
-542.932
-988.002
167.02
-3987.94
-858.973
-274.451
-194.554
-334.421
-337.032
-373.63
-427.172
-452.25
-534.674
-519.372
-693.114
-543.763
-1029.35
175.554
-4059.88
-859.586
-274.602
-193.833
-333.48
-336.595
-374.413
-427.27
-452.027
-535.212
-523.664
-699.985
-558.969
-1033.15
179.962
-4291.32
-937.455
-316.036
-220.323
-381.651
-397.48
-446.743
-524.809
-548.82
-688.282
-626.599
-961.488
-614.912
-1464.9
462.43
-5515.77
-936.726
-316.038
-221.081
-383.02
-398.609
-446.458
-524.667
-548.408
-685.225
-620.274
-950.327
-599.911
-1438.06
531.297
-5241.92
-936.648
-316.594
-221.512
-383.289
-398.806
-446.245
-524.601
-548.136
-682.499
-616.717
-935.501
-601.372
-1381.9
459.768
-5069.72
-936.12
-316.438
-221.913
-383.767
-399.264
-445.947
-524.242
-547.443
-679.486
-612.987
-922.056
-599.977
-1327.24
412.721
-4819.28
-936.194
-316.921
-222.448
-384.208
-399.664
-445.775
-523.892
-546.841
-676.811
-611.02
-910.429
-604.719
-1283.21
342.963
-4659.26
-935.926
-316.701
-222.481
-384.177
-399.62
-445.275
-523.342
-546.249
-674.68
-609.552
-902.553
-607.962
-1255.78
275.881
-4492.1
-936.179
-316.85
-222.925
-384.475
-399.974
-445.306
-523.137
-545.873
-673.343
-609.055
-899.68
-612.758
-1258.52
193.425
-4317.21
-935.797
-316.556
-222.924
-384.201
-399.646
-444.874
-522.704
-545.54
-672.705
-608.801
-899.745
-614.25
-1284.2
149.461
-4170.03
-935.811
-316.865
-222.953
-384.329
-399.782
-445
-522.724
-545.471
-672.74
-608.751
-898.979
-613.055
-1259.84
187.081
-4300.85
-935.531
-316.433
-222.361
-383.82
-399.206
-444.672
-522.546
-545.458
-673.499
-608.866
-900.866
-608.117
-1253.95
269.375
-4480.26
-935.597
-316.464
-222.305
-383.709
-399.056
-444.9
-522.731
-545.668
-675.084
-609.929
-907.857
-604.615
-1279.82
337.776
-4647.15
-935.223
-315.94
-221.715
-383.119
-398.477
-444.844
-522.778
-545.943
-677.3
-611.518
-918.695
-599.512
-1322.51
408.216
-4807.8
-935.372
-316.088
-221.239
-382.515
-397.844
-444.912
-522.837
-546.314
-679.886
-614.83
-931.431
-600.454
-1376.42
456.303
-5058.72
-935.275
-315.575
-220.757
-382.167
-397.548
-445.004
-522.738
-546.38
-682.367
-618.138
-945.806
-598.73
-1431.72
527.489
-5230.82
-935.879
-315.553
-219.913
-380.692
-396.267
-445.094
-522.633
-546.507
-685.081
-624.063
-956.446
-613.276
-1458.22
459.107
-5503.98
-1006.87
-362.168
-248.197
-432.952
-462.26
-522.409
-627.663
-648.865
-860.403
-735.94
-1315.5
-712.463
-2010.26
545.976
-9063.2
-1006.64
-362.815
-249.424
-435.885
-466.212
-525.191
-629.444
-648.605
-855.199
-724.686
-1307.06
-656.044
-2395.3
441.131
-7375.45
-1006.99
-363.611
-249.899
-435.982
-466.332
-524.992
-629.351
-648.037
-850.888
-719.768
-1270.64
-664.385
-2028.75
599.097
-7248.3
-1006.78
-364.006
-250.603
-437.029
-467.842
-525.934
-629.997
-647.561
-846.298
-712.634
-1241.77
-654.148
-1872.21
514.941
-6708.31
-1007.04
-365.015
-251.205
-437.391
-468.205
-525.813
-629.748
-646.835
-842.019
-709.023
-1212.34
-654.979
-1709.73
459.979
-6441.27
-1006.82
-365.36
-251.347
-437.528
-468.477
-525.676
-629.545
-646.324
-838.853
-705.977
-1194
-657.154
-1633.69
366.384
-6144.65
-1007.1
-365.819
-251.792
-437.701
-468.731
-525.636
-629.295
-645.864
-836.899
-705.183
-1187.03
-666.398
-1620.21
226.782
-5857.43
-1006.76
-365.525
-251.777
-437.395
-468.46
-525.254
-628.85
-645.489
-836.102
-704.886
-1189.09
-672.726
-1682.05
128.221
-5576.26
-1006.74
-365.714
-251.818
-437.443
-468.442
-525.195
-628.608
-645.196
-835.915
-704.747
-1185.87
-667.053
-1622.44
216.087
-5829.69
-1006.38
-364.977
-251.226
-436.967
-467.858
-524.816
-628.259
-645.048
-836.935
-704.988
-1191.04
-657.476
-1631.52
354.07
-6124.57
-1006.38
-364.471
-251.023
-436.614
-467.297
-524.56
-627.922
-644.99
-839.219
-707.434
-1207.86
-654.874
-1705.5
449.845
-6419.98
-1005.97
-363.349
-250.308
-436.048
-466.67
-524.345
-627.746
-645.247
-842.76
-710.473
-1235.84
-653.626
-1865.13
505.538
-6688.91
-1006.01
-362.822
-249.492
-434.83
-464.899
-523.056
-626.682
-645.238
-846.655
-716.953
-1263.58
-663.232
-2022.29
590.009
-7226.91
-1005.53
-361.987
-248.957
-434.637
-464.632
-523.066
-626.544
-645.533
-850.568
-721.479
-1299.08
-654.657
-2384.01
433.719
-7362.83
-1005.65
-361.226
-247.627
-431.559
-460.453
-519.992
-624.403
-645.373
-855.248
-732.102
-1306.67
-710.168
-1998.6
537.205
-9050.16
-1053.09
-410.389
-284.247
-492.445
-558.804
-628.721
-771.449
-781.246
-1123.84
-875.738
-1912.21
-743.403
-3840.49
824.209
-10368.7
-1053.13
-411.683
-285.856
-495.393
-563.483
-634.531
-776.399
-783.487
-1118.76
-862.376
-1916.64
-686.826
-4009.38
901.305
-7809.57
-1052.79
-412.993
-286.358
-495.267
-562.792
-633.839
-776.201
-782.627
-1114.41
-855.232
-1892.02
-671.942
-3837.13
893.274
-7352.93
-1052.36
-414.379
-287.197
-496.395
-564.601
-636.247
-778.521
-783.305
-1111.75
-846.212
-1876.58
-666.389
-3684.77
676.485
-6897.4
-1051.74
-416.061
-287.934
-496.547
-564.3
-635.961
-778.357
-782.284
-1107.58
-842.565
-1847.91
-682.717
-3449.55
620.504
-6982.02
-1050.57
-417.063
-288.047
-496.651
-564.539
-636.402
-779.177
-782.357
-1105.35
-838.429
-1829.12
-686.412
-3267.2
516.501
-6944.53
-1049.83
-417.888
-288.484
-496.689
-564.301
-636.095
-778.933
-781.468
-1102.91
-836.222
-1817.17
-695.603
-3248.79
399.235
-6548.87
-1049.18
-417.698
-288.265
-496.216
-563.899
-635.715
-778.664
-781.115
-1102.03
-834.708
-1817.16
-689.949
-3331.51
323.871
-6100.35
-1048.98
-417.917
-288.527
-496.326
-563.825
-635.187
-777.651
-780.247
-1101.05
-835.519
-1813.66
-696.519
-3247.52
388.803
-6510.88
-1049.26
-417.045
-287.973
-495.914
-563.606
-634.764
-776.85
-780.074
-1101.85
-836.834
-1822.51
-687.267
-3261.46
505.112
-6910.94
-1050.18
-415.943
-287.748
-495.516
-562.94
-633.682
-775.103
-779.068
-1102.58
-840.039
-1838.34
-682.966
-3438.31
608.9
-6948.39
-1050.69
-414.066
-286.846
-495.091
-562.842
-633.451
-774.556
-779.385
-1105.54
-842.878
-1864.32
-666.056
-3666.89
666.17
-6867.51
-1051.02
-412.368
-285.819
-493.707
-560.6
-630.513
-771.548
-777.969
-1107.02
-850.923
-1877.48
-671.098
-3814.93
884.139
-7325.27
-1051.31
-410.799
-285.198
-493.691
-561.076
-631.032
-771.566
-778.512
-1110.8
-857.441
-1900.46
-685.643
-3980.83
889.675
-7792.34
-1051.2
-409.274
-283.39
-490.512
-556.006
-624.701
-765.952
-775.434
-1115.03
-869.716
-1894.65
-740.224
-3810.23
809.991
-10355.2
-1212.32
-1639.73
-1973.03
-2332.1
-2937.18
-3624.12
-4775.74
-6256.73
-8347.24
-10730
-15178.3
-16159.9
-25659.1
-33994.6
-82836.1
-466.773
-575.885
-675.402
-877.672
-1186.28
-1525.23
-1914.24
-2058.94
-2527.28
-2704.54
-4138.95
-6696.89
-4631.1
-5482.15
20715
-357.78
-502.375
-640.495
-827.004
-1024.46
-1231.45
-1447.77
-1814.69
-2296.02
-3067.21
-4728.08
-7272.05
-12082.5
-16046
-26840.2
-562.502
-761.466
-943.078
-1175.36
-1459.86
-1776.56
-2153.23
-2677.72
-3300.51
-4286.08
-5764.72
-7550.42
-8295.26
-8028.32
-547.93
-624.682
-815.748
-991.609
-1213.48
-1502.17
-1821.76
-2222.57
-2716.24
-3312.62
-4173.45
-5619.89
-7035.73
-9255.24
-9298.66
-13467.7
-706.708
-905.976
-1104.67
-1340.76
-1624.14
-1926.95
-2330.35
-2942.31
-3780.16
-4914.21
-6288.59
-7575.56
-8614.62
-8270.31
-7304.99
-866.959
-1077.34
-1293.42
-1551.02
-1842.56
-2209.6
-2749.82
-3468.75
-4318.77
-5367.3
-6596.26
-7768.16
-9026.97
-8698.9
-10436
-878.814
-1153.67
-1484.5
-1796.73
-2100.09
-2538.64
-3122.99
-3874.22
-4793.77
-5993.82
-7159.47
-8577.58
-9351.33
-9452.69
-9863.64
-1271.17
-1579.83
-1830
-1986.69
-2236.13
-2689.68
-3360.78
-4235.53
-5226.81
-6531.37
-7576.74
-9328
-9714.59
-10495
-11034.9
-964.566
-1444.68
-1900.97
-2024.38
-2406.98
-3105.89
-3984.36
-5009.19
-6083.76
-7537.5
-8463.46
-10738.7
-10232.7
-12889.1
-12637.2
-2208.43
-2510.33
-2442.3
-2188.36
-2432.87
-3077.89
-3879.45
-4769.88
-5743.77
-7231.71
-8165.95
-11270.1
-10472.7
-17009.4
-12148.8
-738.568
-1989.08
-2102.09
-2019.86
-2756.2
-4062.15
-5404.76
-6754.98
-8237.97
-10189.1
-11330.7
-14764.7
-12295.8
-20235.8
-14205.3
-4835.74
-4550.11
-2680.27
-3474.48
-6579.3
-8408.38
-8750.64
-9541.02
-10862.7
-12708
-14257.4
-18309.3
-12790.7
-25515.8
1851.43
-427.638
-2467.41
1601.72
9126.76
8898.56
7440.6
8563.73
10341.8
11428.2
12592.4
13302.8
14427.7
20917.2
-16693.8
15579.2
-15144.8
-28362.9
-42180.9
-42330.7
-45006
-50876.1
-58731.9
-65760.3
-74520.6
-86240.2
-102886
-128402
-160077
-193395
-210974
-1211.35
-1637.28
-1974.84
-2336.06
-2946.88
-3620.7
-4827.62
-6273.2
-8281.15
-10514.6
-14912.6
-16076.4
-25269.3
-32755.1
-78628.7
-467.916
-574.962
-675.857
-876.746
-1187.35
-1503.17
-1894.76
-2045.57
-2517.9
-2699.05
-4063.77
-6664.67
-4937.33
-5926.88
15232.6
-360.693
-505.244
-641.303
-826.135
-1023.99
-1232.62
-1459.37
-1891.62
-2387.65
-3172.57
-4754.52
-7315.13
-12189.9
-16887.2
-26775.2
-568.62
-767.445
-953.977
-1189.2
-1477.64
-1803.83
-2196.38
-2770.6
-3404.97
-4401.2
-5866.73
-7711.49
-8902.78
-8884.66
-4731.83
-638.145
-829.413
-1011.97
-1244.07
-1542.04
-1877.25
-2293.48
-2836.68
-3479.92
-4402.88
-5842
-7302.12
-9759.52
-10424.1
-17071.9
-724.907
-928.7
-1132.86
-1381.7
-1683.87
-2024.61
-2477.77
-3126.29
-3948.85
-5039.27
-6392.73
-7781.62
-9265.78
-9520.42
-11972.2
-882.636
-1096.28
-1319.71
-1591.65
-1912.94
-2318.21
-2854.54
-3534.7
-4360.76
-5399.31
-6640.85
-7943.71
-9644.38
-10067.6
-15172.7
-890.187
-1167.22
-1498.76
-1833.31
-2171.96
-2586.64
-3146.9
-3879.48
-4767.88
-5935.7
-7125.28
-8677.75
-9972.75
-10910.7
-14841.4
-1280.72
-1575.66
-1823.5
-2027.12
-2277.25
-2690.54
-3318.22
-4154.69
-5119.44
-6400.1
-7480.04
-9323.84
-10268.6
-11961.7
-15758.1
-952.266
-1390.28
-1872.94
-2086.48
-2405.48
-3056.89
-3922.25
-4932.32
-5979.5
-7388.91
-8330.39
-10630.3
-10654.2
-14100.8
-16387.5
-2182.17
-2525.3
-2503.42
-2243.75
-2482.32
-3109.45
-3913.45
-4780.56
-5705.77
-7128.97
-8069.76
-11170.1
-10875.1
-17680.4
-14001.1
-660.921
-1518.39
-1892
-1883.01
-2673.01
-3956
-5298.11
-6613.62
-8022.46
-9866.58
-10934.1
-14089
-11337
-15827.9
-15346.3
-5224.67
-5303.06
-4386.33
-3614.51
-7586.04
-10155.9
-9759.47
-10160.2
-11244
-12862.8
-14394.8
-18397.9
-15168.1
-39459.3
5157.07
237.415
-2202.33
-634.678
6577.77
7976.81
5570.2
6204.92
8827.95
10610.6
12143.4
12573.6
14041.9
21359
-23317.5
-2917.69
-10136.9
-21581.2
-33696.2
-39675
-37209.7
-39529.8
-51779.4
-61593.7
-71411.8
-83031
-98172.6
-119644
-143044
-134003
-216580
-1209.33
-1638.12
-1979.28
-2340.55
-2951.79
-3614.79
-4822.1
-6282.26
-8287.86
-10442
-14785.8
-16057.1
-25407.2
-32427
-80792.9
-469.942
-576.118
-678.05
-878.213
-1188.84
-1500.01
-1883.4
-2060.9
-2569.47
-2781.53
-4105.67
-6660.03
-4925.2
-6749.96
17261.9
-360.998
-504.535
-639.804
-824.814
-1024.22
-1235.68
-1470.73
-1885.7
-2383.91
-3164.31
-4714.42
-7282.72
-12051.6
-17419.8
-24067
-568.309
-765.516
-953.927
-1191.13
-1482.53
-1810.85
-2208.71
-2775.1
-3411.93
-4410.57
-5879.45
-7697.74
-8920.39
-9491.88
-3207.67
-638.445
-828.884
-1013.71
-1248.42
-1549.58
-1887.5
-2302.28
-2841.32
-3485.14
-4403.79
-5826.84
-7288.65
-9734.78
-11192.2
-15883.1
-724.697
-928.837
-1136.65
-1388.23
-1692.73
-2035.19
-2484.01
-3109.19
-3899.33
-4964.94
-6325.53
-7732.55
-9267.1
-10326.8
-10640.4
-880.657
-1087.42
-1309.94
-1584.56
-1900.94
-2280.7
-2781.07
-3444.59
-4273.93
-5317.79
-6572.69
-7898.9
-9624.55
-10920.6
-13910.2
-887.972
-1154.88
-1475.24
-1804.06
-2127.86
-2512.94
-3058.98
-3790.85
-4686.44
-5865.07
-7073.04
-8638.05
-9930.93
-11758.4
-13318.4
-1281.14
-1563.42
-1802.33
-2007.88
-2233.32
-2627.97
-3255.55
-4098.17
-5069.67
-6350.59
-7434.12
-9284.97
-10182.2
-12717.5
-13969
-950.8
-1370.27
-1855.82
-2067.35
-2349.68
-2997.64
-3870.53
-4880.75
-5924.86
-7319.32
-8253.94
-10556.9
-10523.5
-14664.6
-14531.1
-2255.49
-2519.25
-2476.16
-2226.54
-2462.89
-3085.56
-3877.49
-4732.2
-5645.62
-7043.3
-8003.9
-11107.6
-10988.4
-18549.6
-12061.2
-731.502
-1482.32
-2081.3
-1850.07
-2528.56
-3771.33
-5089.2
-6401.31
-7837.67
-9686.58
-10793.7
-13811.6
-11256.7
-14435.1
-13836.5
-5100.12
-4679.53
-2742.5
-3481.56
-6274.64
-8289.36
-8844.12
-9562.77
-10779.6
-12352.8
-13862.1
-17807.7
-16449.9
-39395.6
8717.59
295.748
-2225.62
220.797
7798.46
8723.16
7564.25
8129.53
9694.8
10830.4
12074.6
12121.2
13367.9
18086.6
-17295.7
-2226.98
-9272.09
-20182.5
-35819.3
-40077.9
-40994.3
-45935.5
-54709.4
-62822.3
-71928.1
-82953.4
-96871
-115208
-131786
-118187
-216659
-1206.9
-1635.22
-1979.95
-2343.48
-2959.35
-3617.52
-4844.34
-6269.94
-8243.9
-10287.8
-14573.5
-16013
-25154.9
-31516.8
-79217.3
-472.405
-577.761
-680.822
-878.389
-1188.59
-1487
-1868.52
-2063.02
-2590.26
-2819.29
-4087.97
-6550.82
-5093.79
-7620.26
16299.3
-362.271
-504.693
-639.24
-823.587
-1024.02
-1236.52
-1482.67
-1909.31
-2411.11
-3186.31
-4677.57
-7253.44
-11915.6
-17835
-22401.6
-571.173
-769.302
-960.276
-1199.45
-1494.65
-1828.99
-2237.56
-2821.92
-3469.62
-4469.22
-5925.94
-7746.59
-9096.87
-9979.07
-3893.4
-643.515
-835.374
-1023.37
-1264.43
-1572.65
-1918.89
-2341.84
-2895.21
-3550.94
-4475.58
-5876.36
-7381.23
-9845.51
-11815.8
-16381.6
-731.655
-938.595
-1149.24
-1410.32
-1726.4
-2081.55
-2539.04
-3158.92
-3932.89
-4978.32
-6334.46
-7796.49
-9456.87
-10939
-11316.9
-888.175
-1095.75
-1315.62
-1596.28
-1924.17
-2309.47
-2802.14
-3454.16
-4275.76
-5314.01
-6570.89
-7957.41
-9806.86
-11559.1
-14615.7
-892.437
-1157.52
-1472.57
-1810.46
-2149.74
-2531.27
-3064
-3782.55
-4665.56
-5829.72
-7038.35
-8660.71
-10104.8
-12365.5
-13976.1
-1289.43
-1570.36
-1807
-2028.3
-2256.89
-2633.96
-3243.41
-4070
-5026.59
-6290.52
-7375.82
-9272.31
-10311
-13224.4
-14623.3
-946.467
-1351.07
-1842.58
-2091.4
-2360.06
-2991.49
-3863.25
-4868.9
-5899.75
-7262.73
-8180.58
-10495.3
-10540.8
-15056.2
-15242
-2287.66
-2546.83
-2507.92
-2293.97
-2521.85
-3138.32
-3937.78
-4782.17
-5659.18
-6993.33
-7926.59
-11051.2
-11038
-19236.9
-12284.3
-761.093
-1492.62
-2117.17
-1874.99
-2575.98
-3824.09
-5121.17
-6387.62
-7776.75
-9574.62
-10652.5
-13617.8
-10760.1
-13554.9
-13133.2
-4966.24
-4928.69
-2963.97
-3777.32
-6339.92
-8469.53
-9209.57
-9860.17
-10993.3
-12406.7
-13746.5
-17392.2
-15400.8
-41933.8
9947.18
-26.4576
-2383.56
-258.385
7617.4
8665.51
7655.3
7923.06
9275.47
10398.1
11609.1
11263.7
12266.3
16375.2
-20735
-3158.85
-8399.18
-17657.5
-33441.4
-37799.4
-39257.9
-43604.1
-51944.4
-60536.5
-69800.7
-80439.1
-93201.5
-109686
-123758
-109356
-211775
-1205.48
-1634.96
-1981.29
-2346.61
-2963.5
-3619.98
-4869.14
-6270.4
-8237.54
-10190.3
-14418.4
-16013
-24843.9
-29971.5
-75251.6
-475.334
-580.883
-684.631
-880.089
-1189.68
-1479.98
-1856.44
-2080.69
-2638.76
-2888.09
-4120.79
-6422.1
-5344.18
-7811.51
14880.1
-363.012
-503.866
-637.117
-821.771
-1023.74
-1239.3
-1492.87
-1914.3
-2415.97
-3177.07
-4621.69
-7171.15
-11685.2
-17443.2
-21081.9
-571.883
-769.162
-960.73
-1201.45
-1499.47
-1836.7
-2250.48
-2830.63
-3479.07
-4467.32
-5907.21
-7667.9
-9092
-9704.44
-5884.57
-644.012
-835.669
-1024.02
-1267.55
-1579.35
-1928.01
-2351.16
-2902.8
-3557.54
-4472.48
-5846.96
-7329.57
-9734.5
-11688.6
-17173.1
-732.58
-940.451
-1151.38
-1415.13
-1736.12
-2096.02
-2552.96
-3159.7
-3915.25
-4935.92
-6280.94
-7713.64
-9410.44
-10720.7
-12574
-889.789
-1096.61
-1315.24
-1596.61
-1925.66
-2304.77
-2784.2
-3422.3
-4235.1
-5265.46
-6520.6
-7883.63
-9748.42
-11356.5
-15804.4
-892.326
-1153.96
-1463.49
-1799.82
-2138.6
-2512.57
-3035.73
-3750.62
-4630.72
-5784
-6990.09
-8577.6
-10045
-12108.6
-15107.7
-1289.83
-1568.46
-1801.87
-2025.82
-2252.75
-2617.62
-3219.93
-4040.42
-4992.38
-6241.78
-7322.16
-9172.79
-10218.1
-12878.5
-15600.9
-946.38
-1343.38
-1829.7
-2083.4
-2338.55
-2949.57
-3819.39
-4826.4
-5857.96
-7196.83
-8096.8
-10344.9
-10372.2
-14636.1
-15983.7
-2288.61
-2577.43
-2538.56
-2345.28
-2526.91
-3130.62
-3935.61
-4768.46
-5615.56
-6880.74
-7790.14
-10869.2
-10940.4
-18992.3
-12392
-783.759
-1467.92
-2129.66
-1783.58
-2330.71
-3454.73
-4692.89
-5911.57
-7289.68
-9099.63
-10300
-13304.9
-10396.4
-12084.2
-12380.5
-4763.01
-5126.56
-2758.45
-3297.57
-5361.31
-7240.06
-8269.03
-9118.56
-10381.4
-11774.9
-13012
-16504.3
-14240.3
-42064
9294.51
-32.3326
-2149.77
-268.217
7454.13
8550.96
7925.58
8269.95
9402.5
10305.9
11409.6
10917.9
11447.9
15075.2
-21787.1
-6868.92
-8164.01
-16150.3
-33790.4
-38050
-40383.1
-45416
-53344.5
-61765.9
-70861.6
-81192.6
-92931.2
-106878
-119184
-105667
-208848
-1203.32
-1634.09
-1981.51
-2347.62
-2963.3
-3621.42
-4891.56
-6256.9
-8207.94
-10069
-14262.1
-15949.5
-24690.8
-27867.7
-70303.2
-476.65
-582.475
-687.026
-879.701
-1187.07
-1464.88
-1837
-2077.56
-2657.12
-2919.41
-4139.96
-6201.35
-5707.47
-7338.61
11131.7
-363.1
-503.142
-635.738
-820.151
-1022.55
-1239.25
-1498.66
-1917.78
-2417.18
-3159.04
-4558.97
-7051.57
-11360.6
-16340.2
-18726.4
-573.205
-771.14
-963.134
-1204.43
-1504.06
-1843.7
-2262.7
-2844.36
-3494.96
-4468.2
-5891.33
-7552.77
-9062.36
-8860.52
-7471.75
-645.716
-838.619
-1027.98
-1273.62
-1588.72
-1940.98
-2367.35
-2920.52
-3574.46
-4476.74
-5824.11
-7254.77
-9582.31
-11066.1
-16935.2
-734.971
-944.328
-1156.42
-1423.67
-1750.01
-2114.79
-2572.16
-3170.52
-3914.79
-4914.56
-6242.05
-7607.22
-9326.06
-10004.3
-12832.8
-893.265
-1100.96
-1318.82
-1601.94
-1934.59
-2312.85
-2787.4
-3417.76
-4220.99
-5234.81
-6473.74
-7778.61
-9646.11
-10680.5
-15922.1
-894.402
-1155.36
-1462.87
-1802.09
-2146.87
-2520.38
-3034.8
-3740.74
-4608.78
-5739.3
-6928.1
-8449.98
-9937.17
-11375
-15122.4
-1293.93
-1574.15
-1808.96
-2039.94
-2271.81
-2625.33
-3215.93
-4023.59
-4961.49
-6186.55
-7250.41
-9028.83
-10079.3
-12064.4
-15438.3
-945.738
-1331.02
-1814.86
-2088.46
-2352.37
-2951.11
-3815.98
-4816.81
-5843.6
-7156.16
-8030.28
-10183.6
-10177.1
-13768.5
-15603.4
-2306.15
-2610.41
-2608.64
-2468.72
-2615.78
-3224.01
-4042.77
-4870.76
-5702.74
-6902.77
-7749.52
-10717.6
-10745.7
-18073.8
-11724
-803.448
-1405.56
-2101.79
-1760.34
-2278.17
-3322.45
-4510.76
-5715.81
-7114.75
-8939.93
-10194.7
-13167.9
-9999.1
-10455.4
-10982.5
-4714.94
-5327.86
-3546.42
-3507.6
-5833.43
-8177.27
-9432.53
-10224.7
-11377.6
-12482.9
-13117.5
-15780.2
-12960.1
-40662.8
8897.81
-44.7195
-1994.55
-1533.14
6150.45
7868.12
6251.99
6522.88
8367.55
9839.96
11290.9
10548.6
10623
14325.4
-23642.3
-8689.59
-7604.15
-14415.3
-31726.7
-37698.3
-39809.7
-45001.6
-53009.7
-61381
-69980.8
-79900.2
-90971.5
-104079
-115885
-103421
-205842
-1202.68
-1634.96
-1983.44
-2350.28
-2966.73
-3629.66
-4913.37
-6255.66
-8194.82
-9975.25
-14160.7
-15855.5
-24894.1
-25505
-67422.4
-477.743
-583.874
-688.355
-879.579
-1185.5
-1459.11
-1834.37
-2095.4
-2694.37
-2963.79
-4190.75
-5988.42
-6249.3
-6859.02
981.346
-363.374
-502.658
-634.774
-820.01
-1024.44
-1244.24
-1506.29
-1919.73
-2417.36
-3138.22
-4500.39
-6928.48
-10980.3
-15119.4
-15827.5
-573.681
-771.332
-963.049
-1205
-1505.6
-1845.99
-2266.4
-2842.06
-3491.48
-4445.52
-5849.55
-7383.02
-8968.28
-7767.31
-8457.62
-645.929
-838.896
-1028.13
-1274.51
-1590.83
-1943.76
-2369.42
-2917.37
-3565.29
-4449.67
-5767.17
-7117.22
-9350.8
-10191.2
-16073.4
-735.365
-944.982
-1156.94
-1424.82
-1753.02
-2119.34
-2574.79
-3165.07
-3897.61
-4873.04
-6177.48
-7441.66
-9155.38
-9064.13
-12447.5
-894.11
-1101.6
-1318.41
-1600.84
-1933.56
-2309.74
-2779.88
-3402.03
-4194.56
-5188.8
-6405.54
-7621.35
-9460.03
-9811.63
-15411.7
-894.081
-1153.56
-1458.38
-1796.56
-2141.84
-2514.99
-3025.27
-3726.11
-4585.66
-5692.82
-6859.04
-8283.99
-9755.85
-10481.7
-14573.7
-1294.84
-1574.07
-1809.7
-2043.88
-2277.11
-2621.86
-3206.19
-4005.14
-4931.47
-6130.69
-7173
-8853.22
-9879.22
-11142.6
-14806.1
-944.302
-1320.25
-1798.72
-2077.3
-2338.16
-2919.1
-3787.26
-4792.43
-5822.76
-7112.52
-7954.44
-9990.9
-9948.42
-12839.8
-14831.4
-2314.84
-2617.79
-2678.43
-2571.42
-2681.46
-3340.25
-4246.07
-5111.3
-5923.78
-6990.61
-7656.53
-10485.5
-10475.3
-17034.3
-10917.8
-812.117
-1332.08
-2088.28
-1783.86
-2057.05
-3096.72
-4316.77
-5346.88
-6472.34
-7998.66
-9299.78
-12754
-9593.7
-9216.04
-9575.67
-4735.13
-5477.42
-5443.49
-2590.02
-5126.32
-8679.09
-9957.38
-10029.3
-10821.7
-11855.8
-12697.9
-14403.4
-11958.3
-38762
8177.08
-103.539
-1066.31
-2200.5
1941.78
5478.25
3228.13
2106.84
2917.3
4349.77
6102.23
6388.59
9001.22
13565.8
-24774.9
-10643.5
-6699.33
-12229.5
-24866
-37784.4
-37891.4
-37645.2
-46055.4
-58532.6
-69917.4
-82083.7
-93912.5
-104144
-114047
-101813
-203935
-1202.31
-1634.94
-1983.93
-2350.19
-2966.87
-3623.83
-4900.66
-6191.7
-8112.43
-9839.52
-14058.3
-15704.5
-25520.1
-23148.9
-68981.7
-477.349
-583.369
-687.326
-878.122
-1183.62
-1459.96
-1847.62
-2128.6
-2731.39
-3000.48
-4239.54
-5802.74
-6796.01
-6641.71
-8248.02
-363.019
-502.421
-634.825
-820.508
-1025.96
-1247.77
-1511.3
-1925.22
-2415.42
-3112.29
-4437.53
-6818.93
-10607.9
-14229.6
-13659.3
-573.597
-771.632
-963.373
-1204.87
-1504.81
-1844.85
-2265.14
-2838.32
-3483.46
-4416.82
-5802.23
-7219.58
-8877.63
-6985.75
-9230.67
-645.958
-839.425
-1028.75
-1274.81
-1590.87
-1943.62
-2368.28
-2912.59
-3553.59
-4419.95
-5707.76
-6986.29
-9128.74
-9558.62
-15187.2
-735.636
-945.703
-1157.81
-1425.9
-1754.57
-2121
-2574.43
-3158.94
-3881.87
-4835.18
-6113.37
-7286.83
-8982.69
-8407.57
-12023.7
-894.643
-1102.37
-1318.99
-1601.25
-1933.93
-2309.08
-2776.57
-3391.57
-4171.89
-5143.59
-6330.72
-7470.58
-9270.53
-9233.4
-14874.7
-894.123
-1153.52
-1457.64
-1796.26
-2143.02
-2515.19
-3019.05
-3709.79
-4555.32
-5636.82
-6775.42
-8123.37
-9569.67
-9903.08
-14055.6
-1295.96
-1576.01
-1813.47
-2049.44
-2283.19
-2618.35
-3189.29
-3972.94
-4884.33
-6060.3
-7080.82
-8690.4
-9681.82
-10571.3
-14249.1
-942.251
-1311.17
-1771.33
-2057.46
-2346.22
-2912.17
-3762.57
-4759.11
-5791.42
-7068.85
-7890.23
-9852.43
-9758.73
-12298.7
-14166.7
-2327.81
-2647.9
-2737.4
-2720.26
-2759.68
-3326.08
-4171.76
-5010.88
-5823.33
-6859.09
-7529.42
-10417.2
-10266.9
-16432.1
-10280.8
-799.837
-1258.74
-1772.98
-1525.99
-1474.02
-2027.57
-3003.41
-3856.28
-4913.75
-6574.96
-8473.18
-12675.3
-9301.69
-8650.25
-8560.4
-4772.16
-5702.09
-5368.86
-5155.18
-8136.28
-11117.3
-13216.5
-14916.8
-17283
-19164.7
-18251.1
-13846.8
-11294.9
-37498.3
7964.68
-132.804
-1121.38
-1012.68
592.096
2274.11
2189.84
1124.96
130.157
369.707
1480.97
-324.506
3018.19
12234.9
-25664.4
-12205.1
-6089.84
-10575.9
-22270.6
-28823.6
-28470.5
-29693
-36097.9
-44395.3
-52575.7
-63142.2
-76591.8
-103242
-112625
-100352
-202522
-1202.09
-1634.74
-1983.77
-2350.16
-2966.86
-3621.46
-4894.64
-6195.9
-8109.06
-9792.4
-14006.9
-15500.8
-26368.5
-21620.6
-71125.4
-477.277
-582.844
-686.428
-878.368
-1185.13
-1464.58
-1853.04
-2131.92
-2746.05
-3013.12
-4310.04
-5654.39
-7142.45
-6654.64
-10123.1
-363.243
-502.483
-634.857
-819.893
-1024.1
-1242.65
-1502.53
-1913.94
-2405.73
-3093.91
-4384.31
-6720.75
-10232.2
-13531.1
-12258.3
-573.17
-770.746
-962.291
-1203.09
-1501.42
-1838.63
-2255.11
-2826.39
-3466.69
-4383.56
-5747.26
-7059.16
-8767.77
-6547.98
-9903.08
-645.05
-838.078
-1027.15
-1271.98
-1586.01
-1936.17
-2357.2
-2896.42
-3527.56
-4376.37
-5633.45
-6849.75
-8897.36
-9168.85
-14544.6
-734.281
-943.709
-1155.13
-1421.5
-1747.23
-2110.34
-2560.5
-3141.24
-3856.31
-4789.63
-6040.17
-7131.64
-8791
-8020.8
-11837.7
-892.634
-1099.55
-1315.61
-1596.52
-1926.45
-2299.91
-2765.87
-3375.89
-4145.2
-5094.83
-6248.86
-7320.59
-9061.17
-8907.57
-14546.8
-892.141
-1150.64
-1454.73
-1791.37
-2133.63
-2503.58
-3006.99
-3693.28
-4528.32
-5586.75
-6694.21
-7971.59
-9367.88
-9588.88
-13784.1
-1292.43
-1570.81
-1806.52
-2037.78
-2265.51
-2606.45
-3183.38
-3966.26
-4868.19
-6019.59
-7001.65
-8539.56
-9473.92
-10281
-13959.9
-943.047
-1317.15
-1795.01
-2069.2
-2323.93
-2900.81
-3764.43
-4757.05
-5769.76
-7023.99
-7813.39
-9721.5
-9573.65
-12052
-13796
-2308.68
-2607.85
-2673.99
-2562.42
-2668.86
-3328.44
-4252.6
-5119.12
-5936.49
-7011.18
-7617.53
-10368.5
-10126.8
-16217.2
-9890.75
-809.979
-1330.96
-2090.33
-1780.28
-2058.81
-3165.43
-4504.17
-5567.11
-6783.85
-8410.59
-9469.65
-12789.4
-9083.06
-8467.69
-7997.23
-4719.46
-5463.24
-5501.14
-2620.4
-5265.03
-9704.19
-11899.4
-11506
-12858
-14600.6
-15720.2
-14880.6
-11145.8
-37391.7
8309.94
-107.581
-1062.52
-2195.49
1973.04
5559.6
2631.18
724.791
348.559
1083.95
1916.55
238.266
2216.87
10185.2
-26418.5
-13800.7
-6679.75
-12164.7
-24715.5
-37337.5
-36461.9
-32621.6
-37663.6
-47283
-55354.5
-63401.8
-73009.9
-96709.6
-109607
-99618.5
-202037
-1201.95
-1633.32
-1981.25
-2346.95
-2963.03
-3616.24
-4875.5
-6234.45
-8169.29
-9900.65
-14056.6
-15281.7
-27018.9
-20669.8
-70863.9
-475.971
-580.758
-683.357
-875.583
-1181.5
-1461.37
-1835.22
-2074.78
-2680.03
-2921.8
-4356.13
-5526.2
-7305
-6847.95
-11466.8
-362.698
-502.502
-635.209
-818.399
-1018.91
-1229.96
-1478.59
-1875.92
-2365.09
-3045.55
-4331.48
-6623.02
-9897.04
-13078.4
-11590.6
-572.173
-769.792
-961.045
-1199.89
-1494.26
-1825.41
-2233.19
-2800.75
-3435.56
-4338.48
-5694.3
-6915.41
-8659.65
-6385.09
-10543.8
-644.056
-836.889
-1025.69
-1268.25
-1578.74
-1924.7
-2340.24
-2874.14
-3494.53
-4326.84
-5560.54
-6727.08
-8691.87
-8971.74
-14165.5
-732.938
-941.643
-1152.56
-1416.72
-1737.86
-2095.55
-2541.38
-3119.62
-3829.26
-4746.12
-5972.64
-6994.48
-8616.82
-7840.52
-11926.8
-890.48
-1096.91
-1313.05
-1592.88
-1919.84
-2291.97
-2757.12
-3363.19
-4121.9
-5048.77
-6169.16
-7184.6
-8869.37
-8767.84
-14488.4
-890.888
-1149.91
-1455.48
-1791.12
-2130.19
-2496.95
-2997.46
-3674.8
-4494.84
-5528.61
-6606.09
-7828.98
-9180.59
-9454.44
-13813.6
-1289.21
-1567.53
-1801.6
-2027.34
-2250.63
-2595
-3168.4
-3942.18
-4830.31
-5957.59
-6905.06
-8391.46
-9274.88
-10161.3
-13979.1
-943.504
-1324.85
-1805.03
-2071.23
-2324.48
-2908.73
-3756.31
-4724.39
-5705.19
-6928.58
-7692.64
-9585.19
-9392.86
-11976
-13755.2
-2295.03
-2591.81
-2592.89
-2449.75
-2583.7
-3184.43
-4013.73
-4826.2
-5638.89
-6795.89
-7535.42
-10311.1
-10012.8
-16254.7
-9769.88
-799.384
-1403.6
-2089.62
-1745.16
-2250.13
-3305.13
-4539
-5702.42
-7057.35
-8817.15
-9864.36
-12820.7
-8879.37
-8531.71
-7859.05
-4692.16
-5285.88
-3509.93
-3461.8
-5762.9
-8315.35
-9843.86
-10558.3
-11901.3
-13203
-13763
-15461.5
-11097.9
-38088.5
8475.24
-53.5546
-2002.57
-1544.09
6017.07
7449.66
4694.75
3705.14
4524.64
5189.3
5565.75
3817.79
3974.04
9720.54
-26938.9
-14461.1
-7576.17
-14332.4
-31515.4
-37215.9
-39007
-43652.2
-51037.6
-57956.9
-65004.3
-72909.7
-81869.9
-93518.5
-107527
-99636
-202683
-1203.46
-1633.65
-1980.26
-2344.87
-2959.31
-3612.93
-4842.79
-6230.23
-8193.07
-10040.3
-14257.8
-15166.1
-27407.8
-20050.4
-69629.9
-474.45
-578.649
-679.951
-873.386
-1180.07
-1469.05
-1842.31
-2046.36
-2613.4
-2799.19
-4359.09
-5420.41
-7377.08
-7053.24
-12931.2
-362.359
-502.863
-636.076
-819.147
-1018.02
-1226.17
-1464.86
-1853.38
-2330.77
-2991.49
-4286.32
-6523.4
-9625.61
-12737.4
-11462.3
-570.362
-767.099
-957.351
-1194.8
-1485.59
-1810.67
-2207.53
-2764.45
-3386.29
-4269.31
-5622.02
-6764.16
-8516.83
-6297.03
-11222.4
-641.685
-833.159
-1020.5
-1259.48
-1564.89
-1904.59
-2311.81
-2834.67
-3438.05
-4250.41
-5464.49
-6583.68
-8464.9
-8795.61
-14034.4
-729.664
-936.45
-1145.68
-1404.86
-1717.98
-2066.83
-2506.21
-3082.4
-3788.2
-4689.42
-5890.71
-6838.39
-8400.31
-7669.59
-12171.2
-885.759
-1090.7
-1306.69
-1583.11
-1903.98
-2273.63
-2738.9
-3341.54
-4088.89
-4991.96
-6074.6
-7026.26
-8626.17
-8614.71
-14537
-887.448
-1146.15
-1452.55
-1783.54
-2115.15
-2477.16
-2977.69
-3650.76
-4460.27
-5471.31
-6513.94
-7671.11
-8936.74
-9305.14
-13950.8
-1282.86
-1558.55
-1790.19
-2007.29
-2223.06
-2572.7
-3147.32
-3916.93
-4795.57
-5900.75
-6808.85
-8230.63
-9014.09
-10032.2
-14138.1
-943.057
-1334.44
-1814.38
-2057.41
-2297.57
-2883.49
-3722.34
-4677.19
-5635.9
-6834.58
-7565.03
-9427.25
-9144.73
-11896.7
-13950.3
-2273.24
-2550.9
-2512.97
-2313.63
-2470.85
-3052.19
-3851.8
-4659.42
-5472.95
-6657.64
-7407.82
-10211.1
-9804.17
-16363.1
-9971.52
-778.585
-1464.42
-2115.13
-1764.15
-2302.7
-3436.69
-4712.21
-5916.05
-7257.42
-8955.94
-9837.39
-12545.8
-8349.65
-8646.7
-8271.36
-4730.82
-5061.02
-2704.32
-3189.41
-5147.35
-6976.23
-8010.16
-8760.54
-9916.82
-11130.5
-11947.9
-15187.1
-10859
-39058.6
7532.52
-40.9162
-2166.9
-301.67
7298.43
8230.99
7183.29
6958.48
7440.45
7709.83
7904.6
6355.86
4676
9828.8
-27690.2
-15137.1
-8126.97
-16034.6
-33452.9
-37508.9
-39573.9
-44027.8
-50964.2
-58087.9
-65479.3
-73526.6
-82713.1
-93550.3
-107516
-100855
-205547
-1204.69
-1633.51
-1978.23
-2341.04
-2952.58
-3608.99
-4819.29
-6221.87
-8195.78
-10109.9
-14497.5
-15214.3
-27701.6
-19660.5
-69376.8
-471.276
-575.123
-675.481
-869.814
-1176.43
-1471.86
-1847.97
-2009.18
-2532.88
-2647.87
-4261.06
-5262.69
-7466.59
-7178.16
-14299.9
-361.417
-503.389
-637.616
-820.18
-1016.34
-1219.52
-1446.31
-1831.67
-2297.77
-2937.56
-4240.48
-6414.42
-9438.45
-12253.7
-10495.9
-569.175
-766.501
-955.63
-1190.53
-1476.6
-1794.93
-2180.78
-2733.38
-3344.7
-4206.65
-5564.37
-6625
-8407.35
-6041.19
-11274.6
-640.602
-831.904
-1018.26
-1253.5
-1553.49
-1888.14
-2289.5
-2805.38
-3393.93
-4183.81
-5388.4
-6451.09
-8301.19
-8461.9
-13432.9
-727.953
-933.265
-1141.48
-1396.68
-1702.38
-2042.46
-2476.13
-3053.47
-3762.84
-4653.33
-5842.51
-6704.14
-8249.8
-7334.19
-11878.9
-883.072
-1088.12
-1304.38
-1578.55
-1895.82
-2267.82
-2739.67
-3344.27
-4085.79
-4966.03
-6021.89
-6894.99
-8463.66
-8291.84
-14079.8
-886.482
-1147.81
-1458.3
-1789.31
-2119.77
-2484.45
-2987.67
-3652.92
-4449.3
-5434.82
-6453.72
-7537.55
-8783.19
-8976.4
-13579.1
-1280.5
-1557.54
-1791.24
-2004.77
-2220.7
-2575.79
-3147.53
-3908.83
-4773.53
-5851.34
-6728.49
-8079.9
-8835.44
-9713.66
-13809.5
-942.102
-1340.15
-1823.33
-2058.02
-2306.85
-2903.55
-3731.83
-4666.71
-5600.47
-6771.42
-7471.74
-9279.44
-8966.08
-11655.5
-13766.9
-2267.04
-2514.94
-2474.76
-2249.56
-2444.73
-3021.93
-3794.13
-4592.52
-5410.06
-6615.31
-7364.18
-10165.1
-9682.08
-16479.4
-9807.94
-756.745
-1485.51
-2099.11
-1847.41
-2531.79
-3765.61
-5071.6
-6299.63
-7610.57
-9207.68
-9854.9
-12212.3
-7798.09
-8614.25
-8452.35
-4923.85
-4849.73
-2883.46
-3604.49
-5980.81
-7893.36
-8543.01
-9026.62
-9897.8
-10918.4
-11653.9
-15230.5
-12498.8
-39843.7
5619.48
-35.7289
-2407.06
-298.927
7451.9
8369.14
7107.69
6930.11
7693
8102.86
8310.46
6936.27
5130.61
8800.16
-29143
-17073.3
-8359.51
-17541.4
-33094.5
-37294.6
-38649.5
-42685.1
-50105.6
-57513
-65089.8
-73275.5
-82691
-93699.1
-106728
-101862
-209412
-1207.15
-1636.05
-1976.68
-2336.68
-2941.8
-3602.48
-4791.15
-6226.01
-8236.26
-10224.9
-14774.3
-15523.5
-27926.9
-19416.1
-69269.9
-468.451
-573.108
-672.071
-868.449
-1173.7
-1481.25
-1851.17
-1983.37
-2481.53
-2529.88
-4148.87
-5147.13
-7576.66
-7137.83
-13826.2
-359.954
-502.883
-637.498
-820.264
-1014.14
-1215.21
-1426.18
-1791.72
-2242.65
-2851.65
-4154.75
-6293.14
-9374.6
-11892.3
-10534.1
-565.887
-761.998
-948.152
-1179.91
-1460.32
-1769.86
-2139.41
-2660.7
-3248.27
-4077.72
-5428.21
-6433.63
-8241.71
-5893.31
-11335.5
-634.926
-824.247
-1006.77
-1234.63
-1525.12
-1848.84
-2236.49
-2727.27
-3288.19
-4045.96
-5238.45
-6239.31
-8079.54
-8235.88
-12960.3
-720.188
-922.161
-1126.51
-1370.99
-1662.54
-1986.07
-2405.16
-2976.52
-3687.51
-4568.14
-5734.2
-6480.38
-7997.02
-7098.08
-11433.2
-874.507
-1078.31
-1296.15
-1562.64
-1866.06
-2228.66
-2700.56
-3304.15
-4035.3
-4888.32
-5899.91
-6655.42
-8168.7
-8024.5
-13478.7
-880.984
-1143.49
-1458.14
-1778.49
-2090.33
-2452.98
-2962.82
-3627.89
-4415.24
-5375.31
-6347.56
-7300.53
-8470.35
-8669.41
-13005.9
-1270.41
-1547.88
-1782.43
-1978.1
-2188.33
-2554.2
-3133.34
-3893.84
-4750.15
-5803.42
-6630.22
-7858.29
-8496.55
-9339.54
-13340
-944.863
-1356.97
-1832.18
-2027.38
-2283.57
-2886.42
-3701.4
-4620.56
-5541.15
-6694.9
-7348.71
-9079.06
-8643.42
-11284.9
-13639.6
-2229.42
-2482.38
-2435.8
-2171.08
-2368.85
-2933.99
-3678.98
-4467.11
-5296.62
-6528.85
-7257.24
-10111.6
-9461.88
-16637.5
-9821.46
-727.93
-1470.58
-2057.74
-1813.32
-2468.95
-3671.3
-4970.06
-6214.3
-7527.76
-9081.91
-9515.36
-11646.3
-6384.77
-8488.83
-8872.37
-5048.47
-4602.58
-2660.24
-3276.42
-5825.81
-7538.7
-8002.54
-8490.22
-9340.79
-10352.1
-11084.7
-15142.4
-13710.6
-41161
8223.74
284.78
-2250.93
193.074
7658.12
8539.86
7331.64
7504.31
8398.89
8740.26
8895.96
7680.42
5881.75
7006.04
-30342.5
-18236.1
-9230.82
-20075.3
-35426
-39505
-40354.9
-44936.5
-52509.6
-59262.2
-66504
-74756.5
-84843.3
-95732.4
-101971
-105630
-215463
-1209.33
-1635.02
-1971.53
-2330.85
-2934.21
-3604.51
-4793.08
-6209.91
-8221.49
-10262.4
-14930.6
-15640.7
-28241.7
-19313.7
-70650.6
-466.158
-571.778
-669.685
-867.089
-1170.95
-1482.25
-1856.62
-1951.16
-2414.8
-2390.14
-4044.55
-4950.31
-7613.91
-6870.25
-15757.6
-359.501
-503.332
-638.592
-820.81
-1012.72
-1210.21
-1410.45
-1795.59
-2233.99
-2818.7
-4122.16
-6197.45
-9339.17
-10969.6
-8130.76
-566.024
-763.51
-947.502
-1176.51
-1452.74
-1759.08
-2119.18
-2647.34
-3224.18
-4023.92
-5381.89
-6309.99
-8166.67
-5270.77
-10329.9
-634.337
-823.974
-1003.57
-1228.32
-1514.01
-1834.52
-2221.2
-2711.04
-3260.53
-3995.72
-5198.58
-6100.71
-7959.87
-7460.93
-11477.6
-720.022
-921.15
-1120.96
-1362.09
-1649.81
-1967.99
-2386.82
-2973.24
-3707.59
-4588.01
-5764.96
-6362.61
-7876.86
-6171.26
-9938.47
-876.093
-1086.23
-1303.9
-1566.53
-1872.97
-2258.35
-2765.92
-3385.58
-4111.61
-4940.23
-5959.34
-6574.49
-8064.48
-7028.73
-11655.4
-882.883
-1155
-1479.73
-1805
-2131.12
-2522.08
-3042.3
-3703.32
-4486.24
-5425.14
-6409.65
-7246.95
-8425.71
-7619.27
-10974.4
-1269.29
-1559.12
-1801.69
-1994.85
-2228.21
-2610.24
-3185.96
-3934.15
-4778.73
-5809.58
-6640.93
-7768.61
-8460.21
-8285.53
-11022.6
-945.453
-1375.73
-1846.86
-2043.25
-2332.85
-2934.06
-3734.68
-4643.53
-5557.86
-6698.95
-7348.74
-8998.61
-8613.99
-10486.5
-11461
-2154.36
-2485.03
-2457.78
-2182.18
-2377.89
-2938.68
-3683.33
-4470.74
-5303.63
-6536.46
-7257.19
-10106.2
-8956.64
-15989.5
-7797.42
-658.81
-1509.84
-1871.03
-1842.7
-2591.35
-3812.3
-5116.47
-6337.96
-7599.45
-9069.38
-9339.15
-11067.4
-3670.44
-8396.39
-5689.73
-5164.74
-5209.16
-4259.32
-3351.31
-6931.34
-8981.14
-8664.71
-8812.87
-9491.19
-10444
-11399.4
-15998.8
-22378.6
-41809.9
13368.8
218.195
-2239.28
-665.833
6397.34
7949.28
5811.71
6276.04
8053.78
8838.8
9170.73
8160.25
6772.84
3088.42
-32424.7
-16575.2
-10117.3
-21533.5
-33305.3
-39266.1
-37384.8
-40154.3
-50470.7
-58398.2
-66057
-74592.1
-85103.5
-96369.9
-93925.3
-110995
-223315
-1210.31
-1637.25
-1968.97
-2325.45
-2920.96
-3605.68
-4723.06
-6185.02
-8278.3
-10454.7
-15102.6
-16076.4
-28801.8
-19380.3
-69817
-464.76
-572.484
-668.635
-867.688
-1166.86
-1503.22
-1862.96
-1947.03
-2409.72
-2341.72
-3984.94
-4689.38
-7701.12
-5226.48
-15335
-356.271
-499.955
-637.109
-820.369
-1010.52
-1206.5
-1392.14
-1697.37
-2114.59
-2638.87
-3970.17
-5793.78
-9219.93
-9407.26
-9502.73
-559.57
-756.864
-935.136
-1160.19
-1430.46
-1725.04
-2063.47
-2519.15
-3074.41
-3826.12
-5166.39
-5877.25
-7716.4
-2494.33
-11413.1
-620.261
-809.133
-981.05
-1194.43
-1468.12
-1770.71
-2135.42
-2553.75
-3033.54
-3675.38
-4843.55
-5575.04
-7409.11
-4674.55
-11393.3
-700.975
-896.841
-1090.19
-1316.65
-1582.42
-1857.2
-2217.74
-2751
-3477.4
-4360.05
-5517.82
-5840.74
-7195.11
-2754.48
-9513.92
-859.331
-1065.26
-1274.17
-1520.11
-1792.31
-2132.16
-2628.56
-3267.44
-3993.61
-4792.03
-5740.87
-6056.83
-7312.84
-3606.59
-10855.6
-870.1
-1139.11
-1461.37
-1761.6
-2046.52
-2460.05
-3001.93
-3663.15
-4446.11
-5366.26
-6262.82
-6766.69
-7611.25
-4063.12
-9983.53
-1258.52
-1560.86
-1804.3
-1949.24
-2180.7
-2596.38
-3207.41
-3978.93
-4829.63
-5844.36
-6598.09
-7427.65
-7654.01
-4760.24
-9959.54
-956.047
-1426.87
-1869.14
-1974.17
-2325.49
-2966.34
-3769.21
-4675.85
-5596.1
-6740.2
-7322.25
-8773.38
-7918.74
-7654.21
-10880.1
-2180.38
-2467.61
-2390.49
-2120.93
-2317.54
-2883.2
-3614.77
-4410.74
-5274.25
-6541.81
-7193.06
-10001
-8478.32
-13141.3
-8197.38
-737.068
-1973.33
-2061.17
-1963.2
-2658.49
-3876.73
-5163.24
-6401.55
-7707.39
-9199.99
-9354.22
-11411.7
-3765.41
-7664.07
-4952.2
-4778.97
-4439.11
-2572.84
-3215.43
-6028.35
-7519.38
-7774.44
-8252.25
-9120.24
-10091.3
-10776.1
-13820
-7023.88
-42683.6
16610.4
-457.345
-2518.31
1597.44
9010.76
8836.41
7549.31
8267.33
9246.45
9380.51
9545.48
8523.49
8503.09
7614.07
-30097.6
-11619.2
-15125.2
-28346.3
-41734.9
-41544.2
-43939.9
-49174.5
-55615.4
-61093.8
-67824.8
-76516.1
-89503.1
-104506
-130548
-110652
-231118
)
;

boundaryField
{
    outletsourceFace
    {
        type            zeroGradient;
    }
    outletdestinationFace
    {
        type            zeroGradient;
    }
    outletFace
    {
        type            zeroGradient;
    }
    outletWall
    {
        type            fixedValue;
        value           uniform 0;
    }
    inletFace
    {
        type            zeroGradient;
    }
    inletWall
    {
        type            fixedValue;
        value           uniform 5;
    }
    inletsourceFace
    {
        type            zeroGradient;
    }
    inletdestinationFace
    {
        type            zeroGradient;
    }
}


// ************************************************************************* //
