/*--------------------------------*- C++ -*----------------------------------*\
| =========                 |                                                 |
| \\      /  F ield         | OpenFOAM: The Open Source CFD Toolbox           |
|  \\    /   O peration     | Version:  4.1                                   |
|   \\  /    A nd           | Web:      www.OpenFOAM.org                      |
|    \\/     M anipulation  |                                                 |
\*---------------------------------------------------------------------------*/
FoamFile
{
    version     2.0;
    format      ascii;
    class       volScalarField;
    location    "8";
    object      p;
}
// * * * * * * * * * * * * * * * * * * * * * * * * * * * * * * * * * * * * * //

dimensions      [0 2 -2 0 0 0 0];

internalField   nonuniform List<scalar> 
6750
(
-627.999
-185.361
-727.249
-737.691
-691.474
-565.728
-406.293
-274.616
-191.898
-125.815
-108.42
-84.4535
-132.675
-75.5488
-183.346
-625.714
-186.234
-729.763
-737.98
-692.611
-567.448
-407.951
-276.131
-192.956
-127.858
-107.52
-83.656
-126.697
-75.2109
-182.23
-624.348
-187.039
-730.909
-737.857
-692.957
-567.944
-408.529
-276.844
-193.71
-129.485
-107.21
-85.0356
-120.94
-72.6121
-181.598
-622.378
-188.385
-732.801
-738.12
-693.906
-569.297
-409.93
-278.215
-194.807
-131.214
-107.396
-86.6678
-114.232
-71.3514
-178.756
-620.744
-189.529
-733.872
-738.077
-694.315
-569.878
-410.618
-279.061
-195.681
-132.687
-107.829
-87.9679
-106.967
-69.4154
-176.119
-619.029
-190.732
-735
-738.154
-694.893
-570.693
-411.547
-280.047
-196.684
-134.167
-109.112
-87.1583
-99.5942
-67.3577
-173.256
-617.603
-191.594
-735.58
-738.025
-695.005
-570.898
-411.881
-280.508
-197.249
-135.184
-109.543
-85.4458
-94.4111
-64.9618
-171.702
-617.011
-191.943
-735.777
-738.022
-695.144
-571.109
-412.156
-280.811
-197.574
-135.599
-110.01
-84.9903
-93.313
-63.6106
-171.515
-617.623
-191.515
-735.52
-738.011
-694.973
-570.878
-411.926
-280.63
-197.438
-135.423
-109.954
-85.6536
-94.1242
-64.9206
-171.932
-619.038
-190.616
-734.904
-738.12
-694.823
-570.662
-411.646
-280.294
-197.063
-134.628
-109.84
-87.5683
-99.2486
-67.3687
-173.768
-620.749
-189.386
-733.739
-738.019
-694.199
-569.825
-410.759
-279.418
-196.23
-133.342
-108.903
-88.6732
-106.567
-69.511
-176.897
-622.375
-188.231
-732.643
-738.04
-693.752
-569.236
-410.117
-278.679
-195.508
-132.02
-108.537
-87.5987
-114.788
-71.6283
-179.812
-624.339
-186.886
-730.728
-737.753
-692.757
-567.857
-408.743
-277.397
-194.552
-130.448
-108.499
-86.1259
-121.921
-73.0632
-182.869
-625.701
-186.085
-729.567
-737.861
-692.385
-567.356
-408.198
-276.754
-193.894
-128.937
-108.934
-84.9223
-127.973
-75.8127
-183.654
-627.982
-185.231
-727.036
-737.551
-691.202
-565.601
-406.55
-275.304
-192.951
-127.028
-109.964
-85.9002
-134.137
-76.3476
-184.89
-809.327
-194.514
-448.172
-550.112
-488.253
-407.942
-327.466
-258.355
-220.383
-175.68
-155.147
-116.673
-171.23
-68.3742
-279.454
-807.43
-191.314
-452.207
-553.136
-491.315
-410.603
-329.04
-259.246
-219.794
-175.535
-153.743
-115.644
-164.393
-68.2065
-280.005
-806.354
-190.251
-454.725
-554.214
-492.333
-411.513
-329.539
-259.616
-219.749
-176.219
-154.272
-115.983
-161.381
-66.9225
-278.321
-804.711
-188.477
-457.8
-556.35
-494.613
-413.556
-330.833
-260.441
-219.75
-176.39
-154.74
-115.977
-158.129
-65.1657
-276.375
-803.346
-187.608
-460.287
-557.708
-495.939
-414.691
-331.505
-260.921
-220.007
-176.901
-155.812
-115.988
-156.102
-63.3792
-273.987
-801.822
-186.86
-462.598
-559.111
-497.467
-416.035
-332.428
-261.601
-220.439
-177.39
-157.228
-116.356
-154.453
-61.3326
-271.101
-800.296
-186.892
-464.232
-559.966
-498.4
-416.802
-332.94
-262.015
-220.752
-177.74
-158.721
-115.882
-151.595
-59.9428
-268.583
-799.457
-187.206
-464.751
-560.234
-498.749
-417.12
-333.22
-262.288
-221.007
-177.996
-159.482
-115.903
-150.775
-59.6317
-267.869
-800.181
-187.076
-464.046
-559.824
-498.252
-416.715
-332.978
-262.164
-221.024
-178.108
-159.204
-116.309
-151.626
-59.9081
-268.954
-801.684
-187.061
-462.287
-558.864
-497.221
-415.9
-332.515
-261.897
-220.967
-178.098
-158.014
-117.176
-154.84
-61.5299
-271.826
-803.172
-187.802
-459.873
-557.354
-495.581
-414.489
-331.618
-261.342
-220.765
-177.884
-156.782
-117.003
-157.001
-63.7804
-275.04
-804.503
-188.648
-457.305
-555.91
-494.17
-413.314
-330.981
-260.98
-220.729
-177.64
-156.026
-117.202
-159.2
-65.7761
-277.711
-806.112
-190.395
-454.154
-553.684
-491.789
-411.202
-329.687
-260.242
-220.934
-177.702
-155.865
-117.557
-162.616
-67.6836
-279.919
-807.166
-191.435
-451.587
-552.552
-490.716
-410.266
-329.212
-259.954
-221.149
-177.179
-155.563
-117.45
-165.767
-69.0452
-281.82
-809.046
-194.613
-447.491
-549.446
-487.554
-407.526
-327.617
-259.123
-221.914
-177.485
-157.137
-118.667
-172.679
-69.3044
-281.601
-819.543
-249.555
-220.821
-360.745
-331.684
-293.744
-272.769
-246.963
-238.657
-211.32
-204.59
-158.34
-227.889
-72.0812
-454.362
-819.185
-247.7
-221.497
-361.63
-332.779
-294.976
-273.507
-247.268
-237.028
-208.197
-201.005
-156.878
-218.536
-65.6495
-460.055
-819.046
-246.966
-222.302
-362.13
-333.296
-295.439
-273.631
-247.147
-236.279
-206.742
-200.047
-155.636
-216
-64.9498
-456.747
-818.851
-245.53
-222.919
-362.781
-334.139
-296.355
-274.138
-247.293
-235.05
-204.407
-198.35
-153.299
-214.662
-62.8714
-452.736
-818.764
-244.622
-223.67
-363.376
-334.771
-296.939
-274.333
-247.235
-234.388
-203.137
-197.59
-151.211
-214.326
-61.5845
-448.972
-818.711
-243.613
-224.244
-363.875
-335.355
-297.538
-274.726
-247.433
-234.088
-202.038
-197.05
-148.869
-215.263
-60.3743
-443.31
-818.703
-242.973
-224.805
-364.335
-335.812
-297.941
-274.974
-247.617
-233.914
-201.567
-197.309
-147.331
-214.277
-61.1955
-439.522
-818.68
-242.775
-224.957
-364.431
-335.909
-298.048
-275.13
-247.796
-234.019
-201.66
-197.654
-147.107
-213.648
-61.6053
-439.251
-818.644
-243.126
-224.699
-364.199
-335.673
-297.845
-274.987
-247.738
-234.227
-202.021
-197.977
-147.501
-214.722
-61.2859
-439.966
-818.591
-243.812
-224.062
-363.652
-335.133
-297.392
-274.768
-247.687
-234.687
-202.907
-198.156
-149.258
-215.982
-60.8547
-444.232
-818.559
-244.805
-223.431
-363.066
-334.451
-296.731
-274.389
-247.617
-235.234
-204.346
-198.956
-151.955
-215.189
-62.1944
-450.319
-818.528
-245.677
-222.639
-362.398
-333.743
-296.107
-274.217
-247.795
-236.139
-205.954
-199.95
-154.376
-215.474
-63.5661
-454.546
-818.62
-247.061
-221.978
-361.669
-332.806
-295.123
-273.69
-247.741
-237.579
-208.584
-201.857
-157.077
-216.807
-65.5895
-458.918
-818.704
-247.748
-221.152
-361.125
-332.24
-294.631
-273.58
-247.956
-238.483
-210.233
-202.943
-158.49
-219.264
-66.4602
-462.288
-819.028
-249.537
-220.431
-360.168
-331.044
-293.303
-272.789
-247.699
-240.301
-213.461
-206.655
-160.035
-228.72
-73.1124
-456.748
-841.595
-286.573
-180.571
-316.894
-291.544
-263.975
-261.585
-251.606
-262.494
-246.502
-253.5
-192.299
-246.842
-36.0786
-715.251
-841.437
-285.775
-180.366
-317.117
-292.327
-265.223
-262.845
-252.547
-259.291
-242.727
-249.587
-191.063
-241.731
-21.1201
-719.918
-841.365
-285.417
-180.546
-317.429
-292.784
-265.6
-263.072
-252.321
-258.336
-242.116
-249.259
-191.098
-237.019
-15.6631
-720.998
-841.207
-284.81
-180.525
-317.68
-293.417
-266.405
-263.794
-252.679
-256.313
-239.384
-246.364
-188.547
-237.913
-17.6903
-712.9
-841.103
-284.426
-180.664
-317.99
-293.922
-266.87
-264.015
-252.596
-255.021
-238.421
-245.177
-187.176
-239.646
-22.182
-705.888
-841.001
-284.024
-180.672
-318.159
-294.333
-267.341
-264.432
-252.843
-254.414
-237.879
-244.086
-186.08
-243.193
-27.3321
-694.63
-840.95
-283.793
-180.706
-318.285
-294.618
-267.619
-264.667
-252.96
-253.879
-237.36
-243.895
-187.408
-242.847
-25.9661
-694.725
-840.877
-283.734
-180.687
-318.26
-294.676
-267.692
-264.822
-253.076
-253.911
-237.399
-243.876
-188.238
-241.789
-22.0331
-697.609
-840.765
-283.892
-180.675
-318.166
-294.514
-267.535
-264.641
-253.063
-254.23
-237.875
-244.549
-187.795
-243.27
-25.9245
-694.936
-840.708
-284.095
-180.586
-317.94
-294.126
-267.186
-264.397
-253.055
-255.078
-238.866
-245.201
-186.946
-243.275
-26.3614
-696.476
-840.742
-284.405
-180.527
-317.679
-293.607
-266.645
-263.965
-252.925
-255.973
-239.787
-246.538
-188.383
-239.877
-20.6649
-708.175
-840.76
-284.72
-180.352
-317.291
-293.009
-266.126
-263.741
-253.122
-257.588
-241.12
-247.955
-190.069
-238.206
-15.8314
-715.492
-840.849
-285.254
-180.325
-316.955
-292.265
-265.242
-262.969
-252.86
-259.881
-244.21
-251.052
-192.89
-237.426
-13.6998
-723.423
-840.869
-285.563
-180.121
-316.591
-291.739
-264.827
-262.745
-253.201
-261.111
-245.085
-251.411
-193.132
-241.82
-18.8527
-722.782
-840.99
-286.291
-180.271
-316.283
-290.822
-263.452
-261.386
-252.309
-264.856
-249.374
-255.489
-194.677
-246.694
-33.4652
-718.899
-863.709
-295.832
-159.927
-282.14
-259.152
-237.478
-243.325
-257.738
-310.223
-313.743
-309.128
-244.265
-255.97
91.0041
-1053.33
-863.67
-295.584
-160.032
-282.708
-260.36
-239.241
-245.654
-257.338
-301.033
-308.539
-309.158
-244.773
-257.412
98.09
-1050.05
-863.697
-295.477
-160.229
-283.136
-260.992
-239.721
-246.22
-255.146
-295.956
-306.726
-310.71
-245.56
-255.113
101.383
-1050.2
-863.656
-295.289
-160.383
-283.637
-261.911
-240.766
-247.559
-254.647
-291.136
-303.073
-310.335
-244.85
-256.895
98.8316
-1044.18
-863.647
-295.177
-160.566
-284.078
-262.595
-241.365
-248.131
-253.641
-287.186
-301.187
-311.111
-245.092
-258.186
93.57
-1041.34
-863.607
-295.035
-160.671
-284.413
-263.18
-241.966
-248.839
-253.311
-284.733
-300.657
-311.893
-246.001
-261.301
86.4173
-1033.46
-863.594
-294.937
-160.739
-284.636
-263.552
-242.335
-249.355
-253.009
-282.792
-300.617
-313.161
-248.163
-262.324
86.5774
-1032.23
-863.582
-294.849
-160.722
-284.673
-263.623
-242.425
-249.575
-252.941
-282.558
-301.3
-313.468
-248.383
-262.225
89.4547
-1031.78
-863.582
-294.819
-160.651
-284.54
-263.38
-242.209
-249.245
-253.143
-283.237
-301.009
-313.346
-248.48
-262.729
86.2556
-1031.47
-863.551
-294.812
-160.5
-284.218
-262.859
-241.737
-248.657
-253.559
-285.603
-301.505
-312.053
-246.521
-261.694
86.6444
-1033.11
-863.521
-294.858
-160.326
-283.78
-262.134
-241.03
-247.88
-254.035
-288.491
-302.491
-311.2
-245.748
-258.783
94.0806
-1040.65
-863.454
-294.888
-160.096
-283.247
-261.335
-240.343
-247.242
-255.17
-292.919
-304.834
-310.357
-245.651
-257.513
99.3746
-1043.76
-863.414
-295.002
-159.894
-282.641
-260.29
-239.184
-245.799
-255.783
-298.08
-308.824
-310.836
-246.516
-255.865
101.805
-1049.41
-863.302
-295.083
-159.684
-282.14
-259.585
-238.642
-245.214
-258.241
-303.603
-310.844
-309.289
-245.883
-258.033
99.0184
-1049.51
-863.258
-295.277
-159.537
-281.475
-258.233
-236.707
-242.728
-258.57
-313.283
-316.248
-309.482
-245.709
-256.662
92.4696
-1052.89
-892.011
-297.438
-150.616
-267.201
-239.744
-217.078
-221.73
-265.77
-335.658
-354.074
-342.929
-307.897
-304.186
127.739
-1387.29
-892.135
-297.482
-150.836
-267.956
-241.395
-219.506
-226.189
-261.358
-330.781
-352.507
-343.951
-307.422
-303.76
130.245
-1385.22
-892.262
-297.525
-151.033
-268.522
-242.38
-220.436
-227.584
-255.476
-323.343
-350.909
-344.875
-308.671
-301.423
127.2
-1385.4
-892.347
-297.598
-151.27
-269.203
-243.666
-221.915
-229.923
-253.347
-318.798
-348.646
-345.146
-308.333
-302
128.316
-1381.67
-892.409
-297.684
-151.485
-269.763
-244.668
-222.893
-231.301
-251.167
-314.276
-346.774
-346.34
-308.506
-302.717
127.17
-1380.63
-892.435
-297.733
-151.651
-270.208
-245.505
-223.791
-232.558
-249.886
-311.136
-345.39
-347.012
-309.739
-304.116
123.783
-1375.77
-892.442
-297.743
-151.758
-270.484
-246.035
-224.392
-233.55
-248.921
-308.535
-344.587
-347.522
-312.312
-304.07
119.252
-1374.16
-892.426
-297.679
-151.766
-270.547
-246.144
-224.542
-233.892
-248.555
-307.83
-344.265
-346.92
-313.449
-303.584
115.935
-1371.24
-892.397
-297.564
-151.679
-270.387
-245.811
-224.219
-233.359
-249.13
-308.716
-344.498
-347.225
-312.605
-304.21
116.281
-1371.32
-892.327
-297.398
-151.506
-270.003
-245.095
-223.466
-232.192
-250.186
-311.504
-345.409
-346.522
-310.161
-303.983
120.133
-1373.24
-892.219
-297.222
-151.275
-269.44
-244.085
-222.412
-230.786
-251.585
-314.881
-346.929
-345.646
-309.079
-302.317
123.644
-1377.56
-892.065
-297.038
-151.008
-268.772
-242.935
-221.281
-229.237
-253.8
-319.652
-348.957
-344.325
-309.041
-301.366
124.832
-1378.77
-891.883
-296.884
-150.712
-267.972
-241.497
-219.631
-226.727
-255.987
-324.313
-351.288
-344.171
-309.55
-300.707
123.655
-1381.81
-891.652
-296.813
-150.494
-267.327
-240.41
-218.584
-225.223
-262.228
-331.805
-352.841
-343.25
-308.425
-302.856
126.854
-1381.73
-891.434
-296.707
-150.221
-266.47
-238.599
-215.919
-220.499
-266.006
-335.976
-354.154
-342.348
-309.147
-303.222
124.587
-1383.62
-919.582
-293.843
-145.565
-255.222
-219.331
-192.409
-186.877
-218.246
-291.503
-335.235
-337.646
-353.886
-349.311
78.892
-1791.73
-919.795
-294.046
-145.89
-256.179
-221.406
-195.77
-194.129
-224.391
-289.225
-335.291
-340.186
-354.698
-349.255
82.0402
-1784.92
-919.998
-294.188
-146.135
-256.936
-222.817
-197.787
-197.49
-223.288
-285.607
-332.109
-340.245
-355.683
-349.276
76.748
-1784.32
-920.165
-294.418
-146.459
-257.842
-224.493
-200.053
-201.012
-222.762
-282.772
-331.195
-341.378
-357.052
-349.57
78.295
-1777.56
-920.283
-294.636
-146.73
-258.582
-225.844
-201.704
-203.49
-221.609
-279.076
-329.356
-341.479
-357.176
-348.545
75.6675
-1778.36
-920.354
-294.811
-146.951
-259.184
-226.965
-203.116
-205.559
-220.665
-276.312
-327.161
-341.333
-358.783
-349.468
73.6842
-1769.38
-920.379
-294.903
-147.088
-259.553
-227.69
-204.118
-207.26
-219.549
-273.121
-324.369
-340.574
-359.598
-348.992
66.5669
-1768.1
-920.368
-294.865
-147.111
-259.648
-227.867
-204.395
-207.838
-219.08
-271.625
-322.92
-339.363
-360.496
-350.021
59.8541
-1759.55
-920.325
-294.706
-147.012
-259.446
-227.448
-203.92
-207.098
-219.896
-273.327
-324.27
-340.278
-360.084
-351.08
59.4266
-1759.57
-920.226
-294.447
-146.809
-258.955
-226.52
-202.728
-205.17
-221.034
-276.626
-326.963
-340.69
-359.028
-349.812
67.3536
-1766.39
-920.063
-294.134
-146.521
-258.222
-225.211
-201.116
-202.918
-221.909
-279.441
-328.986
-340.647
-358.281
-349.01
70.92
-1771.12
-919.846
-293.808
-146.198
-257.363
-223.692
-199.254
-200.189
-222.841
-283.09
-330.755
-340.213
-357.898
-348.823
73.4908
-1772.07
-919.574
-293.484
-145.812
-256.327
-221.848
-196.769
-196.425
-222.984
-285.583
-331.524
-339.035
-356.896
-348.181
72.8525
-1777.34
-919.259
-293.307
-145.547
-255.484
-220.319
-194.597
-192.791
-223.592
-289.072
-334.742
-338.895
-355.849
-347.794
78.001
-1778.28
-918.943
-293.031
-145.169
-254.424
-218.086
-191.043
-185.218
-217.163
-290.765
-333.72
-336.277
-355.137
-347.665
75.376
-1784.22
-961.873
-292.415
-145.904
-254.293
-209.99
-178.736
-162.691
-174.377
-228.924
-282.604
-327.285
-390.06
-457.9
29.0964
-2213.87
-962.116
-292.698
-146.274
-255.343
-212.044
-182.306
-168.606
-180.095
-234.471
-284.743
-328.462
-390.161
-448.636
33.1849
-2212.41
-962.346
-292.896
-146.544
-256.192
-213.573
-184.817
-172.787
-180.89
-234.468
-282.187
-327.192
-389.978
-443.177
34.0268
-2217.33
-962.548
-293.205
-146.915
-257.223
-215.428
-187.564
-177.156
-182.131
-234.133
-281.879
-327.216
-390.817
-440.081
35.1355
-2207.05
-962.69
-293.489
-147.223
-258.077
-216.993
-189.67
-180.675
-182.7
-231.97
-279.579
-325.649
-390.269
-435.749
30.5809
-2208.58
-962.782
-293.724
-147.485
-258.788
-218.354
-191.509
-183.979
-182.977
-230.215
-277.363
-325.2
-392.738
-434.8
29.4317
-2199.26
-962.816
-293.854
-147.649
-259.236
-219.286
-192.882
-186.78
-181.492
-227.528
-273.883
-323.309
-391.233
-431.796
23.509
-2203.58
-962.806
-293.826
-147.687
-259.361
-219.545
-193.278
-187.476
-179.953
-226.398
-272.073
-323.072
-393.174
-438.098
14.679
-2181.77
-962.759
-293.641
-147.58
-259.132
-219.055
-192.685
-186.69
-181.764
-227.911
-273.931
-323.473
-391.637
-437.856
11.5925
-2186.57
-962.645
-293.332
-147.354
-258.564
-217.921
-191.112
-183.583
-183.262
-230.658
-277.448
-325.16
-392.637
-436.827
24.187
-2195.48
-962.456
-292.946
-147.028
-257.724
-216.378
-189.073
-180.071
-182.886
-232.293
-279.607
-325.741
-391.538
-435.784
28.0631
-2200.32
-962.21
-292.545
-146.67
-256.752
-214.651
-186.749
-176.259
-182.147
-234.275
-281.953
-327.049
-392.16
-438.212
31.8791
-2199.5
-961.9
-292.134
-146.235
-255.592
-212.642
-183.793
-171.727
-180.643
-234.11
-282.238
-327.023
-392.042
-441.845
30.8406
-2203.74
-961.553
-291.897
-145.949
-254.661
-211.019
-181.149
-167.541
-179.662
-233.687
-284.746
-328.119
-392.003
-446.403
30.8246
-2199.82
-961.2
-291.533
-145.526
-253.513
-208.831
-177.404
-161.56
-173.717
-228.051
-282.351
-326.913
-392.199
-455.384
29.0338
-2199.41
-1015.67
-293.478
-149.808
-261.545
-210.568
-176.982
-161.585
-155.557
-208.043
-268.166
-351.58
-386.39
-526.301
109.429
-2813.57
-1015.9
-293.777
-150.17
-262.518
-212.357
-179.984
-165.687
-160.15
-209.89
-269.44
-353.905
-393.984
-545.995
87.7062
-2784.04
-1016.12
-293.989
-150.431
-263.307
-213.695
-182.167
-168.41
-161.754
-208.348
-267.519
-353.453
-395.674
-540.048
71.6345
-2794.21
-1016.32
-294.311
-150.797
-264.298
-215.387
-184.747
-171.542
-164.146
-207.728
-267.575
-355.709
-404.644
-552.776
64.2268
-2756.23
-1016.46
-294.603
-151.101
-265.133
-216.836
-186.815
-174.207
-165.86
-206.113
-265.482
-354.241
-404.958
-533.187
58.8096
-2785.11
-1016.55
-294.847
-151.364
-265.853
-218.149
-188.821
-177.037
-167.73
-205.037
-264.31
-356.009
-413.216
-554.538
42.9617
-2738.36
-1016.59
-294.98
-151.53
-266.323
-219.081
-190.491
-179.659
-168.012
-202.762
-261.445
-354.714
-411.469
-543.442
28.2197
-2747.75
-1016.58
-294.951
-151.575
-266.466
-219.369
-191.081
-180.764
-167.375
-201.317
-260.392
-356.886
-414.777
-557.366
11.241
-2709.28
-1016.53
-294.755
-151.473
-266.235
-218.897
-190.359
-179.742
-168.233
-203.128
-261.61
-356.264
-411.404
-565.702
7.66505
-2706.34
-1016.41
-294.432
-151.253
-265.66
-217.795
-188.532
-176.876
-167.931
-205.516
-264.639
-357.11
-410.587
-552.358
38.994
-2750.32
-1016.21
-294.027
-150.93
-264.825
-216.329
-186.381
-173.951
-166.004
-206.719
-266.391
-356.352
-409.179
-544.296
53.8028
-2756.36
-1015.96
-293.61
-150.584
-263.887
-214.743
-184.134
-171.076
-164.165
-208.4
-268.625
-356.519
-406.784
-553.283
60.0196
-2744.5
-1015.65
-293.174
-150.156
-262.776
-212.916
-181.391
-167.856
-161.693
-209.054
-268.964
-354.814
-400.583
-540.684
73.2628
-2775.3
-1015.31
-292.924
-149.887
-261.919
-211.505
-179.127
-165.12
-160.092
-210.522
-270.878
-354.677
-398.003
-543.649
88.6623
-2765.92
-1014.95
-292.535
-149.473
-260.859
-209.606
-176.059
-160.965
-155.438
-208.623
-269.698
-352.465
-390.837
-524.041
112.592
-2789.6
-1084.59
-302.449
-159.549
-281.068
-227.55
-195.557
-188.757
-175.207
-243.232
-297.109
-441.784
-400.125
-748.149
46.9448
-3439.74
-1084.78
-302.721
-159.861
-281.855
-228.896
-197.606
-191.085
-177.47
-242.739
-296.766
-442.53
-412.463
-717.31
74.922
-3459.82
-1084.97
-302.916
-160.083
-282.498
-229.905
-199.225
-192.693
-178.314
-240.646
-294.719
-439.441
-410.371
-691.087
94.4559
-3514.92
-1085.14
-303.208
-160.401
-283.334
-231.253
-201.264
-194.749
-179.959
-239.386
-294.667
-443.325
-421.158
-719.956
108.464
-3474.69
-1085.26
-303.468
-160.664
-284.049
-232.428
-202.989
-196.597
-181.151
-237.204
-292.366
-438.784
-416.519
-694.305
71.6455
-3467.37
-1085.34
-303.684
-160.898
-284.686
-233.546
-204.822
-199.009
-183.012
-235.829
-292.056
-442.161
-431.652
-706.041
60.5275
-3362.24
-1085.37
-303.795
-161.047
-285.108
-234.359
-206.385
-201.556
-183.711
-232.987
-289.359
-438.002
-421.397
-673.679
43.4878
-3433.46
-1085.36
-303.757
-161.091
-285.244
-234.633
-206.995
-202.96
-183.73
-231.984
-289.283
-445.04
-428.31
-748.555
12.3172
-3310.01
-1085.3
-303.569
-161.004
-285.044
-234.227
-206.345
-201.699
-184.042
-233.493
-289.236
-442.216
-419.03
-710.606
15.2317
-3358.74
-1085.19
-303.265
-160.814
-284.539
-233.282
-204.69
-198.984
-183.377
-236.466
-292.362
-444.43
-428.176
-718.193
54.0138
-3390.7
-1085.01
-302.884
-160.531
-283.806
-232.045
-202.777
-196.573
-181.607
-238.062
-293.331
-441.858
-417.459
-701.215
82.3523
-3445.8
-1084.77
-302.497
-160.234
-283.005
-230.759
-200.923
-194.555
-180.345
-240.327
-296.018
-444.613
-421.19
-712.938
104.588
-3458.12
-1084.48
-302.088
-159.858
-282.062
-229.293
-198.759
-192.447
-178.736
-241.828
-296.852
-441.601
-414.448
-694.695
92.1353
-3469.11
-1084.17
-301.86
-159.637
-281.364
-228.226
-197.09
-190.822
-177.906
-243.936
-299.093
-443.711
-415.404
-715.15
72.4831
-3423.17
-1083.84
-301.493
-159.275
-280.496
-226.78
-195.011
-188.495
-175.706
-244.455
-299.867
-443.581
-405.919
-747.823
48.8882
-3390.42
-1166.51
-321.468
-175.211
-313.129
-261.417
-233.318
-241.524
-223.038
-313.669
-331.498
-550.77
-373.084
-813.521
301.6
-4362.3
-1166.64
-321.685
-175.453
-313.711
-262.351
-234.584
-242.593
-223.93
-312.963
-331.11
-553.856
-369.338
-811.67
304.902
-4428.31
-1166.77
-321.844
-175.624
-314.192
-263.078
-235.729
-243.802
-224.338
-311.47
-329.255
-558.374
-365.174
-816.408
185.983
-4579.56
-1166.89
-322.072
-175.872
-314.832
-264.082
-237.199
-245.232
-225.363
-310.737
-329.749
-569.589
-335.696
-1121.38
-3.10368
-4017.85
-1166.98
-322.269
-176.077
-315.388
-264.978
-238.529
-246.667
-226.113
-308.949
-328.969
-563.255
-378.442
-893.536
88.9704
-4187.72
-1167.03
-322.424
-176.261
-315.889
-265.861
-239.991
-248.888
-227.501
-308.924
-329.011
-568.753
-393.086
-930.825
72.2817
-4110.71
-1167.05
-322.484
-176.377
-316.222
-266.496
-241.179
-251.155
-228.111
-306.693
-326.207
-562.493
-391.492
-860.26
75.4083
-4277.99
-1167.03
-322.415
-176.411
-316.33
-266.72
-241.666
-252.512
-228.694
-307.416
-325.819
-582.164
-383.432
-1023.48
-4.39518
-4041.52
-1166.97
-322.228
-176.338
-316.17
-266.395
-241.207
-251.373
-228.495
-308.008
-325.904
-579.183
-381.94
-961.516
32.5861
-4162.31
-1166.86
-321.949
-176.184
-315.771
-265.653
-239.98
-249.016
-227.872
-309.91
-328.57
-572.396
-379.236
-931.191
81.3979
-4206.46
-1166.68
-321.608
-175.95
-315.181
-264.668
-238.49
-246.874
-226.726
-310.501
-330.738
-572.748
-379.604
-964.65
90.1019
-4077.15
-1166.46
-321.27
-175.713
-314.553
-263.677
-237.082
-245.259
-225.925
-311.912
-331.654
-572.164
-337.442
-1128.07
2.96209
-4005.88
-1166.2
-320.908
-175.402
-313.805
-262.556
-235.518
-243.757
-225.054
-312.896
-332.543
-562.61
-370.986
-847.204
190.531
-4496.8
-1165.91
-320.72
-175.239
-313.278
-261.779
-234.339
-242.49
-224.667
-314.226
-334.422
-555.22
-372.824
-818.56
305.259
-4351.72
-1165.61
-320.392
-174.942
-312.609
-260.736
-233.038
-241.44
-223.868
-314.912
-335.282
-551.767
-377.72
-814.041
312.064
-4272.43
-1258.17
-352.571
-196.24
-356.27
-310.513
-286.634
-318.257
-288.524
-420.357
-374.463
-709.054
-316.143
-883.397
574.713
-6139.66
-1258.25
-352.728
-196.412
-356.676
-311.133
-287.394
-318.732
-288.718
-421.044
-376.138
-731.332
-330.216
-1228.37
274.7
-5935.65
-1258.33
-352.845
-196.533
-357.007
-311.613
-288.122
-319.546
-288.857
-419.608
-374.316
-727.485
-340.001
-1119.31
240.554
-5889.27
-1258.4
-353.005
-196.71
-357.459
-312.312
-289.101
-320.589
-289.476
-420.828
-374.836
-756.25
-339.927
-1399.41
15.1047
-5001.52
-1258.45
-353.137
-196.853
-357.851
-312.919
-290.005
-321.481
-289.822
-417.79
-374.27
-721.667
-364.72
-1039.61
142.16
-5533.16
-1258.47
-353.227
-196.987
-358.206
-313.553
-291.021
-323.356
-291.127
-420.862
-374.832
-753.909
-384.184
-1268.82
67.125
-5140.75
-1258.48
-353.236
-197.069
-358.438
-313.97
-291.759
-324.743
-291.51
-417.948
-371.266
-732.245
-358.939
-1077.61
-4.1907
-5566.9
-1258.45
-353.148
-197.092
-358.512
-314.139
-292.102
-325.949
-292.399
-422.208
-369.998
-783.939
-368.058
-1503.93
-77.9711
-4884.13
-1258.38
-352.976
-197.035
-358.392
-313.894
-291.826
-325.116
-291.959
-421.145
-370.216
-770.139
-355.708
-1422.12
-125.311
-5019.38
-1258.27
-352.739
-196.922
-358.105
-313.384
-291.086
-323.688
-291.498
-422.641
-374.774
-757.546
-369.596
-1203.99
47.5216
-5534.31
-1258.1
-352.455
-196.742
-357.663
-312.654
-290.076
-321.974
-290.598
-420.834
-376.314
-735.203
-364.747
-1091.5
208.438
-5326.79
-1257.9
-352.183
-196.572
-357.208
-311.959
-289.14
-320.898
-290.252
-422.752
-377.981
-758.635
-343.523
-1395.79
-15.7598
-4985.09
-1257.65
-351.885
-196.329
-356.645
-311.136
-288.096
-319.79
-289.913
-421.971
-378.703
-734.911
-346.903
-1141.4
247.162
-5729.79
-1257.39
-351.75
-196.224
-356.273
-310.608
-287.359
-318.878
-289.839
-422.939
-380.8
-734.318
-333.426
-1248.06
235.562
-5786.44
-1257.12
-351.473
-195.99
-355.768
-309.851
-286.535
-318.37
-289.798
-422.354
-379.978
-715.181
-327.754
-907.26
559.416
-6037.99
-1353.72
-399.692
-225.126
-411.765
-379.722
-359.268
-425.333
-377.597
-586.29
-444.09
-1037.38
-418.166
-1721.25
-307.97
-5973.15
-1353.74
-399.766
-225.211
-412.014
-380.067
-359.674
-425.35
-376.842
-584.209
-439.8
-1019.86
-389.353
-1767.36
-435.98
-5602.52
-1353.76
-399.826
-225.272
-412.216
-380.29
-360.054
-425.415
-376.455
-579.817
-434.721
-1000.62
-372.503
-1639.62
-279.112
-6260.09
-1353.77
-399.889
-225.358
-412.493
-380.68
-360.629
-425.925
-376.295
-578.858
-431.425
-984.143
-364.002
-1273.76
-68.7713
-6751
-1353.78
-399.917
-225.425
-412.735
-380.96
-361.165
-425.91
-376.17
-572.127
-429.39
-929.785
-337.752
-1225.5
107.954
-6944.39
-1353.77
-399.899
-225.485
-412.953
-381.326
-361.812
-427.358
-377.465
-578.066
-428.093
-996.412
-346.33
-1728.72
-257.076
-6048.79
-1353.74
-399.831
-225.509
-413.087
-381.488
-362.22
-427.631
-377.894
-571.68
-423.42
-940.122
-326.353
-1208.98
-129.897
-7036.59
-1353.67
-399.703
-225.501
-413.11
-381.583
-362.439
-428.79
-378.969
-579.95
-424.404
-1020.24
-359.154
-1958.1
-179.217
-5943.09
-1353.57
-399.522
-225.438
-412.994
-381.357
-362.224
-427.989
-378.165
-575.392
-422.28
-979.816
-324.042
-1649.31
-154.981
-6170.15
-1353.42
-399.304
-225.348
-412.769
-381.039
-361.759
-427.56
-377.553
-579.745
-427.747
-1004.53
-337.754
-1841.64
-269.315
-6669.47
-1353.22
-399.055
-225.204
-412.42
-380.5
-361.042
-426.191
-376.406
-575.083
-427.973
-942.909
-295.663
-1275.59
207.986
-6894.12
-1353
-398.829
-225.087
-412.084
-380.068
-360.435
-425.848
-376.373
-579.298
-431.267
-978.929
-338.366
-1257.26
-26.1817
-6671.52
-1352.74
-398.577
-224.894
-411.643
-379.472
-359.725
-425.135
-376.659
-580.196
-436.069
-998.798
-358.451
-1644.25
-197.167
-6134.5
-1352.47
-398.488
-224.839
-411.38
-379.158
-359.307
-424.834
-376.981
-583.281
-440.911
-1010.72
-374.081
-1772.14
-395.454
-5401.25
-1352.21
-398.244
-224.648
-410.98
-378.592
-358.745
-424.607
-377.783
-584.993
-446.028
-1029.01
-408.332
-1727.05
-242.654
-5671.48
-1447.78
-461.733
-259.143
-474.94
-458.279
-437.342
-539.418
-468.59
-749.701
-496.918
-1272.79
-303.568
-2380.28
317.943
-6602.81
-1447.77
-461.744
-259.153
-475.09
-458.385
-437.584
-539.065
-467.777
-745.359
-493.366
-1234.81
-321.26
-2101.11
10.4509
-7018.19
-1447.76
-461.754
-259.16
-475.219
-458.37
-437.811
-538.396
-467.7
-740.151
-491.661
-1238.62
-313.956
-2622.84
-692.866
-7889.37
-1447.75
-461.749
-259.173
-475.395
-458.49
-438.219
-538.441
-467.66
-737.087
-486.364
-1173.05
-248.468
-1668.76
-270.093
-9030.47
-1447.71
-461.729
-259.176
-475.553
-458.473
-438.599
-537.568
-467.941
-729.487
-489.764
-1159.04
-365.853
-1751.88
26.755
-8945.73
-1447.66
-461.675
-259.181
-475.691
-458.629
-439.128
-538.722
-469.879
-737.203
-493.904
-1211.6
-369.545
-2146.87
-536.315
-7595.62
-1447.58
-461.59
-259.164
-475.766
-458.578
-439.428
-538.015
-470.56
-727.267
-490.177
-1138.66
-353.848
-1527.49
-335.788
-9139.75
-1447.47
-461.464
-259.142
-475.763
-458.651
-439.662
-539.476
-472.139
-740.12
-497.397
-1236.36
-389.694
-2489.91
-271.055
-7507.5
-1447.32
-461.306
-259.082
-475.651
-458.438
-439.487
-538.547
-471.318
-732.025
-493.954
-1176.71
-352.929
-2010.34
-52.7025
-7969.25
-1447.15
-461.126
-259.024
-475.469
-458.327
-439.201
-539.275
-470.846
-741.312
-497.761
-1234.35
-369.093
-2395.28
-396.25
-7789.01
-1446.94
-460.927
-258.922
-475.18
-457.977
-438.63
-538.355
-469.35
-736.095
-494.97
-1188.34
-351.378
-1832.13
38.1616
-8777.12
-1446.72
-460.753
-258.86
-474.922
-457.825
-438.236
-538.969
-469.225
-742.199
-494.516
-1203.49
-282.156
-1675.86
-35.1116
-8602.81
-1446.47
-460.554
-258.723
-474.559
-457.449
-437.671
-538.718
-469.349
-744.578
-500.954
-1245.72
-358.234
-2463.66
-533.838
-7638.91
-1446.21
-460.503
-258.713
-474.365
-457.357
-437.435
-539.181
-469.409
-749.004
-501.979
-1250.93
-342.908
-2121.85
-18.0107
-6668.58
-1445.96
-460.297
-258.57
-474.027
-456.951
-436.939
-539.162
-469.928
-752.2
-504.414
-1279.81
-312.392
-2331.04
401.545
-6223.25
-1511.65
-557.945
-309.282
-542.439
-571.999
-545.754
-710.688
-599.246
-1015.3
-604.099
-1742.08
-424.546
-3228.74
-695.364
-9542.85
-1511.59
-557.829
-309.107
-542.455
-571.629
-545.822
-709.369
-599.211
-1007.9
-609.081
-1706.18
-453.755
-3399.48
-1010.22
-10162.8
-1511.54
-557.748
-308.988
-542.514
-571.16
-545.932
-707.176
-599.313
-995.159
-607.345
-1631.27
-409.979
-2566.16
-369.814
-11531.8
-1511.45
-557.606
-308.802
-542.541
-570.701
-546.068
-705.895
-599.082
-989.702
-602.765
-1585.74
-372.217
-2332.06
624.039
-12056.5
-1511.34
-557.467
-308.633
-542.587
-570.094
-546.26
-703.21
-599.558
-976.862
-608.001
-1564.99
-381.149
-2716.56
171.028
-11201.2
-1511.2
-557.286
-308.46
-542.575
-569.72
-546.435
-702.844
-600.065
-977.63
-604.066
-1561.36
-358.112
-2670.71
-114.752
-10249.9
-1511.03
-557.091
-308.297
-542.528
-569.207
-546.528
-700.674
-600.597
-964.289
-607.054
-1475.78
-449.479
-2055.56
-106.585
-12351.5
-1510.83
-556.866
-308.164
-542.399
-569.028
-546.486
-701.703
-600.751
-975.894
-603.982
-1567.87
-372.017
-3085.71
56.7613
-9671.41
-1510.6
-556.632
-308.033
-542.194
-568.68
-546.24
-700.54
-600.72
-967.392
-609.956
-1502.07
-468.414
-2346.51
128.607
-11549.6
-1510.34
-556.393
-307.947
-541.93
-568.663
-545.845
-702.188
-600.042
-980.658
-607.896
-1587.33
-371.47
-2920.19
-36.8093
-9999.75
-1510.06
-556.149
-307.842
-541.576
-568.463
-545.222
-702.102
-598.992
-980.362
-609.058
-1589.85
-384.245
-2863.29
237.201
-10632.7
-1509.77
-555.944
-307.81
-541.27
-568.566
-544.716
-703.858
-598.271
-990.765
-606.807
-1616.89
-402.819
-2597.82
714.343
-11199
-1509.47
-555.73
-307.703
-540.863
-568.415
-544.023
-704.236
-597.581
-992.986
-607.388
-1624.4
-386.981
-2560.85
-168.473
-11080
-1509.18
-555.675
-307.727
-540.645
-568.546
-543.685
-705.674
-597.091
-1003.04
-609.762
-1700.8
-445.351
-3432.88
-719.64
-9580.87
-1508.9
-555.443
-307.597
-540.279
-568.342
-543.035
-706.187
-596.28
-1008.78
-604.149
-1730.75
-391.277
-3316.14
-421.454
-9126.05
-1664.81
-2289.5
-2851.09
-3577.93
-4462.31
-5527.91
-6920.21
-8533.48
-10970
-13543.7
-19046.7
-20081
-39972.1
-32687.2
-109894
-641.586
-776.215
-853.622
-1045.69
-1282.25
-1598.29
-2044.69
-2596.52
-3519.48
-4512.05
-6958.63
-9265.28
-11856.9
-19785.3
-16907.6
-397.243
-525.296
-643.334
-847.593
-1071.86
-1389.73
-1761.26
-2339.79
-3003.93
-4250.49
-5523.7
-8338.49
-9613.56
-18814.3
2056.98
-628.3
-842.98
-1047.08
-1338.21
-1657.82
-2096.64
-2585.27
-3363.07
-4206.92
-5632.6
-7098.31
-8717.25
-11278.9
-7739.9
-13109.5
-674.479
-901.151
-1117.51
-1431.66
-1780.28
-2267.52
-2787.14
-3653.99
-4427.96
-6006.61
-6806.35
-9265.41
-8998.2
-11964.7
-13812.3
-632.627
-861.325
-1079.31
-1387.03
-1689.17
-2108.34
-2555.76
-3437.31
-4124.39
-5783.31
-6143.27
-8664.18
-8017.21
-10533
-16072.4
-836.958
-1149.12
-1445.03
-1864.49
-2304.7
-2994.95
-3759.35
-5010.11
-5742.76
-7854.83
-7520.15
-11750.1
-7887.91
-15433.3
-17749.9
-685.192
-961.762
-1226.85
-1602.46
-1819.17
-2241.57
-2907.43
-4211.63
-4824.13
-7041.85
-6055.92
-11596.4
-4428.3
-21718
-22728.2
-1153.63
-1614.98
-2010.36
-2562.32
-3063.15
-4574.23
-6399.89
-8174.75
-8780.3
-11186
-9685.9
-17615
-6650.34
-32880.9
8244.64
-678.227
-1003.6
-1430.03
-2046.41
-1937.24
-2712.99
-3676.27
-5288.62
-5736.53
-7864.07
-7291.21
-15548.1
-7320.37
-52086.2
-53707
-1590.68
-2633.16
-3200.72
-3548.81
-3613.12
-8104.62
-12251.7
-13299.9
-13344.4
-16117.9
-17417.6
-30975.8
-35383.4
-72453.5
-40769.7
-281.307
-824.149
-1738.93
-2695.54
-781.965
-870.388
-2160.51
-3983.28
-4066.77
-5185.45
-7073.79
-17847.4
-21546
-36292.7
-13659.5
-1903.64
-5654.42
-7203.6
-4643.46
-7250.51
-23642
-24712
-23750.8
-24527.6
-28544
-31475.5
-32719.3
-41854.2
-41932.2
9180.53
1947.16
1751.69
-944.776
-5315.21
2810.91
3686.54
4872.46
10364.1
18707
22142
27700
25132.4
15127.2
-20144.4
39752.3
-20369.2
-19957.9
-22571.3
-36055.2
-30417.8
-20796.8
-28967.9
-41157.9
-48587.9
-59744.5
-62674.6
-78149.3
-50918
-47061.8
-2624.71
-1664.77
-2289.34
-2850.67
-3576.8
-4459.72
-5523.82
-6912.25
-8521.98
-10946.3
-13515.1
-18973
-20073.3
-39802.7
-32672.3
-109587
-641.432
-775.728
-852.696
-1043.84
-1278.24
-1591.16
-2029.49
-2573.21
-3475.08
-4465.87
-6854.34
-9221.18
-11707.3
-20092.3
-14189.8
-396.897
-524.468
-641.822
-844.51
-1065.92
-1378.73
-1741.15
-2307.8
-2956.18
-4188.79
-5448.55
-8189.84
-9640
-18003.5
3071.76
-628.349
-842.629
-1046.19
-1335.18
-1650.88
-2080.93
-2551.46
-3301.84
-4113.23
-5513.42
-6922.22
-8506.84
-10763.6
-7192.86
-15812.4
-673.662
-898.562
-1112.08
-1418.87
-1755.34
-2217.45
-2694.74
-3507.6
-4230.31
-5767.18
-6469.69
-8842.36
-8308.17
-11074.6
-16316.8
-632.788
-860.413
-1076.69
-1377.05
-1667.37
-2056.09
-2444.48
-3249.43
-3881.45
-5515.2
-5806.37
-8387.11
-7217.32
-9943.03
-17541.7
-834.439
-1141.3
-1427.63
-1822.42
-2223.94
-2822.82
-3456.34
-4567.23
-5228.63
-7284.24
-6765.59
-10909.1
-5729.32
-14471
-15448.8
-684.551
-958.422
-1215.09
-1563.93
-1753.65
-2093.51
-2669.94
-3870.68
-4408.77
-6614.2
-5643.91
-11527.3
-3289.58
-24755.4
-22043.9
-1140.78
-1588.99
-1955.76
-2463.72
-2899.54
-4319.22
-6309.94
-7958.9
-8313.68
-10322.1
-8831.14
-15472.1
-4693.75
-31248.2
32249.5
-677.797
-1008.19
-1391.53
-1953.4
-2080.82
-3006.87
-4406.41
-5714.89
-5761.17
-7983.3
-7639.15
-14744.2
-11478.3
-46115.5
-14985.4
-1477.48
-2498.89
-3074.64
-3670.42
-3742.06
-8305.81
-12141.9
-13019.3
-12853.9
-15645.3
-18393.8
-34723.3
-44449.5
-60015
-34047.1
-208.118
-821.779
-1571.27
-2835.86
-1385.54
-1582.56
-3199.07
-4905.05
-5843.75
-7673.83
-11223.7
-24314.2
-27640.7
-33301.1
-6345.84
-1677.52
-5756.62
-6863.67
-6820.26
-5357.17
-21672.3
-26008
-26285
-27228.8
-31718.6
-34714.6
-33944.4
-42450.5
-47353.4
-4733.18
1971.95
264.815
-2007.83
-6586.37
-1258.97
2512.45
2440.6
6795.55
14757.2
18820.4
24867.5
23301.9
18166.2
-17048.4
35744
-19589.9
-17361.4
-16571.2
-25893.6
-32157.2
-20682.2
-26148
-36883.8
-44710.4
-54044
-57033.9
-70827.2
-56110.3
-56766.4
-20145.7
-1664.73
-2289.15
-2850.27
-3576.04
-4457.81
-5520.6
-6904.79
-8511.83
-10925.4
-13497.7
-18913.7
-20063.1
-39728.7
-32809.7
-110383
-641.303
-775.33
-851.956
-1042.46
-1275.38
-1586.13
-2018.34
-2556.26
-3442.89
-4436.89
-6796.46
-9200.83
-11645.7
-20281.4
-12976.5
-396.653
-523.846
-640.714
-842.24
-1062
-1371.53
-1728.34
-2286.9
-2926.23
-4152.86
-5402.84
-8116.28
-9571.63
-17550.8
3078.4
-628.513
-842.471
-1045.79
-1333.39
-1646.87
-2070.79
-2528.01
-3259.57
-4051.11
-5441.33
-6799.51
-8387.63
-10298.9
-7156.76
-14474.6
-672.866
-896.188
-1107.66
-1409.02
-1737.27
-2181.1
-2628.58
-3408.94
-4110.07
-5634.04
-6272.12
-8632.12
-7814.26
-10977.1
-14605.4
-633.269
-859.981
-1075.78
-1372.03
-1655.91
-2023.68
-2368.54
-3128.9
-3753.99
-5380.45
-5624.33
-8233.65
-6666.11
-10035.2
-16816
-831.51
-1132.83
-1412.81
-1788.96
-2161.67
-2687.83
-3216.77
-4272.45
-4958.61
-6995.48
-6404.97
-10418.1
-5018.18
-14543.9
-15148.7
-685.457
-956.257
-1211.04
-1543.54
-1707.58
-1984.71
-2564.72
-3762.28
-4312.43
-6429.15
-5455.2
-11134.8
-3805.58
-25419.2
-24015.7
-1128.08
-1558.5
-1913.12
-2383.23
-2796.72
-4483.96
-6901.3
-7814.2
-8026.89
-10007.8
-8356.2
-14106.8
-4811.06
-26669.5
25188.4
-677.066
-1006.11
-1402.72
-1892.75
-2176.73
-3306.7
-4816.99
-5903.91
-5667.86
-8062.32
-7283.5
-14045.1
-12094
-35573.3
-4299.6
-1452.15
-2422.53
-2984.64
-3586.85
-3738.37
-7809.8
-12405.2
-13771.4
-13484.4
-15746.5
-18370.9
-32517.4
-36742.6
-47733.7
-11298.6
-197.36
-771.888
-1531.23
-2910.15
-1576.29
-854.012
-3115.07
-5919.91
-7725.52
-10097.7
-14611.2
-25133.4
-22629.9
-21484.5
3693.16
-2220.51
-5882.53
-7043.98
-6057.26
-3399.61
-18698.4
-28454.5
-29741.3
-31018.3
-34463.2
-36457.7
-34465.2
-38887.9
-38316.5
-5039.39
975.626
-1222.61
-2237.73
-3700.26
-72.657
4575.47
3931.38
5235.18
11063.6
16461.5
24063.1
23766.5
25512.1
-7798.71
42699.5
-20198.1
-15646
-13423.4
-22849
-31038.9
-25634.1
-24771.9
-37288
-47028.2
-56276.7
-60306.6
-72289.8
-63083.7
-68104.9
-31933.6
-1664.67
-2288.87
-2849.6
-3574.6
-4454.72
-5516.13
-6894.95
-8497.92
-10892.8
-13460.8
-18827.7
-20022.8
-39625.1
-32844.6
-110812
-641.118
-774.792
-850.962
-1040.47
-1271.24
-1578.95
-2003.36
-2533.88
-3400.86
-4393.87
-6713.81
-9144.64
-11502.8
-20487.9
-12253.9
-396.293
-522.953
-639.094
-838.821
-1055.74
-1359.93
-1708.2
-2255.07
-2880.91
-4093.82
-5325.21
-7991.91
-9484.05
-16902.5
3236.62
-628.647
-842.168
-1045.06
-1330.45
-1640.48
-2055.21
-2493.23
-3197.22
-3959.78
-5326.15
-6617.14
-8187.04
-9759.04
-6701.97
-13180.2
-672
-893.245
-1101.73
-1394.79
-1710.79
-2125.17
-2526.56
-3256.2
-3922.43
-5412.46
-5961.37
-8265.85
-7108.19
-10285.1
-13355.1
-633.927
-859.682
-1074.71
-1364.23
-1638.66
-1974.7
-2244.12
-2936.13
-3552.75
-5139.97
-5300.26
-7891.79
-5757.64
-9615.77
-16257.6
-830.11
-1124.32
-1394.11
-1738.29
-2067.03
-2425.08
-2746.52
-3750.36
-4481.05
-6484.08
-5778.31
-9607.26
-3561.06
-14486.1
-16051.3
-687.703
-955.852
-1206.31
-1513.2
-1633.34
-1851.61
-2385.13
-3435.48
-4036.35
-6102.49
-4954.03
-10361.4
-2333.76
-26611.2
-26549.5
-1134.54
-1531.7
-1855.01
-2244.24
-2644.2
-4270.03
-6135.36
-7026.82
-7442.81
-9358.13
-7173
-11930.7
-3085.5
-31829.2
8553.41
-685.792
-991.877
-1409.79
-1709.37
-2487.53
-3845.83
-4903.06
-5850.45
-5959.58
-7956.13
-6413.77
-13236.8
-12412
-31896.8
3723.18
-1589.93
-2333.72
-2839.93
-3858.71
-4473.78
-7113.82
-10705.1
-11834.2
-11584.3
-13535.6
-14957
-25769.5
-28517.3
-38157.6
-7441.65
-258.059
-853.905
-1393.11
-3511.52
-2518.88
-1467.59
-2905.69
-4144.38
-5864.45
-8796.41
-13026.8
-22139.7
-19187.1
-19134.5
2156.4
-3742.53
-5050.34
-6200.14
-7899.63
-4852.79
-16355.1
-33142.1
-32373
-29324.7
-31732.3
-34145.1
-31100.5
-32532.3
-34478.3
-10022.7
-459.796
-1289.24
-3494.33
-6487.1
-1093.36
4978.77
4058.83
5115.52
10748.6
18514.7
26669.5
23966.5
29226.1
2630.11
48377.9
-17585.4
-13941.3
-15177
-23567.4
-31213.1
-27888.7
-23059.4
-34101.4
-45878.3
-53706.5
-57584.2
-67788.6
-63598.1
-70087
-46053
-1664.57
-2288.53
-2848.96
-3573.34
-4451.83
-5511.62
-6884.64
-8484.26
-10860.1
-13425
-18750.7
-19964.7
-39525.8
-32886.9
-111188
-640.925
-774.26
-850.011
-1038.71
-1267.74
-1572.94
-1991.13
-2516.85
-3370.09
-4365.05
-6661.18
-9102.85
-11387.8
-20651.9
-11779.5
-395.959
-522.118
-637.63
-835.852
-1050.74
-1350.64
-1693.03
-2231.22
-2848.05
-4051.5
-5267.9
-7909.15
-9415.29
-16457.3
2897.29
-628.816
-841.914
-1044.48
-1328.19
-1635.93
-2042.86
-2467.03
-3152.4
-3895.99
-5246.44
-6471.25
-8034.64
-9248.04
-6342.42
-12687.8
-670.995
-890.271
-1096.19
-1382.56
-1689.24
-2079.38
-2453.39
-3153.02
-3801.73
-5266.25
-5728.2
-7992.62
-6412.76
-9767.54
-12638.6
-634.678
-859.39
-1074.13
-1360.22
-1628.98
-1934.69
-2144.88
-2817.57
-3451.82
-5008.19
-5063.72
-7608.7
-4755.05
-9258.92
-15529.4
-826.453
-1113.46
-1375.44
-1692.65
-1980.38
-2162.43
-2464.15
-3472.87
-4233.46
-6172.19
-5323.25
-8975.73
-1882.49
-14821.5
-15974.1
-689.405
-954.274
-1205.45
-1504.33
-1560.77
-1724.5
-2185.72
-3266.66
-3972.19
-5961.02
-4532.03
-9498.21
-66.1796
-30761.3
-26983.2
-1115.83
-1492.82
-1803.35
-2064.81
-2297.67
-3537.93
-4819.65
-6036.56
-6845.93
-8799.42
-6237.83
-9908.87
-1873.09
-35005
16398.4
-676.207
-1001.55
-1450.53
-1692.69
-2485.99
-3559.45
-4583.15
-5789.26
-6244.46
-7860.93
-5589.98
-11829
-11768.1
-29899.3
-43.5562
-1683.62
-2320.74
-2591.59
-3702.82
-4549.94
-6234.03
-9133.32
-10786
-11022.6
-12420.3
-11996.7
-17999.2
-16770.7
-32074.7
-6533.11
-308.056
-856.038
-1802.14
-3350.19
-2065.36
-1734.12
-3134.64
-2986.59
-5559.27
-8971.22
-10905.6
-16394.1
-13657.3
-18563.5
5153.12
-3468.21
-5313.36
-8393.38
-5462.15
-4653.71
-12342.3
-28649.7
-34291.6
-25926.1
-25793.7
-27156.4
-25394.6
-25220
-27241.1
-12631.4
-653.757
-2937.24
-4923.57
-3343.39
4012.92
5635.45
5694.23
6760.84
10815.6
18100.7
22724.8
16829.5
21120.1
10250.6
47279.7
-15790.6
-14777.2
-15717.5
-23560.5
-27790.3
-27439.1
-26217.9
-29749.1
-45722
-54766.7
-59144.5
-67662.5
-67490.8
-72096
-64070.1
-1664.44
-2288.13
-2848.21
-3571.84
-4448.65
-5507
-6873.85
-8468.69
-10821.2
-13379.5
-18672.5
-19888
-39413
-32869.9
-111430
-640.7
-773.676
-849.021
-1036.91
-1264.33
-1567.37
-1980.4
-2502.26
-3342.4
-4335.45
-6610.18
-9052.77
-11256.1
-20741.9
-11554
-395.631
-521.304
-636.194
-832.859
-1045.56
-1341.06
-1678.22
-2207.68
-2813.9
-4002.95
-5201.62
-7821.82
-9347.53
-16135.3
2289.65
-628.905
-841.62
-1043.82
-1325.72
-1630.91
-2030.27
-2444.03
-3111.08
-3831.99
-5157.3
-6313.32
-7860.47
-8742.8
-5899.45
-12283.7
-670.303
-887.912
-1091.26
-1371.29
-1667.46
-2036.91
-2389.03
-3055.72
-3675.42
-5095.63
-5468.5
-7670.99
-5632.05
-9009.88
-11547.2
-635.476
-859.797
-1074.03
-1355.72
-1615.76
-1899.09
-2090.4
-2730.89
-3340.47
-4829.49
-4778.06
-7205.62
-3574.52
-8266.24
-13670.4
-826.419
-1108.19
-1360.28
-1652.31
-1877.9
-1987.2
-2274.45
-3252.79
-3980.65
-5771.61
-4782.58
-8179.76
323.889
-14201.8
-14954.1
-693.812
-958.665
-1204.85
-1480.59
-1467.4
-1691.6
-2195.26
-3342.32
-4019.92
-5662.13
-3980.06
-7957.9
3945.03
-33405.3
-22866.3
-1133.77
-1479.92
-1758.56
-1841.5
-1894.67
-2561.5
-3701.93
-5569.35
-6638.6
-8145.59
-5079.83
-6621.32
-1115.12
-29698.3
43917.7
-701.36
-1031.66
-1358.88
-1502.56
-1809.27
-2481.61
-3570.91
-5628.5
-6354.91
-7669.18
-4977.73
-10335.3
-12864.7
-33435.9
-6677.02
-1729.61
-2169.29
-2282.99
-2970.01
-3196.53
-4428.88
-7184.45
-10680.5
-11161.8
-11156.5
-8664.19
-12703
-11950.9
-29505.7
-5828.57
-586.58
-1099.14
-1716.38
-2235.84
-1431.32
-1735.1
-4124.85
-6775.31
-7828.24
-8817.86
-7233.25
-9243.52
-9650.8
-17495.9
11004.4
-3171.97
-4023.2
-6205.03
-5327.79
-5721.96
-9707.61
-19769.2
-31793.4
-24996.9
-20525.4
-18325.4
-18445.6
-18968.5
-22483.6
-6713.28
-48.147
-1399.59
-2651.53
-3903.75
-4279.76
-1590.51
5348.29
8820.57
12110.5
16415.4
20599.3
17403.7
18601.6
7945.71
38763.3
-16538.6
-18479.9
-20334.1
-25328.8
-32304
-32540.4
-28387
-28799.5
-40398.1
-50666.7
-56357.2
-64388.6
-64618.9
-68854.5
-66449
-1664.28
-2287.74
-2847.45
-3570.31
-4445.37
-5502.15
-6863.58
-8455.4
-10787.6
-13339.9
-18606.4
-19810.9
-39299.3
-32860.6
-111683
-640.453
-773.113
-848.16
-1035.45
-1261.69
-1563.16
-1973
-2493.98
-3327.04
-4320.37
-6579.38
-9019.83
-11124
-20777.6
-11438.4
-395.341
-520.622
-635.07
-830.58
-1041.94
-1334.45
-1669.73
-2194.61
-2795.96
-3974.92
-5159.42
-7773.11
-9308.91
-16089.4
1735.65
-628.921
-841.214
-1043.05
-1323.6
-1627.55
-2023.5
-2438.99
-3101.93
-3813.4
-5117.58
-6212.48
-7735.89
-8349.86
-5588.59
-12040.6
-669.558
-885.815
-1087.55
-1364.16
-1657.14
-2024.65
-2389.81
-3059.94
-3672.06
-5037.81
-5308.07
-7415.98
-4953.06
-8363.56
-10290.5
-635.955
-859.255
-1072.42
-1353.12
-1617.94
-1922.08
-2190.55
-2843.34
-3412.18
-4802.67
-4615.33
-6843.79
-2534.39
-6980.81
-10692.4
-823.837
-1101.23
-1349.14
-1642.21
-1891.71
-2139.86
-2507.08
-3453.53
-4128.36
-5697.47
-4472.47
-7383.64
2149.72
-12767.6
-14114.1
-696.199
-955.06
-1197.56
-1499.62
-1643.34
-1892.54
-2359.43
-3387.67
-3991.24
-5449.99
-3724.69
-6258.81
7486.23
-29633.1
-11504.3
-1116.85
-1447.28
-1731.71
-1982.35
-2088.87
-2413.54
-3307.65
-4973.09
-5911.6
-7128.06
-4034.03
-3952.72
-1349.41
-24395.4
47962.1
-711.84
-989.886
-1331.79
-1844.42
-1851.91
-2087.72
-3086.05
-4888.44
-5611.84
-6960.87
-4899.58
-10227.5
-15669.1
-37180.5
-22994.6
-1514.29
-1929.95
-2545.64
-3228.88
-2374.6
-3419.42
-6373.86
-9506.37
-9755.96
-9955.87
-7311.89
-11475.5
-13037.5
-20852
-3257.16
-342.162
-625.796
-1489.16
-1945.73
-1168.68
-1800.17
-4108.91
-6561.52
-6714.31
-7170.08
-4628.81
-5699.25
-6867.15
-13446.8
11171.5
-2521.89
-3332.5
-5277.04
-8309.47
-11016.3
-10786.8
-10935.3
-17685.9
-14629.9
-11356.7
-8840.37
-12061.5
-14201
-16773.9
7680.18
448.705
912.574
-1127.98
-5553.83
-6250.13
-5611.32
-1442.06
6632.01
10606.4
15399.7
17476.5
12189
20335.8
8926.8
24355.9
-18744.1
-18140.5
-19354.7
-19685.7
-22333
-28014.8
-35380.6
-35548.9
-44841.2
-56195
-65206.9
-70858.9
-68717.1
-70496.4
-70163.1
-1664.11
-2287.27
-2846.55
-3568.75
-4442.51
-5498.36
-6854.33
-8441.4
-10751.7
-13296
-18547.6
-19729.5
-39149.1
-32873.6
-111969
-640.194
-772.584
-847.394
-1034.14
-1259.5
-1560.13
-1967.97
-2488.74
-3314.88
-4306.8
-6552.47
-9002.39
-10974.5
-20712.3
-11000.6
-395.12
-520.097
-634.185
-828.638
-1038.87
-1328.64
-1661.73
-2179.9
-2773.9
-3939.89
-5114.14
-7740.21
-9287.83
-16263.4
1725.45
-628.81
-840.788
-1042.38
-1321.59
-1624.33
-2015.69
-2427.02
-3076.69
-3773.89
-5054.02
-6107.51
-7614.87
-8051.47
-5373.12
-11793.6
-669.276
-884.759
-1085.44
-1358.91
-1647.56
-2004.08
-2358.44
-3001.42
-3590.39
-4908
-5129.32
-7148.74
-4380.43
-7758.92
-8976.19
-636.089
-859.372
-1072.3
-1348.97
-1607.59
-1895.39
-2152.73
-2766.6
-3316.17
-4646.94
-4420.29
-6422.2
-1793
-5626.38
-6818.12
-825.429
-1101.78
-1345.38
-1627.26
-1853.71
-2071.41
-2407.79
-3303.29
-3955.63
-5420.04
-4172.96
-6545.75
2980.58
-9366.82
-10621.5
-696.993
-958.314
-1199.24
-1472.21
-1561.04
-1759.18
-2223.65
-3192.01
-3791.21
-5172.17
-3376.8
-4866.8
8103.16
-19373.5
7738.25
-1141.53
-1470.63
-1725.45
-1909.09
-1945.48
-2395.77
-3334.94
-4960.82
-5879.53
-6865.89
-3726.95
-4726.72
-1896.07
-27601.4
28934.9
-707.207
-1005.04
-1337.4
-1621.59
-1730.85
-2114.98
-2917.86
-4424.06
-5391.95
-6992.7
-5159.02
-11915
-18612.4
-36190.7
-33084.5
-1811.71
-2168.84
-2486.72
-2867.59
-2702.4
-3621.76
-5997.54
-9482.27
-10482.4
-10601.8
-7649.24
-12503.8
-16060.9
-19257
-3177.89
-434.555
-982.473
-1957.61
-2175.71
-650.964
-1064.39
-3619.97
-7061.65
-7425.58
-6682.99
-3680.86
-6824.99
-8330.51
-10886.9
2962.6
-3836.78
-5190.58
-6729.71
-7697.46
-7575.09
-9607.5
-13890
-16775.2
-14608.4
-13922.5
-14045
-20455.9
-20274
-17236.8
5304.18
-956.233
-2709.41
-4408.7
-4537.74
-3132.68
-3943.72
-3275.82
2060.19
6759.39
9703.77
11698.4
2937.94
1026.46
-2475.06
-6477.97
-14419.2
-14263.7
-16431.6
-17991.3
-20428
-25719.6
-29318.5
-32008.7
-37568.6
-46006.6
-56306.7
-62696
-75353.7
-71783.6
-81295.3
-1663.89
-2286.76
-2845.72
-3567.4
-4439.86
-5494.63
-6845.8
-8430.15
-10722.7
-13260.3
-18512.4
-19639.2
-38981.3
-32939.1
-112435
-639.933
-772.083
-846.734
-1033.12
-1258.07
-1558.52
-1966.2
-2489.36
-3313.72
-4305.75
-6543.36
-9015.93
-10833.9
-20570.2
-10291.4
-394.941
-519.691
-633.619
-827.486
-1037.43
-1325.67
-1658.67
-2172.59
-2764.75
-3921.47
-5095.5
-7750.5
-9317.59
-16693.2
2100.08
-628.581
-840.188
-1041.6
-1319.99
-1622.75
-2012.9
-2426.72
-3071.85
-3767.74
-5030.78
-6065.52
-7561.89
-7908.58
-5403.02
-11769.8
-668.924
-883.901
-1084.59
-1357.26
-1646.93
-2002.09
-2359.24
-2989.69
-3574.23
-4852.28
-5048.11
-6969.86
-4041.01
-7537.7
-7712.23
-635.859
-858.39
-1071
-1347.38
-1608.79
-1899.97
-2165.92
-2764.15
-3315.39
-4579.38
-4346.52
-6110.06
-1590.2
-5330.16
-2765.41
-823.96
-1098.95
-1343.96
-1629.17
-1865.34
-2075.84
-2408.33
-3254.21
-3881.85
-5263.35
-4060.54
-6040.78
2263.21
-6670.6
-2810.61
-697.48
-955.238
-1196.69
-1485.51
-1593.61
-1806.86
-2328.02
-3276.09
-3811.61
-5030.5
-3158.75
-4970.17
5740.06
-12872.5
19885.9
-1124.19
-1448.05
-1724.22
-1965.12
-1940.89
-2387.95
-3275.56
-4814.52
-5736.54
-6938.25
-4176.28
-7983.9
-3773.3
-30089.6
9635.94
-723.089
-987.748
-1375.67
-1764.3
-1749.42
-2090.47
-3055.31
-4625.32
-5548.88
-7020.25
-5802.5
-12878.5
-19360.6
-31478.7
-32212.9
-1578.2
-1933.03
-2617.2
-2593.36
-2581.05
-3448.82
-5634.43
-8571.43
-10606.6
-11959.9
-9591.85
-14876.8
-18778.2
-23213.1
-8756.72
-348.238
-692.11
-1983.93
-2412.71
-966.09
-2151.05
-3975.17
-6593.26
-7249.1
-7700.56
-4542.5
-5917
-7039.16
-11421.9
10265.4
-2234.31
-2727.29
-4959.54
-9933.08
-11347.2
-9515.34
-11811
-15228.3
-14049.7
-11112.8
-9637.62
-14369.5
-20736.7
-20546.4
-1040.28
745.683
996.555
-1112.12
-5556.27
-7352.73
-4784.06
121.25
6059.74
10823
16543.5
17786
6068.91
-2799.39
-7303.7
-19502.9
-19278.6
-18502.7
-19936.6
-22485.1
-26528.5
-33467.8
-35788.7
-36072.8
-41867
-50803.5
-55102
-58628.8
-62493.6
-59489.6
-67850.6
-1663.65
-2286.25
-2844.95
-3566.16
-4437.38
-5491.63
-6838.49
-8421.05
-10694.8
-13228.9
-18488.2
-19537.6
-38787.8
-33063.1
-112885
-639.68
-771.625
-846.193
-1032.41
-1257.39
-1558.22
-1966.55
-2492.69
-3315.45
-4307.02
-6533.58
-9052.23
-10710.6
-20331.6
-9215.88
-394.842
-519.479
-633.401
-826.945
-1036.81
-1323.85
-1656.27
-2164.62
-2753.86
-3899.84
-5080.9
-7767.22
-9386.31
-17271.1
2264.81
-628.253
-839.629
-1041.01
-1318.66
-1621.46
-2009.57
-2420.81
-3055.02
-3746.96
-4991.93
-6028.21
-7524.95
-7864.59
-5666.33
-11824.7
-669.03
-884.144
-1085.43
-1357.67
-1647.24
-1994.76
-2336.19
-2932.14
-3499.97
-4742.66
-4955.56
-6805.14
-3848.66
-7536.27
-6327.78
-635.249
-858.087
-1070.97
-1343.42
-1598.1
-1860.67
-2060.53
-2619.33
-3201.1
-4446.22
-4285.75
-5873.41
-1695.8
-5644.23
653.493
-825.807
-1103.33
-1348.63
-1624.17
-1829.18
-1914
-2191.06
-2992
-3626.68
-4994.34
-3950.58
-5759.43
1468.89
-4294.59
5740.2
-695.233
-959.999
-1196.94
-1437.1
-1414.77
-1621.58
-2099.92
-2994.05
-3589.07
-4900.29
-3039.9
-5324.52
5283.61
-4508.86
14362.6
-1137.3
-1477.2
-1712.85
-1759.5
-1856.81
-2621.74
-3632.18
-4924.44
-5686.82
-6861.04
-4745.71
-9190.94
-4631.02
-27215.9
-2042.44
-709.337
-1053.3
-1268.22
-1451.78
-1927.78
-2704.54
-3692.16
-5062.5
-5680.79
-6994.65
-6698.52
-13845.2
-20782.6
-23346.4
-30458.5
-1727.78
-2167.42
-2149.64
-2823.19
-3451.12
-4523.12
-6498.42
-8939.03
-9937.57
-11727.9
-10999.6
-19059.1
-21906.8
-25765.8
-14893.5
-679.921
-1021.49
-1699.82
-2740.25
-1555.82
-2335.98
-3798.41
-6052.2
-6774.54
-7736.09
-4109.91
-4778.61
-5649.7
-12312.8
17801.9
-3169.91
-4181.19
-6134.3
-5343.26
-5510.34
-8917.99
-15220
-20776.9
-20585.8
-21157.1
-13215.6
-9288.66
-13792.7
-18629.7
-1246.24
123.561
-1365.71
-2859.52
-2510.66
-2567.2
2804.78
3748.72
6070.09
9131.06
12109.1
15418.1
9164.4
2423.5
-1698.68
-1435.25
-16968.9
-18293.1
-20484.3
-26503.1
-33998.1
-34076.4
-33506.1
-35937.6
-42286.4
-48191.2
-55595.1
-62894.2
-58965.6
-51715.5
-41254.5
-1663.38
-2285.76
-2844.26
-3564.95
-4435.16
-5489.31
-6832.39
-8414.53
-10673
-13220.1
-18490.1
-19431.4
-38613.9
-33212
-113443
-639.428
-771.193
-845.815
-1032.02
-1257.32
-1558.93
-1969.86
-2500.45
-3325.81
-4316.04
-6541.61
-9115.99
-10603.8
-20068.3
-8392.92
-394.766
-519.365
-633.439
-827.043
-1037.55
-1325.18
-1660.36
-2167.78
-2759.24
-3899.09
-5097.68
-7821.35
-9517.57
-17983
1382.03
-627.81
-838.887
-1040.26
-1317.78
-1622
-2013.38
-2434.14
-3072.62
-3775.07
-5010.74
-6067.3
-7572.77
-7965.37
-6319.08
-13013.7
-669.11
-884.553
-1087.48
-1362.14
-1659.45
-2018.79
-2374.14
-2970.71
-3542.61
-4750.34
-4976.68
-6745.93
-3819.84
-7787.1
-5044.78
-634.289
-856.44
-1069.79
-1343.27
-1607.51
-1894.45
-2118.82
-2671.87
-3259.99
-4449.43
-4346.06
-5754.75
-1911.49
-6210.32
3336.31
-826.203
-1106.15
-1360.52
-1653.99
-1932.46
-2084.25
-2319.36
-3060.74
-3662.39
-4913.4
-4013.46
-5516.75
838.204
-3736.75
10652.4
-691.797
-954.31
-1198.12
-1468.05
-1541.86
-1689.23
-2124.39
-2915.95
-3528.41
-4788.63
-3237.61
-5639.6
3669.29
2197.58
6329.92
-1131.12
-1493.02
-1775.19
-2022.68
-2354.92
-3539.15
-4516.73
-5185.89
-5711.8
-6707.8
-5298.47
-8789.6
-5938.16
-19636
-5815.66
-687.505
-1013.96
-1389.33
-1763.38
-2575.2
-3485.27
-4353.08
-5284.52
-5641.97
-6402.63
-6784.28
-12203
-17325
-17049
-20540
-1723.55
-2338.23
-2592.41
-3745.87
-4305.32
-5960.92
-8122.66
-9933.64
-9800.77
-10508.7
-10619.9
-18680.6
-18581.4
-19176.7
-16179.9
-382.166
-818.859
-1920.67
-3450.86
-2368.48
-2125.78
-3756.21
-5368.31
-6558.15
-10391
-11413.8
-12390.4
-7519.11
-8998.99
3481.95
-3501.05
-5221.76
-7786.34
-4539.78
-4325.89
-10222.3
-19950.4
-25021.8
-25048
-30304.6
-29440.7
-17311.4
-12368.3
-19051.7
-12288.5
-655.819
-2965.86
-5480.92
-3196.76
3921.73
5886.3
3732.19
4691.85
4857.1
4018.95
9383.4
12796.3
8600.36
-3959.41
-247.362
-15324
-14200.3
-16324.8
-25281.1
-30555.8
-32356.5
-34840.2
-36271.4
-42300.6
-48392.5
-53180.5
-64600.6
-70989.9
-65689.8
-47564.5
-1663.14
-2285.32
-2843.47
-3563.61
-4433.33
-5488.33
-6828.34
-8413.29
-10654
-13231.8
-18474.5
-19346.1
-38500.2
-33390.8
-113633
-639.222
-770.912
-845.657
-1031.87
-1257.48
-1560.06
-1974.21
-2509.64
-3337.67
-4321.52
-6544.34
-9158.13
-10501.4
-19825
-7448.99
-394.778
-519.464
-633.752
-827.559
-1038.64
-1327.16
-1665.32
-2173.59
-2768.5
-3902.55
-5117.39
-7839.68
-9647.34
-18675
-98.2392
-627.421
-838.347
-1039.8
-1317.41
-1622.88
-2017.91
-2450.65
-3095.36
-3807.28
-5029.17
-6108.39
-7615.25
-8096.14
-7130.18
-13720.6
-669.568
-885.719
-1090.36
-1368.14
-1670.92
-2045.03
-2419.01
-3016.64
-3584.31
-4747.09
-4984.19
-6684.04
-3878.48
-8204.77
-4685.88
-633.631
-855.748
-1069.61
-1343.64
-1611.76
-1923.04
-2205.39
-2754.41
-3315.44
-4436.1
-4394.25
-5649.96
-2267.17
-6832.12
3914.01
-828.921
-1112.78
-1373.64
-1684.3
-1991.27
-2308.12
-2546.68
-3202.38
-3740.56
-4847.13
-4050.76
-5203.21
75.6051
-3913.12
9827.61
-691.614
-954.637
-1200.13
-1469.18
-1599.74
-1807.59
-2324.79
-3048.65
-3560.16
-4668.98
-3542.77
-5792.29
312.897
-297.709
-2309.64
-1143.02
-1517.91
-1815.17
-2141.4
-2587.33
-4030.48
-5454.85
-5887.37
-5944.95
-6587.22
-5546.01
-7856.22
-7044.48
-17057.4
-4836.98
-704.268
-1004.71
-1371.74
-1703.57
-2361.25
-3579.9
-4774.32
-5412.83
-5517.87
-6342.58
-6709.61
-8662.32
-11904.1
-13249.5
-15176.7
-1647.53
-2327.54
-2710.98
-3510.87
-3845.97
-6170.88
-8856.83
-10511.6
-10566.9
-10974.6
-9088.76
-13567.9
-11493.2
-13208.4
-13101.9
-341.609
-836.874
-1453.07
-2892.22
-2131.39
-1361.51
-2900.98
-4979.98
-6550.86
-9203.55
-13180.3
-20336.3
-9701.49
-8876.56
-2970.85
-3944.22
-5035.4
-5929.68
-6588.71
-3386.73
-12649.5
-23683.4
-24436
-24991.6
-32546.7
-40075.4
-32758.6
-15328.8
-23232.9
-10595.5
-357.181
-1079.64
-3008.1
-5415.78
-788.582
6377.89
1783.97
2158.94
798.925
-3295.65
-5566.59
5873.08
16966.5
-7453.59
18961.5
-16043.3
-12455.1
-14237.4
-23228.4
-33776.7
-32942.5
-31606.4
-34006.7
-39840.2
-44536
-51133.3
-65416.5
-70968.5
-79201.6
-68739.4
-1662.87
-2284.75
-2842.74
-3562.87
-4432.77
-5487.29
-6823.5
-8412.54
-10643.9
-13266.2
-18460.9
-19316.1
-38314.7
-33620.4
-114249
-639.031
-770.619
-845.446
-1031.62
-1258.08
-1561.91
-1979.75
-2518.64
-3352.06
-4334.02
-6575.2
-9231.02
-10441.2
-19503.4
-6679.37
-394.748
-519.488
-633.945
-828.216
-1040.65
-1331.24
-1674.11
-2185.42
-2786.21
-3920.7
-5163.4
-7901.62
-9884.62
-19326.8
-1899.96
-626.934
-837.676
-1039.24
-1317.49
-1625.22
-2025.2
-2472.94
-3132.55
-3862.38
-5084.98
-6195.7
-7733.19
-8343.53
-8368.01
-16752.5
-669.813
-886.684
-1093.31
-1375.43
-1686.1
-2077.37
-2483.48
-3102.66
-3680.98
-4814.24
-5060.23
-6712.58
-4029.35
-8876.15
-4756.37
-632.759
-854.56
-1069.69
-1347.51
-1624
-1957.67
-2300.98
-2891.82
-3455.68
-4524.28
-4538.9
-5629.24
-2716.54
-7354.09
4903.28
-830.175
-1117.61
-1387.23
-1717.28
-2055.93
-2481.61
-2883.43
-3542.01
-4010.25
-4957.46
-4198.21
-4948.6
-654.168
-3679.77
8649.06
-690.292
-952.711
-1208.43
-1495.48
-1664.55
-1919.9
-2401.96
-3234.7
-3743.53
-4739.01
-3881.77
-5804.45
-2111.71
-3108.96
-8232.54
-1141.03
-1538.22
-1865.6
-2227.08
-2619.76
-3870.94
-5570.45
-6289.83
-6091.56
-6589.26
-5660.47
-7872.96
-7207.19
-15714.4
-5056.8
-703.009
-1009.96
-1405.76
-1816.16
-2088.03
-2929.1
-4253.85
-5436.46
-5592.45
-6346.04
-6787.64
-7856.91
-9725.96
-9676.76
-13590.8
-1551.97
-2447.91
-2840.09
-3220.57
-3550.4
-6615.33
-9418.19
-10585.3
-10305.4
-11326.6
-10199.9
-13870
-10069.9
-7683.05
-14015
-264.301
-868.781
-1652.75
-2534.14
-1508.35
-1309.18
-3290.92
-6111.92
-7797.96
-10681.1
-11868.7
-25076.5
-15316.7
-9170.53
-9192.22
-2485
-5916.23
-6527.01
-6548.07
-3102.07
-14914.8
-20871.1
-20678.7
-23153.8
-30290.6
-37565.3
-39843.7
-21014.7
-16049.9
-5713.84
750.461
-1054.84
-1601.96
-4219.54
420.654
5256.26
1436.21
3160.55
2631.61
2535.45
-647.217
-1202.22
17303.4
11301.2
50887.9
-19054.7
-13856.8
-13943.7
-23599.9
-33372.4
-31034.1
-29729
-33615.7
-38133.5
-43158.3
-50649.8
-68453.9
-74316.6
-82628.8
-81115
-1662.63
-2284.31
-2842.24
-3562.18
-4431.55
-5485.2
-6820.1
-8417.3
-10638.3
-13280.2
-18454.4
-19342.3
-38265
-33703.4
-113979
-638.976
-770.581
-845.52
-1031.91
-1259.11
-1563.94
-1983.73
-2526.17
-3364.21
-4344.02
-6565.12
-9245.3
-10271.4
-19546.8
-5570.23
-394.814
-519.688
-634.381
-829.236
-1042.51
-1334.07
-1679.53
-2193.73
-2801.12
-3932.56
-5183.24
-7901.37
-10002.5
-19612.8
-2701.01
-626.664
-837.366
-1039.12
-1317.87
-1627.22
-2030.48
-2488.52
-3158.7
-3901.44
-5119.16
-6247.11
-7797.85
-8458.41
-8944.81
-15252.2
-670.286
-887.817
-1095.98
-1380.86
-1696.7
-2098.08
-2523.99
-3155.74
-3739.89
-4844.56
-5094.26
-6719
-4090.84
-9659.46
-6688.75
-632.424
-854.224
-1070.45
-1350.17
-1632.38
-1981.72
-2361.06
-2975.74
-3544.77
-4565.12
-4626.53
-5587.95
-3070.42
-7958.04
2696.51
-832.689
-1122.7
-1398.39
-1738.03
-2098
-2568.63
-3036.81
-3701.76
-4137.16
-4982.36
-4288.91
-4704.85
-1247
-3678.53
6010.86
-690.757
-953.229
-1215.17
-1507.75
-1700.75
-2005.05
-2498.91
-3322.54
-3834.06
-4772.43
-4104.88
-5532
-3824.57
-5731.21
-17671.8
-1151.17
-1554.79
-1898.81
-2266.38
-2702.33
-3752.32
-4918.92
-5891.87
-6020.89
-6540.73
-5715.97
-7652.93
-6951.58
-13615.6
-8609.91
-711.307
-1011.14
-1424.4
-1818.76
-1989.84
-2651.14
-3782.59
-5201.68
-5629.83
-6318.84
-6776.14
-7650.87
-8114.97
-6596.45
-10745.8
-1569.95
-2455.33
-2878.97
-3092.24
-3624.62
-6635.39
-8994.77
-10047.4
-10085.9
-11081.7
-10642.1
-15529.1
-10740
-3405.08
-9731.51
-319.013
-914.569
-1739.9
-2416.57
-1553.6
-1565.54
-3067.46
-4973.93
-6110.3
-8650.28
-10029.5
-26601.9
-17444.5
-7813.99
-10739.7
-2070.47
-5899.5
-6028.77
-8471.29
-6136.78
-16815.1
-19357.1
-19146.1
-20469.6
-26245.4
-32677
-44930.7
-22727.8
-13915.8
-5595.69
1845.8
345.832
-2574.95
-6582.11
-523.075
3282.06
1002.65
2868.05
2679.42
2722.43
3561.89
-5023.31
14171.6
25509.7
47441.8
-18489
-15493.6
-18632.7
-26190.6
-31455.1
-26535
-27296.5
-29548.8
-33103.6
-37544.2
-50506.8
-66437
-79712.7
-74743
-90524.7
-1662.4
-2283.85
-2841.79
-3561.46
-4430.97
-5483.98
-6819.49
-8420.22
-10637.7
-13294.2
-18537.8
-19237.2
-38571.4
-34628
-116128
-638.77
-770.242
-845.29
-1031.65
-1259.76
-1565.23
-1988.09
-2533.81
-3379.96
-4355.55
-6624.56
-9312.39
-9793.74
-18852.6
-3451.24
-394.766
-519.743
-634.704
-830.127
-1044.52
-1338.02
-1687.93
-2207.52
-2821.94
-3956.3
-5222.52
-8011.37
-10156.4
-20321.3
-1857.39
-626.255
-836.871
-1038.83
-1318.41
-1630.02
-2038.05
-2508.75
-3195.56
-3956.44
-5184.21
-6333.69
-7949.52
-8729.18
-9575.11
-20090.6
-670.478
-888.641
-1098.61
-1387.33
-1710.37
-2125.71
-2577.93
-3235.3
-3836.77
-4932.26
-5169.02
-6830.67
-4106.34
-10156.3
-4847.98
-631.815
-853.518
-1071.66
-1355.5
-1645.89
-2014.85
-2439.01
-3097.64
-3695.34
-4680.6
-4752.72
-5620.99
-3326.97
-8089.91
7566.13
-834.672
-1127.22
-1410.79
-1764.11
-2148.17
-2676.09
-3223.8
-3939.03
-4378.45
-5135.19
-4443.3
-4667.67
-1737.5
-4216.34
14101.3
-690.931
-953.23
-1228.13
-1531.16
-1740.32
-2090.72
-2648.97
-3527.65
-4074.48
-4951.68
-4235.4
-5242
-4148.83
-9420.87
-11991.3
-1162.92
-1575.01
-1943.45
-2315.9
-2794.64
-3923.48
-4987.03
-5833.63
-6089.91
-6701.62
-5627.44
-7362.42
-6834.35
-13544.1
-7314.87
-714.823
-1010.46
-1489.98
-1812.05
-1822.48
-2321.61
-3139.91
-4591.14
-5297.85
-6396.65
-6050.12
-7553.48
-9342.9
-7545.48
-9544.43
-1668.33
-2563
-2961.78
-2764.75
-3547.13
-6541.15
-8792.85
-9653.1
-9699.83
-11222
-9566.75
-14612
-14709.9
-8836.16
-7396.84
-413.709
-887.983
-1943.18
-1881.38
-867.159
-748.916
-2653.52
-4762.16
-5616.35
-8195.34
-7362.2
-22692.6
-19079.7
-13040.6
-12300.3
-2521.19
-6229.62
-6221.74
-5813.52
-7489.88
-17700.9
-18209.9
-17864.1
-19456.7
-24521.9
-27042.3
-42041
-22816.7
-14366.6
-6129.14
1755.52
1442.88
-1452.01
-4098.87
3874.44
4505.49
2421.77
4262.2
4004.87
5960.51
11516.9
-982.674
12129.2
28097.9
31086.9
-18670.4
-17830
-23724.9
-35281.5
-29575.5
-27123.5
-28193.8
-29845.6
-31907.9
-34283.4
-50019.1
-70134.1
-92600.1
-79404
-99528.6
)
;

boundaryField
{
    outletsourceFace
    {
        type            zeroGradient;
    }
    outletdestinationFace
    {
        type            zeroGradient;
    }
    outletFace
    {
        type            zeroGradient;
    }
    outletWall
    {
        type            fixedValue;
        value           uniform 0;
    }
    inletFace
    {
        type            zeroGradient;
    }
    inletWall
    {
        type            fixedValue;
        value           uniform 5;
    }
    inletsourceFace
    {
        type            zeroGradient;
    }
    inletdestinationFace
    {
        type            zeroGradient;
    }
}


// ************************************************************************* //
