/*--------------------------------*- C++ -*----------------------------------*\
| =========                 |                                                 |
| \\      /  F ield         | OpenFOAM: The Open Source CFD Toolbox           |
|  \\    /   O peration     | Version:  4.1                                   |
|   \\  /    A nd           | Web:      www.OpenFOAM.org                      |
|    \\/     M anipulation  |                                                 |
\*---------------------------------------------------------------------------*/
FoamFile
{
    version     2.0;
    format      ascii;
    class       volScalarField;
    location    "23";
    object      p;
}
// * * * * * * * * * * * * * * * * * * * * * * * * * * * * * * * * * * * * * //

dimensions      [0 2 -2 0 0 0 0];

internalField   nonuniform List<scalar> 
6750
(
-142.544
-70.8571
-151.552
-150.078
-173.338
-180.566
-187.523
-191.978
-194.431
-192.705
-194.055
-186.6
-193.892
-100.931
-215.516
-142.304
-70.0988
-151.151
-150.028
-173.706
-180.969
-188.039
-191.976
-194.342
-192.667
-194.323
-187.047
-193.847
-100.295
-215.578
-142.09
-69.4327
-150.871
-150.078
-174.017
-181.29
-188.413
-191.929
-194.196
-192.597
-194.494
-187.239
-193.809
-99.7528
-215.71
-141.824
-68.5535
-150.496
-150.13
-174.411
-181.678
-188.81
-191.965
-193.997
-192.581
-194.641
-187.294
-193.871
-99.4303
-215.584
-141.597
-67.6358
-150.154
-150.214
-174.774
-182.015
-189.177
-192.146
-194.029
-192.886
-194.907
-186.47
-193.777
-99.1408
-215.528
-141.426
-66.728
-149.819
-150.29
-175.117
-182.386
-189.797
-192.524
-193.968
-192.917
-194.592
-186.687
-193.859
-98.8231
-215.493
-141.366
-66.0086
-149.547
-150.329
-175.327
-182.667
-190.086
-192.368
-193.879
-192.965
-194.428
-187.19
-193.908
-98.4559
-215.489
-141.403
-65.8145
-149.479
-150.351
-175.417
-182.806
-190.33
-192.523
-193.867
-192.901
-194.49
-187.726
-193.937
-98.1977
-215.577
-141.502
-66.1873
-149.664
-150.391
-175.38
-182.789
-190.321
-192.633
-194.007
-192.876
-194.442
-187.203
-193.883
-98.3464
-215.376
-141.697
-66.9917
-150.017
-150.403
-175.21
-182.566
-189.926
-192.512
-194.012
-192.845
-194.448
-186.289
-193.738
-98.6477
-215.246
-141.978
-67.9589
-150.429
-150.389
-174.93
-182.238
-189.388
-192.274
-194.096
-192.765
-194.814
-186.397
-193.587
-98.8331
-215.173
-142.291
-68.9084
-150.829
-150.353
-174.602
-181.919
-188.968
-192.114
-194.059
-192.549
-194.565
-186.917
-193.597
-99.0258
-215.123
-142.62
-69.8046
-151.251
-150.35
-174.248
-181.578
-188.628
-192.176
-194.354
-192.497
-194.279
-187.323
-193.533
-99.3053
-215.175
-142.873
-70.4788
-151.562
-150.331
-173.959
-181.284
-188.291
-192.287
-194.418
-192.596
-194.066
-187.272
-193.553
-99.8194
-214.995
-143.145
-71.239
-151.992
-150.416
-173.619
-180.917
-187.795
-192.388
-194.637
-192.605
-193.739
-186.828
-193.586
-100.449
-214.892
-195.627
-53.8996
-155.362
-149.905
-173.956
-181.056
-187.912
-192.404
-195.307
-192.642
-193.52
-185.035
-200.924
-79.4004
-299.201
-195.348
-53.1649
-154.879
-149.775
-174.368
-181.479
-188.512
-192.314
-195.07
-192.713
-193.783
-185.357
-200.837
-78.867
-299.488
-195.123
-52.6453
-154.615
-149.786
-174.673
-181.745
-188.878
-192.217
-194.894
-192.691
-194.028
-185.186
-200.707
-78.4373
-299.905
-194.841
-51.8905
-154.195
-149.771
-175.077
-182.104
-189.298
-192.167
-194.568
-192.609
-194.376
-185.161
-200.762
-78.0138
-299.842
-194.631
-51.1439
-153.811
-149.809
-175.43
-182.379
-189.621
-192.195
-194.511
-192.696
-194.765
-184.401
-200.553
-77.7256
-299.879
-194.514
-50.3986
-153.395
-149.843
-175.772
-182.701
-190.214
-192.576
-194.419
-192.7
-194.623
-184.878
-200.702
-77.4349
-299.913
-194.541
-49.8079
-153.024
-149.861
-175.967
-182.933
-190.479
-192.389
-194.47
-192.721
-194.529
-185.289
-200.823
-77.1535
-299.961
-194.629
-49.643
-152.923
-149.874
-176.05
-183.048
-190.694
-192.545
-194.28
-192.656
-194.488
-185.672
-200.911
-76.9967
-300.142
-194.708
-49.9364
-153.179
-149.919
-176.02
-183.04
-190.687
-192.623
-194.477
-192.595
-194.431
-185.489
-200.873
-77.0401
-299.813
-194.885
-50.5856
-153.636
-149.952
-175.86
-182.869
-190.318
-192.558
-194.524
-192.605
-194.511
-184.737
-200.658
-77.2423
-299.591
-195.173
-51.3762
-154.133
-149.984
-175.593
-182.614
-189.844
-192.432
-194.664
-192.602
-194.721
-184.522
-200.427
-77.4082
-299.405
-195.506
-52.144
-154.569
-149.994
-175.275
-182.367
-189.466
-192.398
-194.771
-192.545
-194.457
-184.951
-200.529
-77.5945
-299.227
-195.873
-52.9184
-155.039
-150.066
-174.925
-182.081
-189.151
-192.649
-195.311
-192.593
-194.036
-185.436
-200.518
-77.982
-299.162
-196.147
-53.4484
-155.332
-150.088
-174.649
-181.854
-188.847
-192.921
-195.494
-192.688
-193.791
-185.544
-200.643
-78.3811
-298.651
-196.467
-54.1937
-155.848
-150.262
-174.281
-181.485
-188.311
-193.155
-195.96
-192.552
-193.543
-185.43
-200.783
-78.9218
-298.294
-284.687
-16.5801
-158.034
-151.181
-175.004
-182.182
-189.01
-193.476
-196.296
-193.091
-195.128
-183.897
-211.91
-28.6539
-446.07
-284.297
-16.0807
-157.534
-150.889
-175.42
-182.628
-189.696
-193.465
-196.25
-193.166
-195.092
-183.99
-211.456
-28.1782
-446.587
-284.021
-15.8923
-157.324
-150.824
-175.686
-182.838
-190.003
-193.31
-196.13
-193.099
-194.807
-183.85
-210.732
-27.6416
-447.484
-283.69
-15.4847
-156.863
-150.669
-176.061
-183.168
-190.432
-193.155
-195.813
-193.071
-194.733
-183.997
-210.809
-27.4242
-447.186
-283.519
-15.1337
-156.42
-150.621
-176.369
-183.373
-190.7
-193.006
-195.821
-192.83
-194.639
-183.016
-210.373
-27.296
-447.261
-283.533
-14.6944
-155.868
-150.567
-176.67
-183.631
-191.198
-193.358
-195.756
-192.762
-194.725
-183.114
-210.48
-26.9843
-447.393
-283.738
-14.2836
-155.308
-150.55
-176.826
-183.801
-191.412
-193.185
-195.959
-192.97
-194.821
-183.11
-210.547
-26.6333
-447.53
-283.875
-14.154
-155.125
-150.553
-176.896
-183.895
-191.598
-193.378
-195.714
-192.962
-194.924
-183.422
-210.441
-26.2038
-448.137
-283.869
-14.337
-155.516
-150.608
-176.88
-183.894
-191.555
-193.473
-195.856
-192.942
-194.97
-183.588
-210.816
-26.4635
-447.301
-283.979
-14.6968
-156.156
-150.676
-176.758
-183.783
-191.286
-193.52
-195.71
-193.039
-195.171
-183.454
-210.705
-26.6762
-446.904
-284.274
-15.1037
-156.801
-150.8
-176.544
-183.601
-190.932
-193.361
-195.968
-193.135
-195.206
-183.082
-210.431
-26.7696
-446.549
-284.658
-15.4483
-157.288
-150.899
-176.271
-183.418
-190.628
-193.391
-196.019
-193.264
-195.467
-183.675
-210.683
-26.7177
-446.259
-285.127
-15.8719
-157.793
-151.121
-175.969
-183.169
-190.338
-193.747
-196.472
-193.35
-195.694
-183.892
-210.682
-26.8284
-446.377
-285.478
-16.0753
-158.022
-151.222
-175.732
-182.986
-190.081
-193.972
-196.606
-193.546
-195.871
-183.816
-211.42
-27.2548
-445.359
-285.932
-16.6036
-158.554
-151.572
-175.382
-182.598
-189.498
-194.041
-196.757
-193.501
-195.913
-184.26
-212.009
-27.6794
-444.773
-375.759
15.4185
-152.34
-156.745
-176.586
-184.868
-191.054
-193.843
-198.007
-198.489
-200.655
-187.843
-219.686
38.181
-608.625
-375.362
15.6529
-151.96
-156.368
-176.922
-185.327
-191.761
-194.411
-198.614
-198.235
-200.292
-187.253
-218.77
37.799
-609.521
-375.131
15.5689
-151.808
-156.285
-177.146
-185.531
-192.081
-194.583
-198.45
-197.216
-199.921
-186.268
-216.98
37.8842
-610.946
-374.851
15.5545
-151.399
-156.054
-177.443
-185.838
-192.517
-194.662
-198.031
-196.269
-199.425
-185.583
-216.681
37.0892
-610.33
-374.866
15.4625
-150.959
-155.968
-177.68
-185.998
-192.68
-194.509
-197.862
-195.723
-198.869
-184.495
-215.802
36.6566
-610.472
-375.083
15.5111
-150.35
-155.858
-177.884
-186.168
-192.957
-194.621
-197.858
-196.217
-198.949
-185.254
-215.997
36.6472
-610.691
-375.385
15.5027
-149.685
-155.818
-177.971
-186.267
-193.005
-194.415
-198.079
-196.777
-198.771
-185.728
-216.069
36.8959
-610.932
-375.516
15.4306
-149.447
-155.81
-178.008
-186.342
-193.129
-194.552
-197.807
-196.674
-198.432
-186.35
-215.67
37.4017
-611.82
-375.429
15.4547
-149.917
-155.879
-178.022
-186.338
-192.997
-194.64
-198.126
-196.969
-198.919
-186.248
-216.52
37.1715
-610.67
-375.461
15.6355
-150.643
-155.966
-177.966
-186.268
-192.938
-194.741
-198.009
-196.623
-198.944
-185.998
-216.466
37.1202
-610.057
-375.72
15.8505
-151.345
-156.151
-177.864
-186.187
-192.86
-194.768
-198.169
-196.222
-199.517
-185.024
-216.184
37.4162
-609.585
-376.079
16.0652
-151.827
-156.282
-177.664
-186.061
-192.69
-194.862
-198.331
-196.449
-199.909
-185.633
-216.786
38.0736
-609.089
-376.559
16.0492
-152.286
-156.591
-177.466
-185.855
-192.425
-194.917
-198.726
-197.363
-200.588
-186.635
-217.146
39.0004
-609.405
-376.901
16.0876
-152.447
-156.711
-177.27
-185.68
-192.131
-194.82
-198.952
-198.63
-200.902
-187.601
-218.973
39.0331
-607.738
-377.387
15.7613
-152.862
-157.162
-177.034
-185.319
-191.606
-194.488
-198.462
-198.797
-201.192
-188.469
-219.917
39.5076
-606.653
-478.797
11.6467
-144.629
-168.933
-180.008
-189.507
-194.753
-196.495
-199.947
-203.648
-210.564
-199.088
-235.508
83.0788
-790.394
-478.503
11.9704
-144.454
-168.579
-180.244
-190.04
-195.5
-197.105
-200.966
-203.97
-209.856
-198.945
-234.055
81.4077
-791.802
-478.371
11.943
-144.418
-168.521
-180.488
-190.38
-195.893
-197.346
-201.295
-203.61
-208.015
-197.956
-231.362
80.3102
-793.692
-478.267
11.9878
-144.195
-168.31
-180.699
-190.694
-196.414
-197.072
-201.044
-202.785
-206.475
-196.67
-230.132
78.8097
-794.213
-478.467
11.8889
-143.92
-168.231
-180.897
-190.858
-196.647
-196.844
-201.044
-202.338
-205.954
-195.302
-228.382
77.5011
-794.667
-478.737
11.77
-143.481
-168.1
-180.979
-190.945
-196.843
-196.496
-201.251
-203.096
-206.491
-196.334
-227.889
76.4901
-794.884
-479.041
11.3686
-142.989
-168.037
-180.99
-190.964
-196.75
-196.183
-200.704
-202.967
-207.038
-196.94
-227.294
75.8286
-795.033
-479.164
11.0588
-142.801
-168.032
-180.983
-191.054
-196.852
-196.406
-200.454
-202.091
-206.425
-197.36
-226.591
75.5562
-795.308
-479.115
11.259
-143.178
-168.119
-181.028
-190.986
-196.699
-196.132
-200.943
-203.194
-207.398
-197.095
-227.647
76.82
-794.688
-479.163
11.8271
-143.721
-168.22
-181.013
-190.938
-196.626
-196.232
-201.357
-203.46
-206.552
-196.435
-228.238
78.2334
-793.849
-479.393
12.3426
-144.254
-168.434
-181.065
-191.005
-196.778
-196.859
-201.253
-203.129
-206.291
-195.699
-228.709
79.7334
-793.099
-479.673
12.7247
-144.582
-168.557
-180.904
-190.877
-196.565
-197.133
-201.08
-202.956
-206.435
-196.536
-230.123
81.4789
-791.858
-480.071
12.6905
-144.886
-168.87
-180.84
-190.732
-196.352
-197.602
-201.204
-203.582
-207.879
-197.803
-231.264
83.1894
-790.729
-480.33
12.6378
-144.939
-168.972
-180.629
-190.42
-195.964
-197.198
-201.062
-204.121
-209.481
-198.657
-233.852
84.4308
-788.273
-480.744
12.139
-145.171
-169.436
-180.548
-190.079
-195.553
-196.875
-200.003
-203.71
-209.836
-198.706
-235.203
86.2392
-786.347
-598.726
-23.5195
-142.582
-191.293
-188.272
-196.851
-200.378
-197.864
-203.829
-208.27
-221.806
-211.771
-283.972
89.4081
-1002.16
-598.52
-23.068
-142.51
-190.974
-188.314
-197.297
-200.727
-199.208
-204.897
-209.062
-220.984
-211.74
-279.056
84.5987
-1006.49
-598.537
-22.8674
-142.55
-190.911
-188.581
-197.936
-201.853
-201.158
-205.763
-208.106
-219.793
-211.864
-273.912
81.3535
-1010.48
-598.599
-22.4855
-142.477
-190.711
-188.672
-198.337
-202.575
-200.952
-204.89
-207.876
-218.346
-211.845
-268.844
77.7095
-1011.43
-598.82
-22.3621
-142.425
-190.596
-188.775
-198.467
-202.816
-200.468
-204.786
-208.473
-217.617
-212.212
-264.625
74.2258
-1012.11
-599.04
-22.3586
-142.252
-190.433
-188.637
-198.324
-202.087
-199.149
-204.675
-209.444
-218.257
-213.153
-261.978
71.9413
-1011.52
-599.317
-22.6756
-142.066
-190.36
-188.557
-198.214
-201.781
-198.292
-204.106
-209.393
-218.318
-214.019
-260.12
70.1042
-1011.25
-599.5
-22.8504
-141.999
-190.381
-188.528
-198.419
-202.358
-199.147
-205.192
-207.326
-217.361
-213.814
-259.517
69.5704
-1010.67
-599.624
-22.6305
-142.198
-190.47
-188.55
-198.176
-201.518
-198.753
-204.756
-209.394
-218.404
-213.786
-260.585
71.7466
-1010.78
-599.767
-22.245
-142.411
-190.592
-188.556
-198.089
-201.094
-199.236
-205.604
-209.857
-218.368
-212.814
-262.682
74.8574
-1009.91
-600.004
-22.0571
-142.666
-190.87
-188.871
-198.524
-202.626
-200.504
-205.288
-209.596
-218.454
-212.169
-265.526
78.0764
-1009.86
-600.23
-21.9635
-142.799
-191.037
-188.812
-198.492
-202.56
-201.204
-205.374
-208.212
-218.382
-211.391
-269.674
82.412
-1008.11
-600.559
-22.2681
-142.988
-191.371
-188.924
-198.353
-202.342
-201.651
-205.963
-208.669
-220.137
-211.569
-274.708
86.4543
-1006.22
-600.752
-22.4496
-142.989
-191.48
-188.68
-197.717
-201.072
-199.542
-205.481
-209.559
-221.249
-211.255
-279.618
89.6842
-1001.3
-601.105
-23.0874
-143.161
-191.946
-188.836
-197.519
-201.167
-198.763
-204.327
-208.653
-221.947
-211.219
-284.418
94.4953
-996.14
-731.507
-65.9842
-151.654
-223.983
-207.002
-213.814
-217.323
-207.01
-219.615
-210.12
-247.885
-227.516
-401.684
100.438
-1238.42
-731.448
-65.5305
-151.547
-223.672
-206.76
-213.904
-216.549
-207.566
-219.643
-212.651
-246.43
-228.562
-388.049
95.1286
-1246.97
-731.563
-65.2842
-151.55
-223.57
-206.883
-214.434
-217.685
-208.808
-220.846
-211.708
-244.375
-230.122
-377.398
95.3778
-1259.17
-731.595
-64.9099
-151.49
-223.348
-206.799
-214.702
-218.075
-208.785
-219.404
-211.734
-242.075
-231.224
-362.3
90.9331
-1273.96
-731.784
-64.7645
-151.497
-223.204
-206.786
-214.674
-217.955
-208.048
-218.174
-213.174
-239.941
-232.082
-349.847
81.8096
-1275.86
-731.965
-64.653
-151.449
-223.044
-206.549
-214.445
-216.556
-207.659
-217.291
-214.387
-239.154
-234.22
-340.808
73.9973
-1276.34
-732.236
-64.7014
-151.475
-223
-206.461
-214.3
-216.285
-207.1
-217.125
-215.212
-238.215
-235.018
-334.906
69.5461
-1275.85
-732.481
-64.6549
-151.504
-223.042
-206.427
-214.527
-216.981
-208.437
-218.895
-213.605
-237.486
-234.904
-334.626
68.8728
-1271.74
-732.754
-64.5528
-151.588
-223.152
-206.489
-214.282
-215.737
-208.158
-217.497
-216.04
-238.204
-234.757
-335.797
73.2762
-1274.44
-732.99
-64.4515
-151.642
-223.3
-206.544
-214.256
-215.007
-208.663
-217.547
-216.611
-240.22
-234.138
-342.621
80.7439
-1271.92
-733.261
-64.5726
-151.812
-223.628
-207.047
-214.859
-217.62
-208.684
-219.081
-215.26
-241.732
-232.341
-352.449
90.8561
-1270.07
-733.458
-64.713
-151.901
-223.863
-207.174
-215.046
-218.125
-209.906
-220.558
-213.476
-243.621
-231.511
-364.91
102.084
-1264.89
-733.758
-65.1394
-152.115
-224.262
-207.535
-215.099
-218.401
-210.014
-222.154
-213.547
-246.669
-230.596
-379.69
107.633
-1249.04
-733.912
-65.3279
-152.16
-224.421
-207.454
-214.566
-216.967
-208.544
-220.993
-214.806
-249.161
-229.365
-389.966
108.388
-1235.54
-734.238
-65.9083
-152.394
-224.918
-207.951
-214.75
-218.124
-208.578
-220.992
-212.641
-250.939
-228.26
-403.631
114.273
-1225.11
-876.423
-108.752
-168.714
-264.749
-239.174
-244.929
-252.73
-229.578
-256.353
-218.512
-305.974
-218.444
-682.33
121.387
-1557.52
-876.425
-108.374
-168.58
-264.451
-238.729
-244.683
-251.407
-228.811
-255.023
-221.579
-301.856
-218.928
-621.572
109.337
-1580.81
-876.635
-108.124
-168.535
-264.321
-238.646
-244.881
-251.772
-229.634
-254.448
-223.522
-295.425
-224.142
-575.32
103.375
-1600.8
-876.725
-107.786
-168.451
-264.087
-238.358
-244.915
-251.325
-230.025
-251.417
-223.732
-287.924
-235.143
-513.544
94.791
-1609.27
-876.969
-107.64
-168.448
-263.946
-238.209
-244.79
-250.717
-229.027
-249.295
-224.477
-283.976
-246.086
-481.026
88.3426
-1617.65
-877.171
-107.485
-168.437
-263.813
-237.947
-244.603
-249.528
-228.855
-248.096
-226.388
-279.753
-250.214
-464.294
85.0283
-1610.19
-877.483
-107.448
-168.53
-263.821
-237.894
-244.531
-249.415
-229.127
-247.994
-229.661
-278.885
-254.501
-457.354
79.5423
-1607.65
-877.767
-107.354
-168.603
-263.878
-237.879
-244.654
-249.643
-230.437
-249.04
-230.747
-277.614
-254.035
-458.448
82.4248
-1598.92
-878.121
-107.347
-168.705
-264.022
-238.056
-244.615
-249.107
-229.024
-249.066
-230.632
-279.451
-253.787
-457.87
84.4567
-1607.52
-878.414
-107.373
-168.769
-264.201
-238.221
-244.725
-248.644
-228.629
-248.985
-229.256
-282.487
-249.993
-468.005
91.9938
-1603.48
-878.747
-107.612
-168.952
-264.582
-238.839
-245.379
-251.133
-229.463
-251.56
-227.254
-287.91
-245.561
-486.592
98.3762
-1610.04
-878.97
-107.808
-169.06
-264.873
-239.186
-245.761
-252.203
-231.451
-254.119
-227.307
-292.029
-234.18
-523.453
107.227
-1598.3
-879.313
-108.244
-169.317
-265.354
-239.842
-246.154
-253.429
-231.316
-257.657
-227.291
-301.275
-224.462
-587.018
117.652
-1588.27
-879.481
-108.411
-169.394
-265.57
-240.028
-246.02
-252.923
-230.109
-258.124
-225.631
-309.264
-218.604
-629.975
121.51
-1565.51
-879.841
-108.933
-169.671
-266.114
-240.823
-246.663
-254.779
-231.445
-260.07
-223.311
-314.949
-218.746
-689.047
130.402
-1539.86
-1034.99
-155.963
-190.872
-313.633
-285.653
-292.776
-313.024
-276.798
-331.286
-253.397
-420.856
-186.172
-1242.23
130.253
-1727.77
-1035.07
-155.606
-190.733
-313.355
-285.067
-292.378
-311.395
-275.793
-327.148
-256.202
-415.119
-199.016
-1178.32
145.014
-1765.23
-1035.39
-155.315
-190.67
-313.224
-284.818
-292.36
-310.866
-276.771
-325.254
-257.616
-405.802
-208.972
-1164.22
152.362
-1869.81
-1035.55
-154.976
-190.58
-312.997
-284.34
-292.15
-309.42
-276.755
-318.929
-257.456
-384.61
-228.229
-949.577
205.885
-2043.53
-1035.85
-154.845
-190.57
-312.893
-284.062
-291.961
-308.092
-275.75
-312.613
-257.769
-364.182
-251.209
-732.625
200.087
-2062.44
-1036.09
-154.701
-190.563
-312.809
-283.752
-291.753
-306.839
-275.298
-309.931
-261.341
-352.531
-272.112
-634.638
184.004
-2069.03
-1036.47
-154.696
-190.659
-312.89
-283.737
-291.768
-306.653
-276.05
-309.813
-264.868
-346.495
-277.861
-616.568
165.295
-2044.22
-1036.81
-154.636
-190.748
-312.985
-283.784
-291.833
-306.592
-276.606
-310.501
-266.967
-347.756
-278.479
-639.375
156.406
-2001.25
-1037.26
-154.69
-190.905
-313.181
-284.11
-292.035
-306.972
-275.17
-310.161
-266.188
-350.606
-276.254
-617.13
178.562
-2049.39
-1037.65
-154.721
-191.031
-313.388
-284.446
-292.263
-307.471
-274.123
-311.073
-263.305
-360.397
-271.56
-646.938
204.471
-2052.09
-1038.1
-154.975
-191.261
-313.825
-285.259
-293.083
-310.091
-276.454
-316.695
-260.671
-373.673
-251.702
-761.227
227.102
-2042.4
-1038.38
-155.187
-191.397
-314.156
-285.862
-293.645
-312.068
-278.623
-324.434
-261.802
-395.876
-229.755
-995.195
245.409
-2002.83
-1038.78
-155.664
-191.707
-314.725
-286.855
-294.457
-314.562
-279.541
-332.088
-262.497
-418.933
-210.501
-1198.82
199.357
-1831.47
-1038.99
-155.845
-191.807
-314.988
-287.301
-294.653
-315.343
-278.368
-333.713
-261.622
-431.976
-203.385
-1207
197.04
-1733.34
-1039.4
-156.392
-192.13
-315.604
-288.394
-295.642
-317.945
-280.124
-339.117
-259.863
-439.473
-192.261
-1278.33
185.177
-1682.07
-1202.84
-211.532
-216.964
-370.083
-342.939
-351.805
-393.564
-342.557
-437.095
-291.84
-545.734
-147.515
-982.536
-57.1388
-2406.66
-1202.99
-211.147
-216.807
-369.793
-342.165
-351.313
-391.403
-342.441
-431.98
-297.087
-538.524
-157.935
-1046.15
-107.771
-2300.07
-1203.41
-210.798
-216.737
-369.671
-341.796
-351.219
-390.218
-343.378
-429.053
-299.071
-534.131
-166.131
-1154.58
-23.2863
-2242.54
-1203.65
-210.427
-216.631
-369.441
-341.128
-350.869
-387.996
-343.243
-421.41
-299.432
-525.833
-187.647
-1355.08
-46.3565
-2364.17
-1204.04
-210.3
-216.608
-369.385
-340.76
-350.734
-386.099
-342.981
-411.673
-302.95
-485.747
-228.752
-1102.52
122.838
-2699.64
-1204.35
-210.151
-216.582
-369.343
-340.383
-350.539
-384.481
-342.827
-407.055
-308.578
-455.354
-268.252
-834.346
265.113
-2652.19
-1204.82
-210.182
-216.672
-369.496
-340.421
-350.689
-384.173
-343.799
-407.227
-315.279
-446.899
-297.447
-762.007
242.097
-2652.68
-1205.26
-210.141
-216.77
-369.642
-340.544
-350.804
-384.171
-344.012
-407.435
-318.005
-450.793
-298.224
-837.27
207.424
-2530.27
-1205.83
-210.235
-216.993
-369.926
-341.047
-351.208
-385.354
-343.777
-408.226
-316.312
-451.21
-295.699
-765.811
253.802
-2664.32
-1206.34
-210.267
-217.191
-370.179
-341.57
-351.51
-386.786
-343.115
-410.187
-310.644
-465.002
-267.621
-861.903
283.962
-2649.54
-1206.91
-210.576
-217.496
-370.701
-342.678
-352.481
-390.174
-345
-419.983
-306.457
-500.798
-225.673
-1157
157.865
-2686.75
-1207.26
-210.861
-217.677
-371.078
-343.562
-353.128
-393.223
-346.256
-432.015
-303.886
-548.244
-183.243
-1416.74
-6.3493
-2336.26
-1207.72
-211.451
-218.078
-371.772
-344.973
-354.295
-397.127
-347.818
-442.884
-304.105
-559.911
-162.701
-1206.72
21.8885
-2228.97
-1207.97
-211.689
-218.215
-372.082
-345.671
-354.702
-399.038
-347.38
-447.205
-304.07
-568.018
-154.984
-1102.35
-55.762
-2270.42
-1208.43
-212.335
-218.631
-372.829
-347.174
-356.03
-402.714
-348.828
-454.379
-301.399
-577.873
-145.67
-1047.31
-24.0074
-2323.74
-1377.75
-279.399
-248.903
-437.028
-415.135
-423.899
-496.824
-427.742
-576.295
-356.835
-673.889
-210.676
-653.769
447.887
-3788.11
-1377.96
-278.968
-248.705
-436.673
-414.042
-423.133
-493.703
-427.234
-570.068
-364.955
-683.882
-238.613
-743.964
-53.5985
-3714.19
-1378.48
-278.557
-248.621
-436.562
-413.563
-423.024
-492.015
-427.904
-565.266
-365.276
-678.63
-238.127
-976.353
-174.421
-3167.37
-1378.8
-278.131
-248.481
-436.301
-412.614
-422.536
-488.762
-427.719
-555.675
-364.585
-678.29
-214.459
-1212.09
-72.4862
-2784.59
-1379.29
-277.988
-248.449
-436.296
-412.156
-422.555
-486.182
-428.398
-542.73
-372.695
-646.124
-265.51
-1595.48
-91.7608
-3024.85
-1379.7
-277.81
-248.397
-436.269
-411.644
-422.395
-483.79
-428.558
-534.204
-373.939
-599.692
-321.831
-1226.3
188.007
-3414.06
-1380.3
-277.858
-248.5
-436.5
-411.756
-422.737
-483.469
-430.003
-534.971
-384.241
-595.039
-352.423
-978.959
401.639
-3307.05
-1380.86
-277.822
-248.613
-436.692
-411.948
-422.929
-483.614
-430.448
-535.891
-389.981
-606.727
-377.502
-1096.3
311.262
-3209.12
-1381.59
-277.97
-248.917
-437.109
-412.732
-423.483
-485.707
-430.608
-538.608
-383.587
-599.04
-349.66
-987.028
430.608
-3312.84
-1382.21
-278.036
-249.193
-437.441
-413.513
-423.766
-488.07
-429.864
-542.129
-373.651
-610.898
-316.698
-1289.12
270.985
-3379.34
-1382.93
-278.442
-249.61
-438.095
-415.085
-424.886
-492.979
-431.215
-556.965
-371.624
-671.375
-264.54
-1672.25
47.2994
-3020.79
-1383.37
-278.828
-249.859
-438.541
-416.339
-425.529
-497.305
-431.532
-572.164
-365.721
-710.539
-204.922
-1288.1
25.376
-2773.92
-1383.91
-279.564
-250.393
-439.409
-418.339
-427.052
-503.007
-433.473
-587.112
-367.333
-717.444
-233.593
-1011.12
-33.6141
-3112.29
-1384.21
-279.878
-250.586
-439.772
-419.323
-427.573
-505.937
-433.533
-595.405
-369.756
-730.455
-239.52
-778.298
87.5802
-3564.96
-1384.76
-280.657
-251.146
-440.721
-421.435
-429.445
-511.343
-435.948
-606.767
-365.617
-726.143
-209.329
-717.41
535.296
-3569.45
-1552.75
-358.322
-284.362
-510.123
-496.793
-501.358
-614.825
-527.168
-766.568
-472.948
-971.502
-369.911
-1633.94
974.889
-4144.69
-1552.98
-357.791
-284.042
-509.543
-495.002
-499.629
-609.249
-522.454
-753.334
-480.516
-955.131
-375.198
-1398.74
557.031
-4344.44
-1553.6
-357.294
-283.918
-509.402
-494.29
-499.393
-606.552
-521.878
-746.38
-481.069
-943.616
-435.162
-1445.89
-92.3371
-4447.86
-1553.99
-356.736
-283.683
-508.99
-492.742
-498.436
-600.653
-520.178
-722.45
-475.916
-907.451
-381.667
-1420.93
-3.84781
-3853.39
-1554.6
-356.536
-283.62
-509
-492.086
-498.628
-596.693
-521.712
-696.637
-476.952
-866.026
-345.374
-1934.53
-52.8951
-3419.57
-1555.11
-356.29
-283.501
-508.924
-491.253
-498.431
-592.776
-522.488
-681.39
-475.469
-814.352
-494.552
-1756.46
215.428
-4257.16
-1555.87
-356.344
-283.622
-509.243
-491.446
-499.049
-592.638
-524.833
-684.409
-480.103
-783.083
-469.124
-1439.88
574.289
-4340.22
-1556.57
-356.306
-283.74
-509.444
-491.677
-499.211
-592.945
-525.314
-686.238
-488.525
-823.491
-543.761
-1466.12
553.578
-4154.76
-1557.47
-356.519
-284.141
-510.026
-492.891
-499.967
-596.334
-525.716
-690.993
-475.701
-786.05
-462.34
-1444.21
632.41
-4346.02
-1558.26
-356.63
-284.505
-510.467
-494.075
-500.148
-599.907
-524.269
-696.492
-468.3
-824.929
-476.959
-1807.58
338.412
-4334.48
-1559.15
-357.157
-285.088
-511.323
-496.386
-501.53
-607.516
-525.52
-720.15
-471.078
-896.156
-325.911
-2041.43
40.0616
-3555.5
-1559.74
-357.652
-285.445
-511.887
-498.237
-502.202
-614.225
-525.177
-748.595
-471.831
-949.365
-356.879
-1491.06
76.8779
-3943.37
-1560.43
-358.584
-286.181
-513.056
-501.24
-504.442
-623.679
-528.73
-780.895
-480.409
-1006.17
-434.536
-1508.6
81.2978
-4473.31
-1560.8
-359.008
-286.462
-513.527
-502.702
-505.185
-628.358
-529.828
-794.765
-483.223
-1032.06
-380.073
-1530.79
682.946
-4320.77
-1561.47
-360.007
-287.256
-514.854
-505.877
-508.321
-637.248
-536.979
-817.86
-482.738
-1065.15
-370.91
-1772.31
987.801
-4117.49
-1723.21
-455.804
-329.831
-595.514
-603.92
-599.837
-777.475
-653.196
-1069.75
-639.652
-1629.03
-649.119
-3344.5
769.948
-4764.22
-1723.43
-455.184
-329.333
-594.569
-600.925
-596.332
-766.419
-639.624
-1035.86
-640.441
-1541.15
-703.509
-2975.13
724.5
-4886.74
-1724.1
-454.625
-329.149
-594.375
-599.772
-595.84
-761.372
-636.448
-1017.21
-635.258
-1493.64
-739.206
-2755.97
405.445
-5254.67
-1724.55
-453.957
-328.769
-593.75
-597.241
-594.253
-751.041
-632.473
-964.517
-622.111
-1398.53
-742.649
-2336.91
123.047
-5377.57
-1725.27
-453.716
-328.661
-593.787
-596.212
-594.796
-744.876
-635.864
-920.308
-614.401
-1278.61
-566.602
-2529.68
102.55
-4871.15
-1725.9
-453.417
-328.455
-593.638
-594.848
-594.572
-738.602
-638.7
-891.73
-620.734
-1205.87
-751.668
-2664.19
514.046
-5149.86
-1726.81
-453.48
-328.607
-594.065
-595.133
-595.562
-738.558
-643.333
-896.507
-625.511
-1112.73
-682.432
-2327.1
733.944
-5755.71
-1727.68
-453.445
-328.747
-594.236
-595.439
-595.491
-739.376
-643.437
-902.892
-633.651
-1197.3
-776.473
-2139.51
967.809
-5505.41
-1728.76
-453.723
-329.283
-594.971
-597.323
-596.334
-744.707
-643.448
-910.099
-619.783
-1131.94
-679.079
-2402.89
870.945
-5744.14
-1729.73
-453.907
-329.77
-595.5
-599.197
-596.146
-750.396
-639.168
-918.986
-609.462
-1238.97
-710.731
-2848.54
807.765
-5225.99
-1730.8
-454.571
-330.593
-596.568
-602.643
-597.563
-762.128
-638.205
-957.353
-602.744
-1341.42
-538.68
-2594.23
404.15
-5231.25
-1731.56
-455.185
-331.128
-597.229
-605.416
-597.943
-772.658
-635.159
-1009.3
-605.782
-1498.16
-717.32
-2478.03
440.804
-5534.38
-1732.41
-456.323
-332.15
-598.748
-609.912
-600.907
-788.053
-639.811
-1076.08
-620.948
-1653.13
-732.848
-3202.84
868.719
-5153.05
-1732.87
-456.876
-332.558
-599.334
-612.102
-601.821
-795.811
-642.235
-1106.05
-627.234
-1730.99
-692.047
-3611.83
1134.35
-4738.9
-1733.65
-458.13
-333.678
-601.176
-616.873
-606.943
-811.107
-658.252
-1155.89
-634.783
-1852.95
-615.542
-4018.13
1257.61
-4595.52
-1878.45
-568.126
-379.608
-683.319
-713.229
-689.743
-937.416
-762.824
-1384.63
-772.704
-2305.38
-817.366
-5096.08
1165.47
-6035.51
-1878.58
-567.288
-378.769
-681.696
-708.24
-683.353
-917.893
-739.149
-1329.97
-775.513
-2188.63
-934.809
-5000.8
980.827
-6085.95
-1879.26
-566.644
-378.463
-681.324
-706.298
-682.061
-908.813
-732.539
-1304.16
-774.117
-2211.6
-1085.36
-5004.1
1176.79
-6435.9
-1879.72
-565.755
-377.805
-680.303
-702.276
-679.446
-892.799
-727.76
-1230
-758.555
-2058.89
-1127.59
-4347.05
1116.71
-7299.73
-1880.53
-565.406
-377.617
-680.349
-700.774
-680.727
-884.518
-733.774
-1165.39
-750.072
-1851.51
-861.281
-3876.1
816.08
-7258.84
-1881.24
-564.998
-377.266
-680.085
-698.745
-680.669
-876.262
-739.422
-1122.6
-772.547
-1736.99
-974.798
-4151.12
1261.71
-7179.43
-1882.3
-565.062
-377.442
-680.652
-699.189
-682.305
-876.713
-746.684
-1118.34
-774.545
-1576.59
-908.906
-3566.54
1388
-8114.33
-1883.33
-565.019
-377.595
-680.802
-699.615
-682.065
-878.706
-747.303
-1130.5
-790.005
-1669.29
-1001.61
-3148.48
1609.45
-7860.23
-1884.64
-565.38
-378.296
-681.718
-702.412
-683.022
-886.929
-746.123
-1140.77
-767.015
-1592.84
-874.299
-3622.73
1509.86
-8193.7
-1885.81
-565.667
-378.927
-682.358
-705.295
-682.473
-896.606
-740.024
-1171.35
-758.781
-1789.15
-898.178
-4222.36
1397.17
-7679.67
-1887.11
-566.535
-380.065
-683.748
-710.385
-683.906
-914.017
-736.218
-1233.71
-730.029
-1943.93
-775.571
-3836.24
924.102
-7874.87
-1888.09
-567.311
-380.839
-684.573
-714.477
-683.849
-929.851
-730.092
-1316.6
-734.033
-2208.6
-1020.13
-4570.01
1148.96
-7625.42
-1889.18
-568.772
-382.283
-686.648
-721.161
-687.901
-953.362
-734.633
-1416.64
-753.247
-2494.12
-1071.23
-5524.42
1210.42
-6645.29
-1889.77
-569.512
-382.871
-687.494
-724.499
-689.399
-965.539
-738.26
-1455.42
-755.596
-2491.28
-919.893
-5593.8
947.796
-6153.28
-1890.73
-571.187
-384.48
-690.193
-731.747
-697.726
-990.573
-765.553
-1533.53
-760.965
-2654.34
-805.816
-5646.47
1195.91
-6006.44
-1984.5
-729.73
-456.903
-778.238
-884.384
-821.267
-1202.44
-893.682
-1826.25
-870.629
-2937.95
-794.435
-5447.6
1037.42
-8582.63
-1984.62
-728.889
-455.633
-776.291
-877.242
-813.899
-1174.91
-866.015
-1747
-898.045
-2798.01
-934.8
-5531.85
912.334
-8577.86
-1985.19
-728.243
-455.117
-775.902
-874.051
-813.015
-1160.46
-861.652
-1712.98
-899.507
-2847.87
-1150.3
-6013.59
820.853
-8590.24
-1985.64
-727.387
-454.045
-774.732
-867.843
-810.938
-1135.64
-868.389
-1625.16
-899.604
-2722.35
-1157.38
-6360.1
839.188
-8686.69
-1986.41
-727.1
-453.628
-774.854
-865.082
-813.427
-1122.97
-883.144
-1554.53
-921.392
-2458.51
-821.583
-6093.01
1303.98
-8296.5
-1987.21
-726.794
-453.033
-774.554
-861.737
-813.779
-1110.36
-891.111
-1501.14
-950.983
-2383.14
-726.564
-6347.69
1446.7
-8573.22
-1988.35
-726.961
-453.208
-775.164
-862.039
-815.58
-1110.24
-898.971
-1486.19
-971.584
-2248.37
-893.384
-5521.32
1634.25
-10847.8
-1989.53
-727.058
-453.418
-775.214
-862.718
-814.466
-1112.94
-895.828
-1490.1
-975.935
-2222.81
-906.473
-4884.81
2503.69
-10434.4
-1990.93
-727.578
-454.392
-776.047
-866.937
-814.262
-1126.13
-889.399
-1517.92
-956.845
-2269.44
-918.334
-5698.01
2400.42
-10898
-1992.23
-728.099
-455.328
-776.519
-871.591
-812.005
-1142.23
-875.68
-1570.3
-919.297
-2489.76
-752.248
-6469.91
2126.94
-10052.1
-1993.6
-729.194
-456.96
-777.864
-879.293
-811.799
-1168.83
-862.556
-1662.84
-868.116
-2713.66
-852.014
-5707.89
2091.53
-10837.2
-1994.7
-730.2
-458.151
-778.497
-885.495
-809.61
-1191.9
-843.002
-1761.88
-824.905
-3012.92
-1073.98
-6776.39
2024.61
-10115.4
-1995.88
-731.899
-460.217
-780.675
-894.912
-812.382
-1224.89
-830.813
-1880.7
-792.782
-3279.43
-858.643
-7261.33
1782.39
-9097.85
-1996.58
-732.831
-461.095
-781.468
-899.742
-813.131
-1242.76
-830.996
-1932.97
-771.228
-3292.22
-586.841
-6804.03
1722.36
-8811.05
-1997.56
-734.754
-463.349
-784.589
-909.411
-822.555
-1275.96
-861.591
-2034.67
-743.386
-3515.85
-372.081
-6860
2194.27
-8382.45
-2191.53
-3051.29
-3870.84
-4916.51
-6241.32
-7829.46
-9984.89
-12461.4
-16126
-19946.5
-27334.4
-29596.7
-55585.1
-42991.7
-139627
-875.04
-1099.98
-1251.42
-1553.67
-1942.78
-2425.62
-3115.31
-3886.64
-5147.49
-6320.18
-9351.15
-11580.2
-16530.6
-26148.6
-22130.9
-591.672
-790.254
-970.849
-1262.62
-1590.19
-2022.1
-2544.89
-3270.56
-4122.86
-5585.88
-7113.54
-10903.4
-13280.8
-27246.5
-5265.73
-890.726
-1200.45
-1508.04
-1936.59
-2449.04
-3110.02
-3895.14
-4926.83
-6064
-7707.55
-9363.98
-11734
-14119.2
-15354.5
-14415.6
-1025.87
-1369.06
-1705.29
-2144.79
-2661.92
-3301.78
-4029.68
-4961.5
-5893.59
-7297.41
-8257.52
-10736.6
-10808.2
-16108.4
-16717.7
-907.153
-1244.24
-1593.69
-2058.19
-2613.99
-3275.62
-3976.53
-4794.27
-5459.14
-6460.71
-6770.07
-8648.94
-7931.17
-11702.6
-7844.69
-1386
-1908.32
-2421.1
-2971.14
-3566.38
-4206.67
-4818.9
-5516.31
-6031.28
-6983.96
-7095.96
-9794.54
-8512.55
-16325.5
-16973
-966.532
-1382.5
-1841.4
-2371.38
-2966.09
-3595.04
-4120.63
-4570.53
-4564.67
-4716.15
-4081.46
-5927.76
-3926.66
-9093.27
6461.26
-2122.37
-2982.43
-3856.72
-4474.5
-5089.63
-5533.45
-5690.25
-5758.9
-5560.55
-5886
-5710.15
-9470.46
-6165.6
-14993.6
-9767.63
-944.038
-1474.08
-2127.56
-2664.52
-3202.66
-3652.88
-3799.17
-3641.09
-2396.6
-1199.34
-403.999
-1129.92
-395.788
-3480.89
26346.6
-3326.5
-4943.18
-6876.92
-7444.53
-8283.7
-8037.78
-6979.55
-5421.03
-3737.48
-3551.74
-6175.66
-15686.3
-17327.2
-20562.4
-2925.55
-1215.45
-1550.65
-2360.55
-2331.02
-2400.08
-2340.28
-2371.28
-1593.52
2708.94
5108.51
9568.04
5575.07
3421.18
781.045
23026.7
-4854.08
-8104.47
-13424.4
-13480.3
-16475.4
-15886.8
-12849.4
-4299.87
-5821.85
-7938.14
-11264.8
-43028.7
-27579.8
-10099
-31186.3
2847
5111.28
5965.69
6251.93
8608.94
7878.68
3717.17
2494.35
-3173.2
9319.42
6187.44
-94.7488
15817.9
33052.5
33673.6
-15708.4
-15036.5
-14826.8
-21731.2
-28070.4
-42206.8
-75818.4
-114722
-115557
-60709.9
-37682.4
-30600.8
-58956
-92141.9
-101101
-2191.57
-3051.5
-3869.48
-4913.78
-6236.63
-7822.72
-9975.92
-12450.2
-16110.2
-19925.8
-27288.7
-29589.3
-55235.3
-42762.3
-135919
-873.957
-1097.97
-1248.68
-1549.29
-1935.95
-2416.1
-3102.49
-3869.26
-5123.02
-6284.1
-9277.91
-11496.4
-16475.3
-25502.9
-22115.9
-589.701
-787.189
-966.547
-1256.54
-1582.26
-2011.78
-2532.46
-3254.41
-4103.27
-5556.42
-7069.23
-10846.9
-13247.2
-26970.2
-6913.46
-887.941
-1194.96
-1499.2
-1923.19
-2431.14
-3087.59
-3870.1
-4896.94
-6032.06
-7660.03
-9288.17
-11629.6
-13858.9
-15239.6
-14577.4
-1014.67
-1351.72
-1682.26
-2116.03
-2628.54
-3264.17
-3990.14
-4917.16
-5848.41
-7226.77
-8150.74
-10595.1
-10516.9
-16157.7
-16455.3
-897.042
-1226.89
-1567.41
-2019.86
-2565.75
-3221.16
-3922.67
-4742
-5414.97
-6389.93
-6684.84
-8487.16
-7574.5
-11382.8
-5502.15
-1343.44
-1848.94
-2347.81
-2888.14
-3481.69
-4125.96
-4746.8
-5451.02
-5976.67
-6877.93
-6920.64
-9481.55
-7798.59
-16398.4
-15682
-943.359
-1350.55
-1790.42
-2295.18
-2874.83
-3500.5
-4039.43
-4526.23
-4570.42
-4692.27
-4088.54
-5796.24
-2936.2
-8524.06
20069.3
-2028.64
-2870.09
-3694.63
-4279.03
-4895.57
-5388.48
-5615.68
-5758.81
-5648.25
-5996.21
-5708.51
-8619.15
-4279.93
-13233.3
58.9894
-949.504
-1500.89
-2134.07
-2642.09
-3176.9
-3641.14
-3797.94
-3799.74
-3127.45
-2111.67
-1078.96
-2425.59
-1538.63
66.0357
24015.4
-3330.5
-4911.82
-6741.64
-7240.39
-7897.15
-7880.33
-7215.59
-6459.79
-6446.78
-6502.88
-8657.81
-18594.5
-20531.5
-21245.1
-3645.32
-1440.56
-1851.99
-2951.25
-2959.07
-2984.49
-2775.83
-2678.96
-2360.23
-216.526
-2744.28
2943.1
771.314
-1193.05
-1437.06
22762
-4991.28
-7888.72
-14529.3
-14627.8
-16817.6
-16997.8
-15875
-14213.2
-31609.2
-32020.8
-20843.1
-38706
-31528.4
-14676.1
-30393.3
2487.83
4769.96
5386.99
5325.48
7299.98
8146.18
3667.98
-10265
-27393.4
-16607.9
-3210.27
-1033.42
7149.82
26288.3
13400.5
-15651.8
-15860.7
-14477.3
-20803.9
-26507.7
-37006.5
-60845.8
-87630.6
-85733.8
-59929.3
-47190.3
-35445
-58476.8
-88153.8
-98649.4
-2192.03
-3052.47
-3869.18
-4911.66
-6233.33
-7817.53
-9969.17
-12440.9
-16098.4
-19909.3
-27254.6
-29566.5
-55197.8
-42602.9
-136494
-873.15
-1096.45
-1247.37
-1547.38
-1932.69
-2410.91
-3095.37
-3858.37
-5109.03
-6260.96
-9237.22
-11420.1
-16399.7
-25331.5
-21640.4
-588.758
-785.662
-964.542
-1253.35
-1577.88
-2005.65
-2525.73
-3245.01
-4094.26
-5540.93
-7049.68
-10817.7
-13178.4
-26955.4
-6431.33
-887.247
-1192.58
-1494.85
-1915.76
-2420.77
-3073.92
-3855.68
-4878.84
-6016.82
-7633.17
-9254.53
-11567.9
-13723.5
-15162.7
-14149.2
-1008.62
-1342.32
-1670.16
-2100.58
-2610.47
-3243.19
-3969.33
-4892.54
-5830.1
-7187.02
-8109.95
-10505
-10370.4
-16158.6
-16155.2
-894.795
-1220.12
-1556.32
-2001.83
-2541.96
-3193.1
-3897.23
-4717.53
-5403.68
-6355.71
-6673.06
-8376.67
-7425.43
-11214.1
-5888.1
-1310.67
-1812.62
-2312.84
-2851.09
-3443.55
-4087.72
-4712.54
-5418.49
-5964.16
-6811.89
-6846.48
-9188.45
-7337.72
-16179.9
-14769.7
-938.141
-1346.3
-1782.73
-2276.1
-2843.9
-3462.48
-4013.5
-4530.52
-4592.17
-4669.08
-4152.38
-5574.13
-2235.45
-7999.4
17695.4
-1979.22
-2832.32
-3689.48
-4286.25
-4887.14
-5369.2
-5588.9
-5741.31
-5696.93
-6213.11
-6197.61
-8299.35
-3920.06
-11660.2
-1013.25
-942.862
-1403.56
-2041.24
-2653.68
-3243.69
-3707.94
-3851.87
-3994.55
-4047.84
-4094.51
-3534.4
-4515.66
-1575.61
4787.81
27348.5
-3386.46
-4903.78
-7263.67
-7928.92
-8198.38
-8097.56
-7670.91
-6913.52
-8386.81
-10126
-13170
-20416.3
-20315
-19270.4
-7102.36
-1792.39
-2227.66
-4015.61
-4799.2
-4821.59
-4421.59
-3684.15
-2537.38
-770.229
-2490.18
-795.391
-1964.27
-45.7514
245.12
30440.3
-5103.48
-8127.26
-15133.5
-17239.6
-19093.1
-20111.4
-19118.1
-16299.3
-22734.9
-28434.1
-30706.6
-36296.2
-23602.1
-12587.8
-29519.6
2701.86
4994.71
5705.96
4348.43
4936.7
6944.14
3854.09
-8212.5
-17660.5
-15881.9
-14001.4
-3526.57
8322.96
19087.7
22336.4
-16690.6
-17262.3
-16210.5
-21516
-27428.9
-34900
-48439.3
-62883.9
-62042.4
-49002.3
-43512.3
-33428.8
-57395.5
-88099.7
-108620
-2192.33
-3053.23
-3869.43
-4909.99
-6226.9
-7807.53
-9957.32
-12425.2
-16078.3
-19881.4
-27207.3
-29506.4
-55029.9
-42453.8
-135655
-872.027
-1094.21
-1244.22
-1543.23
-1928.25
-2403.7
-3084.72
-3842.28
-5086.35
-6225.47
-9174.86
-11321.5
-16257.3
-24894.2
-21222.9
-587.049
-782.854
-960.718
-1247.86
-1570.7
-1995.38
-2513.59
-3228.04
-4075.53
-5509.47
-7009.74
-10750
-13099.3
-26710.1
-6540.63
-885.715
-1188.51
-1487.42
-1903.22
-2403.25
-3050.81
-3830.39
-4846.88
-5985.96
-7581.08
-9187.85
-11450.8
-13503.3
-14923.6
-14156.3
-998.563
-1325.72
-1647.38
-2071.56
-2577.17
-3205.28
-3930.99
-4847.45
-5789.06
-7109.14
-8017.91
-10326.3
-10094.3
-15908
-15766.9
-893.184
-1210.85
-1536.78
-1967.35
-2495.41
-3137.97
-3844
-4663.9
-5361.33
-6277.39
-6608.49
-8171.36
-7141.45
-10897.3
-6131.35
-1261.5
-1733.55
-2215.31
-2750.54
-3353.89
-4006.49
-4645.4
-5354.74
-5908.16
-6640.62
-6591.25
-8640.68
-6651.69
-15518
-12544.6
-959.156
-1369.93
-1778.53
-2223.43
-2755.32
-3360.71
-3932.98
-4488.36
-4514
-4531.57
-4183.28
-5260.02
-1728.89
-6658.84
20929.7
-1807.27
-2508.45
-3215.63
-3890.9
-4693.31
-5280.53
-5566.88
-5751.46
-5575.36
-6005.78
-5873.35
-6953.07
-3333.32
-8114.21
2.87717
-1007.29
-1459.09
-2005.39
-2476.78
-3036.87
-3552.59
-3732.89
-4016.59
-3965.41
-3852.94
-3393.36
-4237.53
-746.478
11782.3
29154.4
-3051.71
-4224.68
-5530.36
-6439.2
-7886.89
-8234.32
-8371.18
-9174.55
-11002.4
-12034.6
-14760.5
-21209.9
-19031.6
-16365.6
-10772.3
-1702.96
-1998.31
-3026.63
-3475.63
-4662.54
-5376.27
-5197.99
-5046.22
-3430.28
-3802.57
-2628.22
-2292.86
2582.45
3862.85
33048.5
-5291.62
-7522.79
-15696.2
-19477.6
-21951.3
-23880.8
-21587.1
-16963.3
-17040
-18412.4
-20857
-23784.3
-24378.9
-12149.2
-32059.2
1688.29
3617.01
5360.62
4105.46
1842.18
1063.27
561.088
-2586.47
-7190.85
-5770.16
-8014.5
-490.506
330.05
11401.5
46587.1
-17652.8
-19254.4
-17358.6
-21123.6
-26594.7
-32121.4
-37942.9
-42616.6
-42084.1
-36721.8
-36637.3
-34317.5
-57193.1
-95007.2
-110797
-2192.93
-3054.32
-3870.9
-4911.79
-6224.73
-7801.38
-9946.25
-12409.2
-16059.3
-19853.3
-27161.2
-29442.3
-54923.2
-42217.8
-134973
-871.538
-1092.74
-1241.26
-1538.81
-1923.99
-2397.65
-3078.83
-3831.07
-5069.72
-6197.77
-9126.54
-11244.9
-16148.3
-24630.8
-21559.1
-586.294
-781.326
-958.266
-1243.91
-1565.84
-1988
-2505.35
-3214.26
-4062.4
-5483.8
-6984.98
-10703.9
-13050.4
-26661
-6938.6
-885.907
-1187.17
-1483.73
-1895.44
-2391.46
-3033.73
-3812.02
-4821.13
-5965.06
-7539.14
-9149.48
-11356.9
-13347.1
-14780.8
-14161.9
-994.22
-1317.54
-1634.73
-2053.11
-2554.3
-3177.46
-3903.67
-4812.45
-5765.19
-7050.14
-7983.83
-10181.1
-9941.18
-15630.2
-15405.6
-897.727
-1210.85
-1529.03
-1948.35
-2466.64
-3100.24
-3808.01
-4623.18
-5343.07
-6229.72
-6616.41
-7968.5
-7025.61
-10422.3
-5567.66
-1241.95
-1694.12
-2160.18
-2685.7
-3286.31
-3939.79
-4589.02
-5298.27
-5889.16
-6493.32
-6482.4
-8210.44
-6438.26
-14094.7
-9120.67
-979.187
-1383.21
-1772.26
-2204.91
-2722.23
-3302.86
-3888.05
-4449.62
-4490.57
-4584.72
-4389.09
-4907.7
-1840.47
-4392.43
27025.6
-1667.02
-2314.54
-2996.55
-3668.1
-4452.62
-5057.7
-5380.8
-5575.68
-5710.22
-5930.45
-5580.13
-5973.33
-3354.04
-3878.62
2153.14
-1077.49
-1624.56
-2170.02
-2606.83
-3089.22
-3494.87
-3779.08
-4224.33
-3954.77
-3287.98
-4013.08
-4157.98
1423.7
17787.7
27169.4
-2546.07
-3459.02
-4943.5
-6147.9
-6690.73
-6659.57
-7033.09
-8187.82
-12956.2
-15238.4
-16967.8
-19444
-14952
-9459.57
-12647.9
-525.2
-530.544
-933.841
-1265
-2294
-2573.2
-2709.19
-2971.2
-2213.21
-3733.63
-4914.01
-4045.56
1470.74
11135.5
32140.4
-6643.28
-7834.13
-14499.4
-18616.6
-21693.9
-22958.4
-22295.2
-19077.2
-16767.4
-16478.6
-13314.9
-13493.2
-18021.8
-19450.2
-32343.7
904.767
1713.31
4780.92
4643.19
3256.66
1721.24
-535.546
-3280.56
-7058.31
-4159.81
-2364.42
2263.72
13509.3
24425.4
74371.1
-14270.4
-18026.4
-17486.9
-19408.4
-24380.2
-29947
-35284.7
-37703.6
-39873
-38408.8
-39806.4
-53232.4
-77383.9
-90578.8
-112065
-2193.51
-3055.16
-3871.75
-4913.37
-6226.09
-7802.43
-9939.93
-12391.9
-16036.9
-19821.9
-27097.1
-29389.2
-54769.4
-41965.9
-134265
-871.165
-1091.58
-1238.43
-1533.51
-1915.89
-2386.85
-3070.44
-3820.13
-5050.59
-6169.33
-9064.74
-11153.1
-15990.9
-24369.8
-21407
-585.426
-779.656
-955.44
-1238.95
-1558.93
-1978.41
-2495.96
-3198.14
-4045.56
-5450.78
-6951.14
-10641.6
-12996.9
-26592.2
-7180.28
-885.694
-1185.61
-1479.61
-1886.51
-2377.71
-3013.97
-3790.72
-4790.43
-5937.3
-7483.92
-9095.57
-11229.2
-13147.2
-14569.6
-14082.5
-989.722
-1309.09
-1620.64
-2031.11
-2526.3
-3143.65
-3870.36
-4769.09
-5730.46
-6978.86
-7936.55
-9993.68
-9774.56
-15276
-15064.3
-900.514
-1211.23
-1521.35
-1924.9
-2428.74
-3050.17
-3757.58
-4565.6
-5305.78
-6158.06
-6593.69
-7678.98
-6904.37
-9651.06
-4169.31
-1229.95
-1661.87
-2101.01
-2600.73
-3193.95
-3854.15
-4523.49
-5229.55
-5854
-6446.29
-6407.53
-7617.23
-6301.4
-11562.7
-4598.31
-991.733
-1397.44
-1772.4
-2167.46
-2658.11
-3210.93
-3798.72
-4383.74
-4576.62
-4681.44
-4531.99
-4343.84
-2559.31
-1388.62
28214.6
-1608.18
-2225.26
-2797.03
-3374.62
-4174.08
-4913.24
-5378.73
-5630.17
-5956.84
-6469.28
-5861.05
-5229.33
-3633.77
449.995
3666.71
-1173.86
-1768.39
-2201.23
-2614.66
-3073.81
-3484.53
-3874.43
-4412.85
-4809.47
-4720.2
-3927.49
-1430.2
3791.5
21257.3
22088.5
-2700.33
-3402.91
-4354.51
-5363.58
-6294.92
-6768.23
-7275.93
-7740.25
-10520.3
-14190.5
-14122.9
-11736.9
-7195.91
-1676.19
-14123.6
-989.32
-1787.77
-2460.11
-2659.07
-2661.81
-2706.86
-3155.83
-3213.89
-4600.47
-4900.87
-1980.23
-1163.69
3183.79
12677.1
23025.9
-7424.82
-7273.87
-13398
-18823.7
-22745
-23790.7
-23986.4
-21211.3
-16386.2
-9267.29
-11785.2
-20997.6
-19096.2
-20039.8
-27734.8
1380.02
3680.59
6809.06
7973.64
7609.37
4533.12
454.535
-2014.7
-2026.49
1383.08
439.363
12446.5
27419.8
34089.3
93188.9
-12802.9
-17230
-17725
-19905.9
-23597.6
-29902
-37912
-41643
-44914.9
-43194.6
-45916
-51901.8
-73296
-91947.9
-98811.5
-2194.57
-3056.6
-3873.17
-4915.24
-6227.98
-7807.31
-9945.05
-12383.4
-16017.8
-19792.9
-27020.6
-29385.4
-54639.8
-41719.2
-133701
-871.355
-1091.53
-1237.45
-1530.86
-1910.23
-2376.88
-3060.5
-3811.23
-5036.24
-6149.22
-9002.86
-11045
-15868
-24178.4
-21252.4
-585.587
-779.463
-954.569
-1236.4
-1554.43
-1971.1
-2489.08
-3186.26
-4033.73
-5421.52
-6924.42
-10591.5
-12962.4
-26609.4
-7474.78
-886.487
-1186.08
-1478.88
-1882.7
-2370.47
-3001.57
-3777.56
-4767.65
-5918.01
-7437.34
-9061.04
-11127.1
-12968.5
-14402
-13881.8
-990.173
-1308.07
-1616.56
-2021.63
-2512.39
-3124.47
-3851.56
-4740.02
-5712.25
-6931.5
-7951.52
-9881.92
-9711.05
-15096
-14771.5
-903.346
-1213.37
-1519.98
-1915.45
-2411.05
-3023.75
-3729.84
-4525.95
-5283.74
-6103.16
-6640.94
-7491.79
-6890.54
-8781.99
-1816.29
-1234.05
-1655.52
-2080.64
-2566.73
-3153.45
-3813.75
-4491.55
-5197.18
-5846.75
-6484.32
-6686.75
-7346.28
-6529.52
-8573.67
-566.189
-996.152
-1386.24
-1746.91
-2127.97
-2618.61
-3170.63
-3757.52
-4334.63
-4580.01
-4753.05
-4654.67
-4102.14
-3928.84
702.395
20719.1
-1571.69
-2140.24
-2704.76
-3320.52
-4114.42
-4862.32
-5375.71
-5678.01
-5988.08
-6471.34
-6060.98
-5333.67
-5136.79
2413.24
1185.9
-1141.97
-1685.48
-2199.87
-2684.2
-3156.39
-3560.2
-3874.08
-4362.47
-4359.25
-3973.53
-2390.11
-137.653
3427.83
20280.9
11765.8
-2465.93
-3121.37
-3926.49
-4788.8
-5841.75
-6581.38
-7025.81
-7443.04
-6758.55
-6840.8
-6931.35
-6605
-4908.45
698.183
-17904.4
-1075.58
-1564.09
-1831.53
-2174.25
-2690.28
-2915.9
-3402.83
-3614.96
-1884.66
-1094.3
-1125.01
-1740.71
1727.3
7910.29
7538.3
-6586.67
-6902.55
-9377.75
-13188.2
-17849.2
-19279.2
-17965.6
-16739.1
-13975.3
-15300.4
-25165.9
-30679.3
-18305
-13120.8
-22466.9
2616.19
5243.33
6331.51
6432.35
6974.38
6673.91
5078.47
2648.51
294.166
-6876.92
-16477.9
-11757.6
24951
18874.2
86535
-16802.1
-18147.6
-19879.6
-22759.8
-27840.6
-36341
-46807.2
-51121.8
-51166.4
-51589.1
-54827.2
-64664.5
-76427.2
-109176
-90761
-2195.81
-3058.51
-3875.1
-4917.38
-6229.29
-7810.28
-9952
-12390.2
-16002.4
-19766.6
-26923.1
-29392.8
-54513.6
-41476.9
-133126
-871.497
-1091.65
-1237.15
-1529.74
-1906.97
-2369.36
-3048.32
-3796.66
-5022.56
-6134.48
-8928.67
-10928.6
-15741.1
-23967.3
-21028.8
-585.92
-779.694
-954.315
-1234.57
-1550.58
-1963.91
-2481.11
-3173.28
-4021.61
-5388.82
-6889.49
-10518.4
-12902.3
-26608.1
-7751.75
-886.543
-1186.27
-1478.58
-1880.03
-2364.76
-2990.66
-3765.13
-4744.95
-5896.24
-7382.09
-9007.32
-10992.5
-12735.9
-14215.8
-13714.8
-991.129
-1308.32
-1613.61
-2012.01
-2496.72
-3102.4
-3828.9
-4704.57
-5681.39
-6859.64
-7931.89
-9738.7
-9621.75
-15035.9
-14523.2
-902.115
-1212.46
-1517.37
-1904.21
-2389.64
-2991.18
-3693.4
-4471.74
-5233.97
-5989.47
-6612.38
-7180.79
-6779.25
-7744.28
403.482
-1240.1
-1658.61
-2067.62
-2518.87
-3081.6
-3734.27
-4419.62
-5109.91
-5752.75
-6361.77
-6816.48
-7089.61
-6962.1
-5945.9
2206.25
-993.493
-1385.48
-1744.35
-2091.01
-2554.32
-3086.53
-3658.52
-4197.43
-4452.25
-4592.31
-4599.3
-3909.09
-4505.85
1582.96
8830.16
-1571.79
-2122.62
-2647.76
-3155.68
-3884.82
-4668.89
-5255.94
-5517.81
-5581.41
-6076.97
-6240.05
-5615.81
-6479.91
1686.34
-5263.68
-1171.58
-1827.11
-2357.59
-2716.89
-3071.33
-3320.4
-3661.14
-3933.21
-3872.51
-3830.12
-2132.07
-575.476
1765.77
18638
2317.13
-2494.67
-3579.74
-4519.71
-5245.2
-6250.27
-6878.94
-6911.52
-6723.67
-6066.12
-5382.97
-4973.23
-6338.5
-6174.52
104.694
-19075.2
-1112.37
-1883.13
-2259.84
-2698.23
-3057.24
-3270.23
-3114.25
-2823.18
-1580.04
-587.374
1400.87
215.242
1264.48
2207.54
1269.24
-6475.65
-7850.47
-10572
-12475.1
-14491
-14127.6
-10354.2
-8609.07
-12088.3
-25926.5
-31164.5
-35294.2
-19873.9
-11633.4
-14309.6
4353.34
5573.38
4678.55
4608.26
6526.87
9862.68
12030
8195.17
-4995.21
-16784.9
-16421.3
-21064.1
-7963.1
-18631.1
63189.1
-15271.1
-16429
-17312
-21718.1
-29379.7
-39426.8
-52470.3
-58277
-56875.4
-50170.3
-39387.7
-49956.4
-92964.7
-128120
-104473
-2197.38
-3061.26
-3878.66
-4922.01
-6232.97
-7814.39
-9956.94
-12406.8
-15994.4
-19750.2
-26825
-29368
-54404.9
-41238.2
-132577
-872.034
-1092.36
-1237.75
-1530.42
-1907.17
-2367.53
-3040.89
-3781.77
-5013.18
-6128.3
-8867.41
-10840.3
-15609.1
-23758.6
-20807.7
-587.228
-781.335
-956.085
-1235.63
-1550.49
-1960.68
-2476.93
-3163.66
-4014.2
-5361.71
-6863.04
-10449.7
-12821.8
-26631.7
-8008.85
-887.371
-1188.07
-1481.2
-1882.56
-2367.08
-2990.14
-3763.83
-4733.16
-5885.68
-7341.55
-8966.85
-10876.4
-12492.9
-14069.9
-13471.7
-996.918
-1315.77
-1619.9
-2014.75
-2497.36
-3099.56
-3826.2
-4689.24
-5671.4
-6812.99
-7933.84
-9631.3
-9536.84
-15163
-14354.3
-901.046
-1211.77
-1514.48
-1899.43
-2388.16
-2989.63
-3693.23
-4452.98
-5217.44
-5919.23
-6613.56
-6907.24
-6540.03
-6775.21
2619.31
-1260.7
-1678.91
-2071.83
-2505.59
-3070.7
-3725.55
-4413.31
-5076.93
-5734.78
-6314.21
-6939.15
-6915.02
-7393.26
-4513.24
3069.36
-984.663
-1339.75
-1654.28
-2011.31
-2519.96
-3068.82
-3666.87
-4172.65
-4418.44
-4534.44
-4705.43
-3975.79
-4999.22
911.428
982.529
-1587.26
-2053.1
-2523.8
-3047.17
-3859.52
-4687.11
-5256.96
-5359.45
-5520.58
-5922.43
-6321.18
-6002.06
-7630.84
-1645.28
-13534.1
-1080.64
-1555.66
-2162.59
-2690.43
-3100.13
-3306.24
-3738.52
-4065.21
-3800.15
-3344.41
-2006.05
-781.115
239.046
14782.7
-1435.54
-2502.15
-3642.38
-4833.58
-5674.37
-7171.61
-8280.51
-8363.8
-8467.3
-8028.48
-6923.1
-5352.76
-7757.01
-9135.52
-4317.99
-18123.9
-948.585
-1820.11
-2157.65
-2715.23
-3098.19
-3673.76
-3835.17
-3912.91
-3579.59
-2753.42
-774.75
-538.946
2222.8
647.127
8254.72
-8764.89
-9645.02
-9072.27
-11926.8
-16384.5
-16055.8
-13685
-13437.8
-17407.3
-22713.4
-22962.7
-24648.7
-30109.3
-14399.4
8764.98
3658.79
4661.94
6601.77
7262.05
6726.64
6956.48
5882.25
2953.94
-8979.37
-12954.8
-9313.01
-7248.74
-7672.19
-47275.1
32517.2
-16547.7
-17135.8
-18677.3
-20171.4
-24668.3
-33651
-47984.4
-54244.5
-47261.6
-36976.4
-29939.5
-39869.5
-67590.7
-128056
-131206
-2198.81
-3063.97
-3882.7
-4928.04
-6238.76
-7819.86
-9959.83
-12420.9
-15991.6
-19743.9
-26737
-29319.2
-54298.1
-40981.5
-132002
-872.61
-1093.14
-1238.36
-1531.29
-1908.22
-2368.24
-3037.46
-3771.12
-5003.19
-6123.72
-8820.86
-10764.7
-15435.7
-23527.8
-20617.9
-588.593
-783.09
-958.193
-1237.5
-1551.84
-1959.11
-2473.31
-3154.35
-4005.76
-5334.39
-6836.56
-10376.1
-12706.2
-26635.6
-8296.43
-887.803
-1189.8
-1484.75
-1887.32
-2372.61
-2993.28
-3765.4
-4723.64
-5874.53
-7300.54
-8918.07
-10759.7
-12207
-13919.8
-13408
-1003.58
-1325.21
-1630.35
-2022.55
-2501.6
-3097.13
-3820.56
-4669.49
-5650.62
-6752.52
-7902.29
-9500.64
-9334.16
-15502.2
-13889.9
-897.077
-1211.23
-1519.47
-1906.48
-2394.67
-2988.2
-3684.26
-4418.7
-5171.79
-5811.38
-6546.89
-6602.18
-6072.55
-6973.27
2470.46
-1285.35
-1725.53
-2127.66
-2533.4
-3061.37
-3677.25
-4350.89
-4985.15
-5635.95
-6193.62
-6968.46
-6744.13
-7715.75
-4202.37
-990.279
-968.285
-1340.4
-1665.05
-1981.75
-2460.41
-2999.94
-3588.12
-4024.31
-4227.75
-4321.71
-4712.96
-4085.73
-5674.51
-1287.83
-464.307
-1703.34
-2309.18
-2730.6
-2966.11
-3591.72
-4254.35
-4826.47
-4908.38
-5135.23
-5868.93
-6538.82
-6537.65
-8695.48
-5429.31
-20524.7
-1022.12
-1427.92
-1784.84
-2176.89
-2741.41
-3078.82
-3636.44
-3719.26
-3268.81
-2612.27
-2041.58
-909.376
-740.552
9636.29
4409.68
-2803.4
-4087.45
-5701.14
-5915.65
-6789.07
-7449.67
-7986.4
-7734.82
-8591.04
-8722.86
-6057.9
-8517.52
-11026.8
-8454.39
-13489.8
-159.451
-1698.17
-2742.19
-2922.02
-3610.64
-4407.18
-5624.87
-4816.39
-2750.28
-3579.38
-1582.05
-1835.86
3495.62
1276.24
11838.5
-10475.3
-12900
-14203.6
-14989.5
-17196.4
-15576.3
-9822.23
-17699.4
-20261.4
-21849.6
-21494.1
-24757.1
-21170.5
-17689.7
32647.6
2348.4
2023.33
2812.69
4016.97
6236.89
10418.5
13875.7
6401.65
-6529.48
-10370.1
-7023.32
-4255.17
5313.89
-26021
13739.7
-14147.9
-14645.3
-18280
-22796.4
-30529.4
-42591.2
-59030.8
-59727.2
-47080.5
-30379.8
-23645.4
-31499.8
-50617.9
-99526.8
-148539
-2200.33
-3066.79
-3887.23
-4935.52
-6247.5
-7829.32
-9965.31
-12433.5
-15995.9
-19757
-26660.3
-29298.3
-54171.5
-40713.8
-131400
-873.823
-1094.97
-1240.32
-1533.94
-1911.55
-2372.72
-3039.67
-3769.19
-4993.65
-6117.91
-8783.53
-10688.5
-15231.4
-23282.6
-20165
-590.834
-786.062
-961.93
-1241.77
-1556.69
-1962.34
-2474.74
-3149.23
-4000.5
-5312.15
-6813.11
-10307.3
-12587.8
-26609.8
-8599.31
-889.323
-1193.52
-1491.53
-1897.3
-2385.87
-3006.67
-3778.21
-4727.26
-5876.66
-7277.35
-8885.32
-10662.5
-11890.7
-13628.8
-12696.1
-1014.46
-1340.71
-1649.42
-2043.26
-2523.72
-3115.78
-3835.84
-4671.61
-5652.01
-6716
-7881.25
-9366.89
-9045.8
-16279.5
-13680.8
-894.94
-1213.87
-1530.82
-1929.15
-2428.55
-3021.89
-3712.54
-4424.66
-5172.14
-5762.85
-6524.38
-6263.1
-5370.9
-3165.29
5906.28
-1322.64
-1786.1
-2207.05
-2618.01
-3142.55
-3725.52
-4368.2
-4964.04
-5612.72
-6149.23
-7031.36
-6628.97
-7924.65
-2919.49
1591.48
-947.67
-1327.23
-1673.69
-2041.9
-2544.89
-3055.65
-3621.32
-3980.74
-4161.56
-4295.06
-4847.4
-4341.07
-6711.17
-3806.51
-3107.46
-1865.01
-2581.36
-3152.71
-3378.98
-3898.23
-4333.06
-4638.41
-4500.22
-4876.92
-5813.24
-6923.12
-7342.33
-10008
-9570.03
-26439.5
-921.524
-1272.75
-1597.45
-2268.95
-2736.28
-2883.84
-3277.69
-3085.62
-2554.35
-2283.08
-2102.87
-1363.3
-1572.8
5370.9
11762
-3201.66
-4424.29
-6865.88
-7273
-6911.69
-6483.37
-6579.59
-6386.74
-7374.56
-8914.85
-7034.5
-8898.66
-11054.3
-12697
-5787.83
-330.36
-524.861
-2259.16
-3829.04
-4825.27
-6259.97
-8228.48
-4396.21
-1734.38
-4324.8
-1117.71
-891.926
6195.32
368.44
10937.2
-9457.97
-12550.4
-14046.9
-19000.2
-26300.7
-28840.7
-17285.3
-15153.6
-22760.6
-25531.4
-20054.3
-21851
-16525.5
-20981.8
31356.6
2496.28
1696.31
791.04
1683.99
3995.7
9955.24
14809.7
9328.21
-9217.48
-10110.1
-3760.08
-232.662
13174.1
-6043.14
-136.9
-14145.8
-13083.5
-14719.6
-18622.4
-23600.7
-34829.4
-56099.7
-68194.2
-61665.6
-34855.7
-24329.3
-34466.5
-42071.3
-75810.9
-152325
-2201.54
-3068.96
-3890.81
-4941.87
-6255.68
-7839.11
-9971.38
-12442.7
-15998.2
-19785.4
-26592.5
-29311.5
-54041.6
-40434.2
-130913
-875.011
-1096.92
-1242.51
-1536.72
-1914.65
-2377.07
-3042.78
-3770.7
-4981.95
-6102.85
-8746.87
-10601.5
-15011.3
-23061.2
-19412.9
-592.596
-788.383
-964.825
-1245.08
-1560.75
-1965.36
-2476.33
-3144.24
-3994.24
-5290.1
-6788.49
-10225
-12490.4
-26564
-8864.58
-890.112
-1196.55
-1497.55
-1906.33
-2398.23
-3019.6
-3790.58
-4731.65
-5879.24
-7258.17
-8857.22
-10594.1
-11624.6
-13703.7
-12070.3
-1023.56
-1353.51
-1664.7
-2059.97
-2542.79
-3132.3
-3849.15
-4672.94
-5649.53
-6674.47
-7835.26
-9143.37
-8565.75
-14913.9
-8031.11
-891.226
-1216.12
-1541.16
-1948.21
-2458.43
-3051.27
-3735.06
-4426.25
-5162.92
-5709.76
-6494.97
-6116.4
-5300.51
-2110.04
9183.48
-1358.59
-1837.84
-2259.46
-2673.15
-3206.57
-3766.67
-4390.8
-4956.93
-5591.21
-6093.86
-7083.76
-6662.52
-8544.5
-2996.35
3095.37
-920.533
-1318.39
-1685.17
-2079.73
-2619.18
-3115.42
-3653.37
-3936.47
-4077.34
-4195.18
-4968.14
-4665.04
-8053.51
-6946.67
-12194.6
-2069.32
-2828.12
-3364.22
-3652.49
-4198.45
-4476.11
-4710.75
-4461.39
-4732.55
-5769.88
-7242.45
-8016.33
-11487.9
-13603.6
-30437.2
-868.178
-1379.2
-1769.84
-2239.74
-2823.34
-2861.5
-3038.84
-2531.05
-1891.23
-2060.5
-2234.52
-2111.55
-2496.43
2735.43
13761.9
-3744.68
-4597.66
-5790.9
-7094.25
-7899.64
-6741.96
-6267.6
-5289.97
-5669.48
-8065.09
-7477.46
-9744.31
-11294.6
-19804.5
-8193.9
-1211.63
-1738.92
-2338.23
-3081.04
-4789.19
-5022.4
-10715
-5714.5
-1265.94
-4356.22
-2041.21
-408.351
10271.9
-1718.91
3796.02
-10585
-13323.4
-13940.1
-16832.1
-23117.6
-28970.4
-22569.4
-14867.1
-22733
-31778.5
-22298.4
-23431.3
-19461.6
-30212.8
20029.1
2596.97
2447.05
1006.81
337.865
-66.6745
1779.36
9057.1
19509.7
-5565.59
-15475.9
-5343.73
-7158.9
9719.24
-3728.88
-1809.38
-14178.8
-13605.3
-15241.3
-18846.6
-27197.7
-37827.2
-59772.4
-65697.8
-78608.5
-48167.4
-33918.2
-43999.6
-44200.6
-65805
-149604
-2202.9
-3071.31
-3894.58
-4948.59
-6264.84
-7851.14
-9980.95
-12453.3
-15999.6
-19820.4
-26531.6
-29348.6
-53895.4
-40252.7
-130573
-877.006
-1100.23
-1246.79
-1542.48
-1921.26
-2385.6
-3050.78
-3779.05
-4975.23
-6088.69
-8714.85
-10520.4
-14817
-22902.6
-17842.9
-595.432
-792.222
-969.671
-1250.93
-1567.91
-1972.56
-2482.8
-3144.72
-3991.68
-5273.26
-6767.42
-10137.2
-12397
-26386.8
-8503.33
-892.889
-1202.61
-1507.8
-1920.83
-2417.26
-3040.86
-3812.32
-4747.9
-5895.24
-7256.98
-8851.47
-10543.9
-11488.5
-13903.4
-11416.6
-1037.41
-1373.08
-1689.02
-2087.87
-2575.35
-3165.14
-3880.01
-4695.31
-5669.05
-6656.22
-7804.4
-8826.66
-8254.32
-10630
-204.357
-894.127
-1228.7
-1566.03
-1984.15
-2508.08
-3104.76
-3785.52
-4469.64
-5206.08
-5730.66
-6551.04
-6242.72
-6247.76
-4033.65
9970.05
-1417.93
-1912.84
-2336.82
-2753.49
-3302.5
-3853.1
-4471.58
-5035.54
-5666.8
-6139.37
-7222.91
-7003.82
-9671.26
-4415.14
-930.708
-901.035
-1315.96
-1725.6
-2146.74
-2737.13
-3234.64
-3773.4
-4069.71
-4196.02
-4278.32
-5261.11
-5188.65
-9082.68
-10611.4
-20338.8
-2311.96
-3083.91
-3572.99
-3849.59
-4479.12
-4728.3
-5056.67
-4885.49
-4971.47
-5895.83
-7548.49
-8661.37
-13013.4
-18422.6
-37684.9
-824.891
-1450.62
-1998.29
-2421.72
-3134.14
-3139.77
-3448.35
-2906.12
-1985.26
-2211.93
-2573.65
-3139.05
-3600.14
-897.917
5428.88
-4356.3
-5392.21
-6579.49
-6927.7
-8006.6
-7531.59
-7806.96
-5861.2
-4976.73
-7098.51
-7346.09
-10517.2
-9555.14
-24512.9
-15246.7
-1298.77
-2267.47
-2762.43
-3060.76
-4983.83
-5581.99
-12127.5
-7348.2
223.348
-1363.31
-18.8472
756.044
15302.2
-907.19
7300.26
-10345
-12474.4
-14197.5
-15816.3
-21814.4
-26004.3
-26401.2
-15437.8
-18470.5
-31037
-19532
-14367.3
-9678.5
-39520.5
17134.1
2322.8
2434.22
2274.24
2309.2
2706.27
9137.72
9386.85
22541.6
9665.5
-12394.1
-9215.58
-7187.09
16982.9
-4521.07
4221.35
-12517.2
-13612.5
-16336.2
-20488
-30617.4
-41688.5
-61105.9
-70154.6
-86915.4
-67804.1
-49811.8
-57717.6
-60154.3
-60180.4
-148715
-2203.74
-3072.65
-3896.61
-4952.29
-6270.11
-7858.56
-9986.7
-12459.5
-15995.9
-19849.4
-26463
-29455.7
-53604.6
-40138.1
-130567
-878.226
-1102.41
-1249.67
-1546.22
-1925.27
-2390.64
-3055.09
-3784.78
-4967.35
-6082.22
-8680.33
-10500.6
-14799.6
-22912.1
-16263.1
-596.839
-794.089
-971.984
-1253.57
-1571.26
-1975.68
-2485.61
-3142.78
-3988.77
-5257.43
-6760.22
-10047.2
-12477.8
-26253
-8548.56
-894.171
-1205.94
-1513.69
-1929.16
-2428.38
-3053.18
-3824.8
-4756.36
-5904.75
-7251.05
-8854.26
-10454.6
-11453.8
-13071.1
-8992.42
-1045.09
-1383.43
-1701.94
-2102.59
-2592.87
-3182.14
-3895.54
-4705.03
-5677.43
-6636.54
-7776.79
-8602.97
-8354.35
-7987.95
284.975
-895.97
-1236.1
-1580.45
-2003.76
-2535.82
-3133.46
-3811.52
-4490.19
-5227.16
-5737.79
-6577.65
-6389.47
-6715.17
-4098.73
7504.13
-1448.82
-1944.98
-2372.87
-2793.41
-3353.31
-3893.03
-4511.32
-5079.34
-5715.3
-6162.52
-7260.43
-7326.53
-9574.89
-5304.99
-2106.84
-897.923
-1327.25
-1759.77
-2186.51
-2807.26
-3302.14
-3848.82
-4152.35
-4274.01
-4291.88
-5417.71
-5377.83
-8765
-12548.5
-21827.6
-2394.2
-3124.93
-3645.3
-3952.12
-4633.61
-4802.29
-5206.86
-5171.59
-5191.43
-5962.9
-7827.33
-8920.03
-12906.2
-21521.7
-22629
-883.283
-1500.7
-2041.13
-2408.25
-3222.59
-3230.85
-3813.58
-3224.63
-1938.7
-2320.4
-2791.09
-4058.84
-3159.6
-110.876
-2213.12
-4367.36
-5277.24
-6355.38
-6784.82
-8058.63
-6990.36
-7901.1
-6202.46
-4913.46
-7291.26
-8347.94
-11417.7
-9588.32
-25083
-33797.4
-1051.42
-1803.04
-2474.13
-2457.17
-3546.7
-2563.29
-9577.1
-9753.26
785.997
835.608
-902.836
1007.79
14775.6
-1652.1
8366.4
-9885.2
-11055.1
-12951.2
-14384.5
-19217.4
-22452.4
-29845.6
-18942.2
-17065.6
-32506.6
-20938.5
-9914.69
-12402.8
-40298.8
8924.9
2121.06
2838.4
4105.51
4967.96
6544.71
14985.6
5006.1
17138.3
24603.5
-19604.7
-12788.8
4454.84
22054.3
-14004.2
919.185
-10916.8
-12160.6
-15262.4
-20699
-31353.2
-41005.5
-56293.1
-76357.4
-85946.4
-83150.3
-53558.6
-58729.6
-58485.3
-53965.2
-145050
-2204.97
-3074.75
-3899.77
-4957.7
-6277.64
-7869.13
-9997.02
-12469.8
-15998.6
-19871.6
-26440.8
-29398.2
-53522.6
-40912.6
-131125
-880.513
-1106.3
-1255.15
-1553.95
-1934.38
-2402.12
-3066.01
-3797.78
-4966.82
-6087.46
-8678.48
-10544.6
-14402.3
-21694.1
-13602
-599.892
-798.41
-977.551
-1260.37
-1579.37
-1984.52
-2494.29
-3147.91
-3990.49
-5249.83
-6753.27
-10033.5
-12383.1
-26220.6
-6696.89
-898.425
-1213.63
-1525.72
-1945.44
-2448.94
-3076.67
-3849.21
-4778.05
-5928.33
-7259.56
-8867.8
-10352.3
-11410.5
-11507.7
-5561.98
-1058.97
-1403.54
-1728.59
-2134.3
-2629.96
-3221.3
-3932.82
-4737.91
-5709.47
-6637.61
-7747.41
-8421.19
-8299.54
-6647.85
232.818
-909.114
-1259.59
-1617.32
-2049.9
-2592.99
-3195.83
-3872.14
-4556.71
-5303.73
-5803.62
-6647.52
-6648.65
-6974.88
-4885.58
5980.01
-1496.71
-2009.6
-2454.81
-2883.74
-3460.47
-3993.26
-4603.63
-5194.14
-5851.23
-6241.29
-7407.68
-7712.28
-9201.15
-6138.68
-5638.88
-935.229
-1389.52
-1857.5
-2287.77
-2936.65
-3432.31
-3996.93
-4409.03
-4566.37
-4526.95
-5998.55
-5884.61
-8654.68
-12044.5
-28591.4
-2517.94
-3277.03
-3855.73
-4185.36
-4950.83
-5037.87
-5464.78
-5715.02
-5703.17
-6322.84
-8497.37
-10001.8
-14262.3
-27295.7
-36212
-861.017
-1483.31
-2085.71
-2394.96
-3283.54
-3269.63
-4177.53
-4385.58
-2641.9
-3005.58
-4143.95
-6057.99
-3479.93
5832.66
-16326.7
-4687.6
-5625.87
-6667.1
-7066.43
-8685.32
-7191.36
-8122.99
-7921.48
-5114.16
-6998.39
-7673.21
-12647.1
-10591
-24523.2
-21380
-855.151
-1394.34
-1897.45
-1631.94
-2554.36
-1208.61
-5806.22
-10159.5
1758.58
260.761
159.186
4455.24
20195.4
3529.69
29111.5
-9624.86
-10431
-12581
-13746.2
-18633.8
-19692.4
-22602.8
-18432.7
-9099.33
-20106.5
-14047
-10532.6
-19547.3
-47887.1
-3066.7
2856.53
3280.96
4776.19
6265.1
9066.82
20266.7
6850.92
14965.7
39608.1
-3194.43
-2068.66
8519.46
12067.3
-17512.3
7505.17
-9942.13
-11260.1
-14997.1
-20737.8
-31655.3
-40275.9
-57827.9
-86629.1
-102449
-117434
-79008.6
-65078.6
-59722.6
-60909.3
-128882
)
;

boundaryField
{
    outletsourceFace
    {
        type            zeroGradient;
    }
    outletdestinationFace
    {
        type            zeroGradient;
    }
    outletFace
    {
        type            zeroGradient;
    }
    outletWall
    {
        type            fixedValue;
        value           uniform 0;
    }
    inletFace
    {
        type            zeroGradient;
    }
    inletWall
    {
        type            fixedValue;
        value           uniform 5;
    }
    inletsourceFace
    {
        type            zeroGradient;
    }
    inletdestinationFace
    {
        type            zeroGradient;
    }
}


// ************************************************************************* //
