/*--------------------------------*- C++ -*----------------------------------*\
| =========                 |                                                 |
| \\      /  F ield         | OpenFOAM: The Open Source CFD Toolbox           |
|  \\    /   O peration     | Version:  4.1                                   |
|   \\  /    A nd           | Web:      www.OpenFOAM.org                      |
|    \\/     M anipulation  |                                                 |
\*---------------------------------------------------------------------------*/
FoamFile
{
    version     2.0;
    format      ascii;
    class       volScalarField;
    location    "18";
    object      p;
}
// * * * * * * * * * * * * * * * * * * * * * * * * * * * * * * * * * * * * * //

dimensions      [0 2 -2 0 0 0 0];

internalField   nonuniform List<scalar> 
6750
(
-135.196
-82.2729
-147.802
-146.229
-179.739
-195.103
-224.954
-269.025
-278.694
-261.541
-281.266
-234.313
-274.952
-172.529
-310.311
-134.676
-81.1255
-147.221
-146.171
-180.122
-195.357
-228.266
-265.678
-280.314
-264.465
-282.509
-234.592
-274.84
-171.285
-310.68
-134.23
-80.204
-146.816
-146.207
-180.43
-195.524
-232.746
-263.891
-283.921
-266.224
-283.648
-236.047
-275.295
-170.477
-311.133
-133.633
-78.9904
-146.241
-146.196
-180.383
-195.816
-233.15
-266.449
-284.843
-267.806
-285.493
-240.909
-276.007
-170.353
-311.343
-133.08
-77.8209
-145.754
-146.248
-180.247
-196.315
-231.052
-267.764
-274.409
-262.141
-282.435
-245.93
-276.435
-170.509
-311.575
-132.57
-76.6877
-145.307
-146.297
-180.376
-196.715
-232.739
-266.588
-267.099
-258.386
-279.662
-247.211
-276.388
-170.092
-311.684
-132.222
-75.8296
-144.992
-146.327
-180.708
-196.929
-235.548
-263.776
-268.473
-258.633
-279.034
-244.412
-275.839
-169.427
-311.699
-132.074
-75.5763
-144.844
-146.292
-180.742
-197.107
-235.58
-261.941
-270.093
-258.492
-278.793
-242.341
-275.464
-168.514
-311.729
-132.155
-75.9867
-144.951
-146.216
-180.702
-196.733
-235.541
-261.826
-269.319
-257.474
-279.287
-242.856
-275.465
-168.989
-311.448
-132.459
-76.9033
-145.209
-146.091
-180.397
-196.245
-234.677
-263.629
-267.241
-256.912
-280.252
-245.143
-275.765
-169.409
-311.17
-132.924
-78.0578
-145.576
-145.945
-179.977
-195.68
-231.226
-264.752
-269.391
-258.656
-282.595
-244.299
-275.714
-169.443
-310.844
-133.442
-79.2157
-145.983
-145.795
-179.804
-194.935
-231.341
-263.578
-280.622
-265.554
-285.653
-239.865
-275.204
-169.088
-310.429
-134.004
-80.3988
-146.49
-145.715
-179.733
-194.395
-232.052
-260.942
-281.244
-264.681
-283.985
-234.621
-274.382
-168.969
-310.048
-134.427
-81.2923
-146.845
-145.611
-179.298
-194.082
-227.471
-261.176
-277.145
-262.453
-282.274
-232.756
-273.777
-169.599
-309.483
-134.923
-82.3987
-147.372
-145.61
-178.745
-193.775
-223.275
-265.307
-275.109
-259.427
-280.842
-232.451
-273.791
-170.68
-309.016
-182.035
-62.7244
-146.61
-138.331
-167.653
-177.547
-190.335
-217.555
-228.161
-266.094
-312.597
-274.459
-287.877
-124.228
-444.305
-181.409
-61.4077
-145.724
-137.846
-166.893
-176.819
-188.826
-218.747
-237.418
-271.462
-312.723
-275.964
-286.945
-122.961
-445.458
-180.895
-60.5902
-145.19
-137.574
-166.019
-176.339
-185.438
-225.258
-252.772
-277.392
-311.768
-276.669
-286.209
-121.681
-447.111
-180.164
-59.3948
-144.346
-137.143
-164.62
-175.387
-178.771
-228.146
-263.364
-284.968
-310.88
-276.556
-286.542
-121.44
-446.811
-179.476
-58.3854
-143.678
-136.831
-163.429
-174.021
-172.382
-220.396
-252.556
-285.971
-309.218
-275.621
-286.77
-121.273
-447.156
-178.814
-57.4145
-143.045
-136.575
-162.889
-173.028
-172.097
-211.809
-242.497
-284.976
-307.46
-276.021
-286.935
-120.816
-447.388
-178.347
-56.7392
-142.62
-136.427
-163.067
-172.549
-175.587
-207.858
-241.143
-285.4
-307.773
-277.883
-286.687
-120.405
-447.669
-178.122
-56.5547
-142.422
-136.309
-163.153
-171.79
-177.687
-205.25
-239.898
-284.842
-308.096
-278.479
-285.906
-119.522
-448.52
-178.21
-56.8827
-142.596
-136.327
-163.215
-171.996
-177.249
-204.958
-238.301
-284.026
-308.307
-278.094
-286.587
-120.353
-447.342
-178.605
-57.6207
-142.961
-136.422
-163.09
-172.796
-174.885
-209.308
-239.454
-283.865
-308.049
-276.566
-286.972
-120.813
-446.694
-179.196
-58.6198
-143.49
-136.58
-163.192
-173.359
-172.327
-214.774
-244.293
-284.141
-309.047
-275.689
-286.731
-121.045
-446.161
-179.832
-59.6256
-144.057
-136.788
-163.934
-174.406
-175.612
-222.751
-259.093
-284.304
-310.936
-275.931
-286.423
-121.097
-445.498
-180.515
-60.7961
-144.813
-137.128
-165.13
-175.339
-182.346
-223.801
-254.794
-277.672
-311.946
-275.723
-285.971
-121.207
-445.536
-180.997
-61.5925
-145.295
-137.329
-165.936
-175.683
-186.722
-217.331
-237.7
-270.313
-312.817
-274.807
-286.58
-122.404
-443.722
-181.588
-62.8681
-146.118
-137.748
-166.589
-176.34
-188.375
-215.354
-225.34
-263.837
-312.794
-273.096
-287.462
-123.579
-442.427
-256.039
-26.2948
-147.541
-129.643
-155.351
-160.65
-166.157
-174.766
-192.454
-255.927
-289.995
-275.61
-266.798
-37.4998
-634.5
-255.12
-25.1025
-146.263
-128.537
-153.562
-159.372
-163.864
-180.62
-201.779
-257.655
-291.333
-276.323
-265.451
-38.1533
-636.264
-254.467
-24.6427
-145.592
-127.93
-152.168
-158.354
-163.393
-192.828
-213.118
-259.716
-291.252
-276.212
-263.826
-38.6498
-638.689
-253.489
-23.7067
-144.35
-126.884
-149.637
-155.342
-156.136
-198.62
-224.577
-264.975
-289.95
-276.44
-264.137
-39.4012
-638.674
-252.643
-23.0695
-143.393
-126.123
-147.567
-151.219
-146.085
-186.731
-224.537
-268.14
-288.955
-276.973
-264.255
-40.1637
-639.561
-251.819
-22.39
-142.435
-125.55
-146.698
-149.443
-145.546
-177.402
-219.963
-268.437
-288.655
-277.857
-264.347
-40.4251
-640.084
-251.277
-21.9783
-141.814
-125.491
-146.905
-151.921
-147.793
-176.272
-219.597
-268.827
-288.689
-278.672
-264.086
-40.6344
-640.389
-250.946
-21.907
-141.541
-125.387
-147.095
-151.973
-149.284
-174.504
-219.013
-267.815
-288.621
-278.412
-262.833
-40.4268
-641.446
-250.967
-22.1887
-141.864
-125.502
-147.203
-152.548
-148.526
-173.836
-217.873
-267.99
-288.5
-278.291
-263.937
-40.1455
-640.087
-251.39
-22.6883
-142.431
-125.651
-147.057
-152.215
-146.444
-176.032
-217.117
-267.896
-288.351
-277.567
-264.362
-39.766
-639.379
-252.095
-23.4045
-143.265
-126.001
-147.465
-151.497
-145.494
-180.666
-220.278
-267.624
-288.737
-276.338
-264.188
-39.2355
-638.536
-252.869
-24.0453
-144.084
-126.61
-148.814
-154.693
-150.649
-194.464
-225.312
-265.436
-290.07
-275.584
-264.123
-38.409
-637.28
-253.781
-24.9607
-145.225
-127.544
-151.243
-157.723
-161.197
-195.644
-217.137
-260.248
-291.557
-274.99
-263.716
-37.5731
-637.007
-254.395
-25.4051
-145.846
-128.08
-152.647
-158.754
-162.625
-183.137
-203.373
-257.292
-291.733
-275
-265.28
-37.073
-634.391
-255.269
-26.5565
-147.058
-129.104
-154.385
-159.82
-164.612
-174.642
-190.211
-255.364
-290.228
-274.145
-266.599
-36.3853
-632.452
-330.889
15.1573
-142.008
-127.136
-145.78
-144.948
-149.763
-146.28
-158.043
-222.607
-258.918
-278.213
-230.597
-20.7195
-777.805
-329.656
15.8945
-140.576
-125.152
-143.171
-141.729
-148.258
-149.891
-163.047
-224.389
-260.593
-279.283
-229.579
-24.7156
-781.424
-328.843
15.9228
-139.876
-123.931
-141.711
-138.183
-154.503
-161.599
-167.736
-227.32
-261.303
-279.962
-227.05
-28.2438
-785.605
-327.556
16.2648
-138.447
-121.936
-138.686
-131.546
-155.315
-171.867
-179.077
-233.268
-262.183
-280.894
-226.084
-31.0902
-786.926
-326.5
16.2172
-137.316
-120.525
-135.769
-125.313
-144.842
-162.401
-186.029
-237.375
-262.64
-281.518
-224.967
-33.6511
-788.675
-325.45
16.2195
-136.13
-119.651
-134.097
-125.741
-137.524
-149.806
-186.355
-238.885
-262.688
-281.617
-223.966
-35.7608
-790.178
-324.817
16.0655
-135.378
-119.773
-134.5
-131.392
-136.189
-145.831
-185.631
-239.151
-263.168
-282.16
-223.312
-36.705
-790.252
-324.343
15.8734
-135.026
-119.72
-134.454
-132.456
-134.295
-146.106
-184.025
-239.223
-263.468
-281.765
-222.222
-38.0803
-792.121
-324.266
15.7294
-135.51
-119.947
-134.751
-132.737
-134.679
-145.541
-184.149
-238.448
-263.243
-281.715
-223.219
-35.926
-790.467
-324.747
15.8129
-136.243
-120.047
-134.995
-129.804
-135.928
-146.216
-184.312
-237.982
-262.696
-281.101
-224.035
-34.3295
-789.877
-325.64
15.8168
-137.256
-120.596
-135.527
-127.148
-139.431
-153.484
-184.811
-236.986
-262.632
-280.519
-224.841
-32.1493
-788.473
-326.625
15.9035
-138.217
-121.704
-137.752
-130.463
-149.016
-167.96
-181.338
-234.014
-262.602
-279.831
-225.956
-29.2818
-786.321
-327.84
15.6204
-139.538
-123.514
-140.783
-136.783
-154.095
-164.654
-170.177
-228.093
-261.649
-278.449
-226.848
-26.5739
-785.059
-328.619
15.6322
-140.183
-124.654
-142.238
-140.524
-147.435
-150.287
-164.018
-224.431
-260.978
-277.546
-229.296
-22.8364
-780.675
-329.806
14.9551
-141.553
-126.55
-144.828
-143.729
-148.27
-142.677
-157.583
-222.332
-259.173
-276.198
-230.407
-18.9294
-776.978
-417.566
34.8872
-133.18
-131.723
-143.083
-143.575
-138.999
-135.769
-154.939
-200.767
-238.325
-284.111
-242.915
-64.7042
-925.287
-416.351
36.1351
-131.762
-129.143
-140.371
-140.279
-142.387
-139.782
-156.879
-202.41
-239.345
-283.64
-236.892
-70.7928
-932.17
-415.578
36.4791
-131.016
-127.533
-138.722
-137.982
-154.852
-146.339
-159.777
-204.449
-239.858
-283.429
-229.559
-73.8073
-939.431
-414.262
37.0475
-129.411
-124.691
-134.279
-132.797
-159.114
-154.766
-167.958
-208.529
-241.017
-284.157
-225.373
-78.8325
-942.202
-413.175
36.8589
-128.017
-122.424
-129.068
-125.443
-150.161
-151.715
-173.196
-210.84
-241.332
-284.232
-221.357
-82.8221
-945.148
-412.016
36.4667
-126.657
-120.957
-126.267
-122.799
-137.48
-144.027
-174.582
-211.702
-241.295
-284.111
-218.388
-85.8267
-947.501
-411.28
35.6815
-126.035
-121.224
-128.884
-123.551
-132.752
-140.294
-175.022
-212.045
-241.461
-284.393
-217.267
-88.433
-947.264
-410.625
35.1445
-125.697
-121.216
-129.293
-124.838
-130.489
-137.863
-174.036
-211.942
-241.297
-283.988
-216.043
-87.9143
-949.042
-410.477
35.2701
-126.202
-121.494
-129.861
-124.932
-130.67
-137.873
-174.01
-211.444
-241.116
-283.963
-217.085
-86.0435
-946.937
-410.997
36.0696
-126.815
-121.378
-128.661
-122.656
-134.594
-140.747
-173.98
-210.782
-240.708
-283.197
-218.198
-83.0558
-946.425
-411.948
36.6015
-127.829
-122.068
-128.428
-123.295
-142.135
-146.362
-173.294
-209.962
-240.61
-282.676
-220.678
-79.341
-944.081
-412.953
36.9229
-129.009
-123.838
-132.555
-128.161
-155.29
-153.308
-170.075
-208.121
-240.415
-281.998
-224.196
-75.3968
-940.335
-414.193
36.4773
-130.54
-126.606
-137.419
-135.355
-157.191
-148.938
-162.15
-203.992
-239.183
-280.559
-227.667
-70.5488
-937.71
-414.935
36.1993
-131.286
-128.268
-139.507
-138.364
-145.93
-140.43
-157.185
-201.348
-238.531
-280.009
-234.172
-67.3964
-930.345
-416.111
35.0264
-132.693
-130.895
-142.394
-142.181
-139.889
-133.175
-154.157
-199.109
-237.13
-279.547
-239.72
-61.4846
-923.461
-526.78
12.7927
-128.726
-150.017
-146.918
-151.012
-150.876
-152.622
-174.057
-214.016
-263.285
-306.56
-328.232
-60.4952
-1070.19
-525.655
14.8659
-127.535
-146.984
-144.415
-148.59
-153.501
-154.721
-175.777
-215.429
-262.077
-307.613
-318.389
-73.1618
-1087.83
-524.913
15.7792
-126.918
-144.977
-142.416
-147.696
-162.008
-158.17
-178.172
-216.29
-260.712
-307.348
-298.362
-79.9711
-1114.05
-523.633
17.2081
-125.379
-141.244
-136.327
-143.981
-164.335
-162.689
-183.12
-217.457
-258.618
-306.028
-281.299
-92.9559
-1116.5
-522.537
17.6631
-124.002
-137.74
-129.304
-138.782
-153.697
-161.361
-186.023
-217.782
-257.079
-306.656
-271.149
-102.74
-1120.17
-521.306
17.8257
-122.596
-134.76
-124.818
-134.348
-143.575
-155.998
-186.983
-217.944
-254.691
-302.82
-259.734
-109.681
-1128.01
-520.416
17.1487
-122.103
-134.274
-127.305
-132.401
-140.938
-152.772
-187.632
-218.127
-253.998
-304.463
-260.477
-110.499
-1122.31
-519.488
16.4624
-121.855
-134.248
-129.215
-132.799
-141.562
-150.06
-187.361
-217.803
-253.062
-300.998
-251.694
-108.745
-1138.76
-519.296
16.5003
-122.203
-134.586
-129.402
-132.373
-141.061
-150.572
-187.367
-217.579
-253.935
-304.332
-256.457
-105.546
-1127.25
-519.937
17.2572
-122.571
-134.75
-126.493
-132.677
-141.943
-153.091
-186.747
-216.65
-253.553
-302.325
-259.204
-104.097
-1127.36
-520.935
17.3447
-123.588
-136.665
-127.584
-135.336
-147.411
-157.367
-185.935
-215.937
-255.138
-303.004
-266.86
-97.753
-1122.37
-521.942
17.0935
-124.812
-139.826
-133.71
-140.09
-160.813
-161.547
-183.827
-214.95
-256.786
-302.526
-277.067
-87.7765
-1116.11
-523.144
15.8369
-126.334
-143.723
-140.644
-145.341
-164.657
-158.947
-178.814
-212.819
-257.957
-301.317
-291.671
-77.5601
-1116.05
-523.853
15.0108
-127.012
-145.976
-143.721
-147.29
-157.337
-154.771
-174.745
-211.238
-259.535
-301.651
-311.238
-70.8573
-1087.95
-524.942
13.0282
-128.228
-149.203
-146.655
-150.526
-151.886
-151.085
-171.848
-208.555
-260.004
-299.349
-320.951
-59.5595
-1069.69
-657.118
-28.2746
-136.012
-186.305
-169.414
-170.834
-173.447
-185.436
-221.232
-238.91
-328.253
-309.49
-547.182
-54.9459
-1244.96
-656.122
-26.1885
-134.888
-183.336
-166.517
-167.308
-173.393
-185.628
-219.132
-239.055
-319.694
-306.778
-471.435
-75.2909
-1278.34
-655.47
-25.2118
-134.369
-181.436
-164.648
-165.124
-179.269
-187.077
-219.535
-240.049
-312.703
-309.884
-387.16
-78.7263
-1327.71
-654.311
-23.5086
-133.063
-177.999
-159.448
-159.51
-183.339
-188.964
-221.044
-240.615
-304.685
-315.335
-359.336
-95.6512
-1333.52
-653.318
-22.6254
-132.037
-174.877
-153.212
-152.506
-177.24
-187.822
-220.793
-241.13
-298.926
-317.148
-338.908
-106.32
-1341.43
-652.156
-21.8523
-130.882
-171.816
-147.302
-147.53
-167.597
-183.047
-219.577
-241.746
-294.309
-314.958
-320.417
-109.93
-1354.69
-651.188
-22.0145
-130.504
-170.599
-147.007
-146.488
-164.829
-181.045
-218.998
-242.032
-291.051
-314.008
-320.864
-122.495
-1348.41
-650.077
-22.5859
-130.309
-170.266
-148.031
-147.948
-165.967
-179.931
-218.864
-242.035
-289.795
-314.154
-311.662
-112.218
-1359.23
-649.817
-22.9298
-130.453
-170.72
-148.32
-147.12
-165.195
-179.823
-218.936
-241.769
-290.304
-316.267
-319.651
-106.198
-1347.95
-650.45
-22.721
-130.64
-171.538
-147.478
-146.317
-165.288
-180.845
-219.162
-240.497
-292.013
-314.383
-321.891
-97.7505
-1348.2
-651.396
-23.2089
-131.509
-173.905
-150.995
-148.902
-170.923
-183.873
-220.322
-239.38
-296.295
-312.935
-337.599
-93.0091
-1338.63
-652.285
-23.8462
-132.424
-176.83
-157.236
-155.523
-180.262
-187.116
-221.225
-237.543
-301.801
-309.782
-356.843
-86.8982
-1324.18
-653.341
-25.3428
-133.685
-180.329
-163.215
-162.61
-181.394
-186.806
-220.737
-235.708
-309.675
-302.356
-376.755
-74.1124
-1323.21
-653.938
-26.2029
-134.233
-182.367
-165.864
-166.234
-175.501
-185.654
-219.509
-233.631
-316.579
-296.526
-453.254
-70.5908
-1273.42
-654.885
-28.1612
-135.344
-185.445
-169.053
-170.622
-173.969
-184.821
-221.596
-232.21
-323.993
-293.169
-524.852
-53.0105
-1240.84
-803.422
-73.2773
-154.376
-235.137
-211.917
-219.423
-228.379
-219.936
-278.407
-288.901
-464.844
-252.757
-1129.44
-21.2738
-1216.93
-802.519
-71.5293
-153.342
-232.619
-208.792
-215.174
-224.194
-217.382
-274.317
-286.027
-444.164
-267.953
-1104.9
-112.561
-1296.55
-801.945
-70.7083
-152.888
-231.06
-206.995
-212.579
-223.728
-218.039
-274.719
-284.519
-418.661
-298.484
-774.594
-48.4409
-1584.6
-800.904
-69.1808
-151.784
-228.292
-203.106
-207.004
-219.434
-219.534
-276.454
-281.934
-384.59
-305.059
-543.333
-12.4644
-1607.91
-800.058
-68.2737
-151.011
-225.985
-199.287
-200.137
-210.432
-218.545
-276.501
-279.99
-369.662
-324.753
-484.092
-66.299
-1598.78
-799.046
-67.3288
-150.093
-223.583
-195.144
-192.999
-200.906
-213.491
-273.329
-277.903
-355.239
-311.166
-408.729
-80.6119
-1647.44
-798.129
-67.1598
-149.755
-222.428
-193.795
-191.313
-199.81
-211.631
-272.808
-277.662
-347.428
-308.807
-503.798
-137.103
-1563.2
-797.074
-67.4857
-149.545
-221.979
-193.593
-192.649
-201.874
-211.158
-271.8
-276.893
-343.955
-308.019
-373.037
-67.5336
-1707.18
-796.594
-68.174
-149.636
-222.423
-194.093
-192.505
-200.817
-210.162
-272.065
-277.831
-346.195
-328.396
-413.62
-46.1911
-1627.16
-796.886
-68.4662
-149.771
-223.276
-194.808
-192.394
-199.638
-210.164
-272.238
-276.787
-349.274
-317.299
-415.146
-45.4174
-1634.11
-797.693
-69.11
-150.451
-225.214
-197.87
-196.982
-205.146
-212.761
-273.991
-277.514
-364.059
-317.972
-449.228
-29.3112
-1615.47
-798.388
-69.7397
-151.092
-227.318
-201.691
-204.036
-215.489
-215.556
-276.421
-278.131
-380.138
-303.379
-510.56
20.0041
-1610.43
-799.292
-71.0313
-152.089
-229.982
-205.815
-210.513
-223.501
-215.529
-276.194
-279.227
-412.152
-287.144
-704.914
-44.6893
-1611.35
-799.773
-71.7066
-152.521
-231.536
-207.912
-213.831
-225.099
-214.797
-275.373
-280.185
-440.542
-260.782
-1049.19
-117.586
-1293.43
-800.599
-73.283
-153.49
-234.021
-211.153
-218.473
-229.187
-217.491
-280.401
-282.209
-464.716
-247.15
-1082.7
-25.6584
-1201.14
-965.313
-123.92
-177.791
-292.198
-268.846
-285.217
-314.044
-296.458
-368.956
-296.328
-555.412
-257.261
-919.412
76.2931
-1560.49
-964.498
-122.447
-176.881
-290.16
-265.966
-281.315
-308.59
-291.194
-357.311
-296.441
-543.645
-273.143
-1029.89
-146.586
-1641.19
-963.98
-121.75
-176.501
-288.941
-264.331
-278.998
-305.391
-288.384
-349.295
-299.719
-512.09
-278.88
-797.934
-108.846
-1972.78
-963.045
-120.439
-175.572
-286.749
-261.156
-274.507
-298.71
-281.846
-336.977
-302.657
-462.968
-270.607
-592.281
14.6978
-1963.12
-962.291
-119.64
-174.97
-285.044
-258.546
-270.27
-291.142
-272.19
-325.619
-306.461
-453.817
-304.454
-568.545
-65.046
-1944.55
-961.372
-118.758
-174.214
-283.177
-255.686
-265.502
-282.814
-262.872
-316.524
-304.106
-433.593
-284.162
-479.407
-69.2755
-2016.22
-960.552
-118.467
-173.879
-282.199
-254.412
-263.642
-281.069
-261.978
-312.89
-307.546
-428.832
-251.098
-673.901
-229.893
-1822.32
-959.676
-118.548
-173.619
-281.701
-253.826
-263.251
-281.732
-263.665
-312.35
-306.82
-425.27
-277.712
-465.648
-71.2784
-2126.2
-959.078
-119.282
-173.711
-282.051
-254.271
-263.597
-281.69
-262.306
-311.48
-307
-418.231
-298.097
-497.013
22.8914
-2024.44
-958.878
-119.905
-173.838
-282.715
-255.133
-264.507
-282.177
-261.027
-312.921
-303.688
-424.739
-299.126
-487.575
13.6153
-1982.01
-959.353
-120.643
-174.334
-284.162
-257.375
-267.881
-287.836
-265.819
-319.646
-299.838
-444.25
-293.257
-510.078
23.199
-1970.53
-959.88
-121.157
-174.749
-285.598
-259.809
-271.972
-295.956
-275.717
-332.156
-296.988
-462.45
-263.293
-564.354
100.171
-1957.34
-960.617
-122.201
-175.507
-287.551
-262.885
-276.437
-303.714
-283.6
-348.525
-292.271
-508.815
-256.141
-744.478
-67.0224
-1993.39
-960.992
-122.716
-175.818
-288.66
-264.556
-278.903
-307.607
-287.515
-359.422
-288.414
-538.011
-251.047
-991.199
-118.338
-1625.47
-961.682
-123.964
-176.606
-290.538
-267.393
-282.829
-313.386
-293.064
-372.612
-288.692
-550.086
-231.69
-878.617
108.81
-1533.98
-1138.57
-185.887
-205.819
-357.137
-335.309
-358.588
-406.031
-384.923
-484.744
-364.582
-645.204
-266.927
-1026.33
219.038
-1812.02
-1137.9
-184.611
-205.01
-355.454
-332.816
-355.22
-400.819
-378.933
-473.433
-359.571
-638.704
-271.428
-1143.51
-89.2757
-1919.03
-1137.45
-183.976
-204.695
-354.494
-331.458
-353.288
-397.632
-375.158
-463.717
-352.315
-611.782
-269.304
-932.418
-98.5257
-2313.06
-1136.66
-182.828
-203.901
-352.722
-328.863
-349.626
-391.692
-367.424
-446.006
-337.887
-534.78
-261.535
-718.872
49.2416
-2363.81
-1135.98
-182.119
-203.413
-351.422
-326.95
-346.7
-386.761
-360.475
-433.002
-335.432
-535.339
-300.294
-675.937
-13.7004
-2354.06
-1135.14
-181.332
-202.759
-349.937
-324.769
-343.363
-381.149
-352.592
-417.217
-328.606
-514.496
-273.87
-614.962
-86.5654
-2456.8
-1134.42
-181.001
-202.42
-349.117
-323.688
-341.749
-379.061
-351.481
-416.866
-328.226
-510.045
-246.992
-778.209
-257.138
-2165.54
-1133.69
-180.898
-202.122
-348.597
-323.031
-340.863
-378.157
-351.682
-419.037
-329.677
-504.176
-267.051
-699.368
-158.563
-2468.44
-1133.17
-181.346
-202.163
-348.795
-323.366
-341.162
-378.707
-351.244
-417.744
-326.665
-490.416
-254.943
-615.273
-5.45207
-2554.36
-1132.74
-181.922
-202.244
-349.201
-324.01
-341.924
-379.944
-350.608
-415.606
-324.644
-496.375
-281.371
-614.786
98.6099
-2365.64
-1132.6
-182.852
-202.637
-350.225
-325.667
-344.207
-384.167
-354.86
-425.795
-326.095
-523.194
-285.641
-674.174
64.0098
-2365.63
-1132.64
-183.524
-202.923
-351.168
-327.276
-346.622
-388.994
-361.084
-440.002
-326.757
-526.031
-253.281
-694.215
150.296
-2336.24
-1133.12
-184.421
-203.49
-352.581
-329.583
-349.824
-394.947
-368.376
-459.373
-337.922
-606.322
-260.011
-915.237
-55.6812
-2290.88
-1133.39
-184.819
-203.686
-353.341
-330.814
-351.573
-398.3
-372.409
-470.215
-346.418
-628.663
-253.414
-1097.63
-62.5555
-1877.43
-1133.88
-185.8
-204.305
-354.746
-333.103
-354.673
-403.623
-378.438
-482.673
-353.691
-632.647
-241.346
-969.532
246.764
-1754.94
-1315.24
-259.548
-238.381
-430.476
-412.412
-440.706
-511.066
-488.263
-619.128
-460.69
-799.26
-267.367
-1227.14
379.82
-2226.33
-1314.7
-258.44
-237.647
-429.041
-410.217
-437.789
-506.314
-482.198
-608.075
-449.37
-788.847
-256.591
-1379.86
-6.81224
-2383.52
-1314.31
-257.839
-237.368
-428.243
-409.062
-436.184
-503.514
-478.515
-599.365
-438.936
-753.284
-254.185
-1123.11
-23.8226
-2820.01
-1313.63
-256.818
-236.666
-426.747
-406.849
-433.15
-498.388
-471.674
-583.328
-418.65
-665.659
-228.115
-902.79
155.802
-2838.95
-1313.01
-256.152
-236.236
-425.682
-405.332
-430.942
-494.8
-466.851
-576.183
-415.295
-684.897
-278.518
-852.259
58.0575
-2989.4
-1312.24
-255.428
-235.643
-424.426
-403.536
-428.333
-490.456
-460.909
-564.521
-406.626
-672.731
-289.916
-935.43
-128.433
-2944.75
-1311.58
-255.064
-235.298
-423.678
-402.592
-426.88
-488.534
-458.748
-563.591
-408.573
-672.405
-274.269
-948.325
-167.516
-2565.51
-1310.9
-254.836
-234.966
-423.083
-401.87
-425.769
-487.011
-457.01
-560.685
-409.218
-668.831
-282.386
-983.262
-247.194
-2718.62
-1310.37
-255.034
-234.91
-423.069
-402.018
-425.741
-487.458
-456.498
-560.778
-402.832
-647.846
-260.425
-821.567
-88.612
-3119.12
-1309.88
-255.364
-234.883
-423.196
-402.33
-425.974
-488.18
-455.802
-557.851
-391.072
-624.058
-251.544
-823.943
179.848
-2915.18
-1309.62
-256.018
-235.121
-423.816
-403.475
-427.341
-491.391
-458.895
-568.99
-397.893
-679.001
-265.658
-953.34
63.4353
-2757.95
-1309.35
-256.602
-235.28
-424.352
-404.478
-428.607
-494.327
-461.925
-575.591
-395.822
-650.653
-219.002
-864.92
224.432
-2829.98
-1309.32
-257.456
-235.69
-425.317
-406.186
-430.765
-498.981
-467.437
-592.78
-415.2
-752.696
-250.92
-1188.63
40.4494
-2661.81
-1309.17
-257.992
-235.838
-425.805
-407.051
-431.851
-501.492
-470.342
-601.276
-424.891
-777.982
-227.202
-1340.13
56.2465
-2253.8
-1309.3
-258.823
-236.329
-426.823
-408.853
-434.148
-505.979
-475.73
-612.852
-436.318
-787.696
-220.748
-1174.86
445.285
-2060.39
-1492.52
-347.151
-276.263
-511.513
-499.579
-528.762
-623.044
-595.887
-771.645
-571.852
-1026.05
-306.383
-1662.06
631.691
-3089.64
-1492.06
-346.157
-275.571
-510.248
-497.571
-526.16
-618.612
-590.377
-760.4
-559.604
-1002.77
-285.004
-1799.57
261.889
-3215.22
-1491.69
-345.565
-275.302
-509.548
-496.542
-524.802
-616.231
-587.35
-753.129
-551.459
-962.91
-267.044
-1412.37
307.776
-3597.6
-1491.07
-344.62
-274.651
-508.234
-494.564
-522.186
-611.754
-581.812
-740.063
-537.359
-902.042
-249.352
-1193.59
327.178
-3758.7
-1490.46
-343.946
-274.241
-507.295
-493.266
-520.392
-609.032
-578.357
-735.496
-534.436
-919.1
-298.754
-1251.09
104.523
-3840.15
-1489.73
-343.236
-273.684
-506.165
-491.686
-518.197
-605.517
-573.848
-726.82
-526.348
-909.912
-321.917
-1371.19
-85.0866
-3558.85
-1489.04
-342.811
-273.331
-505.425
-490.823
-516.874
-604.002
-571.71
-725.955
-527.945
-912.457
-321.941
-1313.09
-44.8247
-3085.69
-1488.32
-342.494
-272.969
-504.744
-490.05
-515.65
-602.416
-569.329
-721.791
-524.333
-901.215
-325.167
-1342.68
-180.802
-3182.31
-1487.7
-342.491
-272.831
-504.509
-490.051
-515.343
-602.913
-568.698
-724.588
-520.953
-903.582
-301.631
-1257.35
-100.496
-3683.66
-1487.1
-342.615
-272.713
-504.383
-490.138
-515.146
-603.268
-567.513
-722.289
-506.636
-864.053
-255.683
-1161.27
132.786
-3657.44
-1486.64
-343.033
-272.802
-504.675
-490.942
-515.882
-606.018
-569.463
-734.501
-514.807
-935.709
-279.69
-1356.32
44.6072
-3283.18
-1486.2
-343.438
-272.857
-504.918
-491.587
-516.454
-608.05
-570.669
-738.808
-512.225
-907.123
-230.959
-1185.81
357.469
-3641.02
-1485.95
-344.057
-273.118
-505.511
-492.897
-517.904
-612.089
-574.548
-754.609
-526.632
-992.844
-254.368
-1558.81
291.045
-3401.62
-1485.61
-344.549
-273.23
-505.794
-493.534
-518.544
-614.141
-576.345
-761.936
-532.366
-1023.01
-245.338
-1790.13
326.051
-2993.59
-1485.51
-345.144
-273.585
-506.471
-494.982
-520.248
-618.258
-580.81
-774.094
-543.643
-1041.36
-249.891
-1586.96
723.055
-2747.3
-1655.66
-445.597
-319.703
-598.474
-601.896
-632.236
-761.509
-725.59
-977.2
-723.361
-1367.51
-427.716
-2240.27
714.599
-4231.63
-1655.22
-444.639
-318.989
-597.255
-599.857
-629.67
-756.845
-720.347
-965.179
-713.168
-1335.91
-411.723
-2164.68
520.18
-4519.67
-1654.84
-444.012
-318.686
-596.557
-598.776
-628.336
-754.391
-717.643
-958.464
-707.794
-1310.02
-401.971
-1997.01
512.587
-4673.04
-1654.22
-443.061
-318.012
-595.273
-596.758
-625.752
-749.759
-712.493
-945.945
-698.589
-1269.64
-401.315
-1911.42
354.347
-4758.31
-1653.57
-442.313
-317.554
-594.305
-595.386
-623.932
-746.957
-709.115
-940.838
-694.581
-1266.71
-422.821
-1926.77
251.993
-4459.58
-1652.79
-441.539
-316.959
-593.131
-593.72
-621.649
-743.327
-704.528
-932.064
-685.781
-1247.73
-430.079
-1913.3
160.557
-4429.59
-1652.01
-440.989
-316.531
-592.256
-592.689
-620.074
-741.626
-701.57
-930.855
-682.038
-1252.07
-429.151
-1909.93
119.572
-3932.15
-1651.18
-440.542
-316.092
-591.392
-591.691
-618.448
-739.654
-697.935
-925.832
-672.466
-1236.01
-413.797
-1906.52
14.225
-3998.18
-1650.39
-440.346
-315.83
-590.864
-591.382
-617.604
-739.806
-696.173
-929.619
-668.113
-1252.69
-384.425
-1907.03
70.7252
-4510.16
-1649.62
-440.269
-315.598
-590.415
-591.158
-616.786
-739.618
-693.482
-927.517
-652.146
-1223.06
-297.74
-1757.01
124.965
-4734.49
-1648.94
-440.432
-315.546
-590.302
-591.592
-616.788
-741.817
-693.569
-939.458
-655.631
-1301.2
-334.669
-2153.43
246.273
-4158.63
-1648.28
-440.651
-315.498
-590.203
-591.901
-616.623
-743.095
-692.541
-941.887
-648.303
-1281.94
-288.611
-1929.26
543.996
-4480
-1647.76
-441.055
-315.59
-590.399
-592.807
-617.257
-746.497
-694.023
-955.512
-651.98
-1341.07
-287.881
-2185.4
653.821
-4288.39
-1647.17
-441.498
-315.649
-590.471
-593.218
-617.353
-748.004
-693.912
-960.401
-649.555
-1354.19
-271.658
-2288.27
775.458
-3962.84
-1646.82
-441.87
-315.851
-590.795
-594.298
-618.329
-751.68
-696.379
-972.134
-654.187
-1375.62
-263.563
-2181.39
1089.38
-3686.99
-1809.8
-563.123
-371.606
-694.152
-714.287
-739.752
-901.689
-848.861
-1166.89
-851.475
-1647.16
-535.362
-2795.79
1104.23
-5741.07
-1809.33
-562.097
-370.809
-692.885
-712.063
-737.056
-896.483
-843.401
-1153.61
-842.346
-1619.93
-539.662
-2821.27
993.609
-6027.88
-1808.9
-561.39
-370.456
-692.154
-710.864
-735.7
-893.877
-840.889
-1147.25
-838.67
-1602.64
-543.271
-2791.16
923.473
-6183.83
-1808.22
-560.342
-369.706
-690.809
-708.671
-733.017
-888.901
-835.604
-1134.32
-829.507
-1562.2
-543.602
-2698.17
769.938
-6622.12
-1807.48
-559.462
-369.167
-689.752
-707.133
-731.102
-885.981
-832.088
-1129.71
-824.471
-1563.78
-557.956
-2823.92
448.371
-6373.53
-1806.6
-558.548
-368.49
-688.463
-705.29
-728.659
-882.26
-827.189
-1121.85
-814.466
-1538.92
-549.771
-2603.04
170.002
-6957.35
-1805.67
-557.822
-367.962
-687.419
-704.055
-726.87
-880.661
-823.953
-1123.97
-809.46
-1573.85
-536.884
-2712.98
157.75
-6182.43
-1804.67
-557.199
-367.425
-686.362
-702.848
-724.96
-878.701
-819.64
-1120.89
-795.609
-1563.29
-493.74
-2669.49
41.4624
-6045.4
-1803.69
-556.797
-367.039
-685.575
-702.274
-723.774
-878.952
-817.521
-1127.78
-791.501
-1601.88
-468.189
-2872.72
99.0454
-6532.19
-1802.7
-556.533
-366.696
-684.866
-701.825
-722.58
-878.862
-814.125
-1127.46
-770.188
-1571.16
-271.567
-2597.59
57.7646
-7264.96
-1801.78
-556.487
-366.502
-684.431
-702.015
-722.213
-881.296
-814.094
-1142.91
-774.924
-1676.65
-354.584
-3523.28
204.005
-6157.83
-1800.89
-556.543
-366.363
-684.073
-702.196
-721.741
-883.051
-812.881
-1150.06
-768.882
-1677.76
-328.286
-3055.78
760.92
-6485.63
-1800.12
-556.742
-366.323
-683.935
-702.929
-722.037
-887.073
-814.528
-1168.96
-776.053
-1753.87
-359.001
-3192.23
1021.19
-5907.07
-1799.31
-557.109
-366.366
-683.83
-703.307
-721.948
-889.189
-814.269
-1178.59
-774.115
-1788.85
-341.877
-3269.96
1149.44
-5515.73
-1798.75
-557.264
-366.451
-683.854
-704.232
-722.612
-893.596
-816.867
-1195.22
-781.047
-1825.19
-336.647
-3196.95
1544.45
-5024.51
-1897.1
-708.613
-436.585
-780.776
-855.268
-871.877
-1100.3
-1005.96
-1486.06
-1018.81
-2229.36
-727.337
-3960.96
683.906
-8655.68
-1896.6
-707.476
-435.523
-779.288
-852.375
-868.606
-1092.95
-999.083
-1465.51
-1006.78
-2174.89
-745.203
-3931.98
875.74
-9064.36
-1896.1
-706.63
-434.988
-778.416
-850.657
-866.944
-1088.64
-996.195
-1453.19
-1003.97
-2141.91
-776.714
-3988.61
467.389
-9708.69
-1895.34
-705.408
-433.967
-776.82
-847.707
-863.663
-1081.19
-989.593
-1431.17
-994.772
-2088.07
-824.761
-4238.26
34.8633
-10611.7
-1894.48
-704.298
-433.167
-775.505
-845.483
-861.228
-1076.51
-985.098
-1421.5
-988.437
-2066.26
-862.761
-3979.68
374.487
-10736.5
-1893.46
-703.127
-432.214
-773.909
-842.925
-858.111
-1071.08
-978.224
-1409.01
-969.491
-2021.72
-784.672
-3343.95
467.06
-11996.9
-1892.37
-702.092
-431.405
-772.516
-841.014
-855.606
-1068.44
-972.52
-1411.91
-948.165
-2075.05
-632.528
-3827.88
376.136
-10454.5
-1891.2
-701.143
-430.598
-771.095
-839.153
-853.004
-1065.35
-966.341
-1406.66
-926.705
-2055.67
-532.718
-3661.89
601.542
-9513.33
-1890.01
-700.38
-429.936
-769.9
-837.914
-851.107
-1064.65
-962.629
-1413.67
-918.549
-2108.2
-505.959
-4031.85
429.217
-9664.11
-1888.82
-699.763
-429.347
-768.789
-836.884
-849.195
-1063.82
-957.605
-1411.99
-894.984
-2035.98
-330.438
-3225.51
667.48
-11344.9
-1887.67
-699.347
-428.901
-767.903
-836.461
-847.991
-1065.42
-955.875
-1426.95
-900.571
-2163.41
-515.349
-4290.36
441.41
-10099
-1886.57
-699.089
-428.57
-767.15
-836.234
-846.64
-1066.98
-951.297
-1437.35
-878.382
-2222.72
-421.593
-5071.4
-29.9146
-9494.01
-1885.57
-698.975
-428.306
-766.539
-836.498
-845.868
-1070.5
-948.671
-1453.59
-860.139
-2235.97
-303.958
-4476.32
1369.21
-8352.41
-1884.63
-699.145
-428.232
-766.152
-836.674
-845.078
-1072.65
-945.2
-1466.12
-840.786
-2300.79
-192.332
-4488.91
1783.97
-7089.87
-1883.91
-698.997
-428.088
-765.729
-837.216
-844.662
-1077.15
-944.137
-1489.27
-833.609
-2397.55
-103.649
-4417.02
2038.51
-6192.27
-2103.47
-2910.71
-3650.86
-4561.61
-5665.79
-6918.21
-8584.16
-10392.6
-13069.1
-15705.9
-21398.4
-22067.4
-42805.5
-34195.4
-116204
-843.563
-1025.43
-1127.1
-1346.72
-1618.84
-1942.24
-2426.24
-2939.02
-3888.25
-4705.92
-7181.11
-9355.3
-11976.7
-20027.6
-16935.9
-562.053
-724.157
-867.576
-1098.29
-1355.1
-1688.11
-2119.35
-2678.02
-3446.98
-4578.46
-6141.12
-9179.59
-11756
-22925.8
-5053.07
-907.256
-1182.42
-1447.71
-1800.16
-2214.26
-2729.43
-3370.36
-4133.75
-5144.38
-6275.7
-8132.71
-9440.98
-12224.2
-10999.5
-8468.87
-1001.09
-1276.03
-1538.76
-1880.19
-2291.86
-2798.09
-3418.88
-4127.01
-5049.73
-6051.45
-7634.7
-9116.35
-11487.2
-14992.1
-13177.6
-1002.87
-1279.97
-1566.69
-1943.62
-2417.53
-2982.56
-3635.81
-4346.21
-5243.29
-6147.66
-7718.45
-8250.69
-10753.7
-10410.5
-7683.06
-1274.72
-1619.76
-1968.62
-2378.28
-2901.3
-3504.33
-4185.69
-4905.77
-5735.21
-6606.67
-7815.56
-7992.07
-10419
-7591.85
-14650.6
-1137.88
-1438.12
-1787.33
-2266.46
-2939.42
-3649.96
-4349.23
-5023.93
-5640.2
-6428.67
-7323.47
-7869.94
-9877.86
-5395.87
-8842.72
-1717.17
-2214.34
-2732.55
-3252.32
-3950.7
-4622.98
-5382.78
-6233.1
-6542.99
-7428.39
-7568.18
-8811.22
-12631.2
-1757.32
-24428.6
-1146.88
-1424.92
-1920.92
-2733.98
-3909.08
-4864.97
-6216.81
-7036.23
-6554.26
-7209.67
-5623.05
-7257.02
-5526.69
-3339.36
-10187.4
-2435.94
-3441.53
-4612.41
-5568.96
-6621.88
-7903.96
-9327.72
-11019.2
-10300.3
-9426.26
-7693.14
-14534
-17996.8
-19646.1
-22511.9
-961.932
-1124.16
-1761.44
-3920.5
-6433.06
-5546.87
-4741.09
-4350.69
-6441.85
-8069.35
-4913.51
-7912
-7936.35
-13856.7
-10418.6
-3342.87
-6523.02
-12406.4
-13601.6
-13580
-10873
-15255.8
-20871.8
-16859.7
-8428.81
-14020.8
-48018.3
-37757.1
-26808.6
-48919.6
2292.32
5374.75
5101.32
3057.47
-2219.84
2970.83
2738.06
466.749
5488.96
1408.53
9377.96
-6513.14
534.953
-19306.4
-5286.52
-19621.3
-21854.4
-22894.9
-36332.6
-59065.9
-75943.9
-83914.6
-55275.2
-66916.7
-102855
-103564
-112143
-108671
-170795
-105907
-2102.81
-2909.53
-3648.69
-4558.17
-5659.5
-6908.83
-8566.57
-10367.5
-13023.3
-15645.3
-21290
-21968.4
-42396.7
-33907.1
-112211
-842.178
-1023.02
-1122.9
-1339.98
-1606.78
-1923.99
-2394.24
-2893.94
-3809.9
-4601.59
-6998.77
-9131.88
-11703.2
-19160.5
-16911.9
-560.639
-721.802
-863.838
-1092.51
-1345.46
-1674.05
-2095.45
-2644.27
-3388.27
-4503.9
-6019.45
-9043.73
-11625.4
-22771.1
-6956.63
-905.475
-1179.09
-1441.9
-1790.31
-2197.07
-2703.1
-3325.49
-4068.12
-5037.74
-6146.14
-7925.14
-9268.67
-11825.5
-10910.4
-7346.44
-997.358
-1269.38
-1528.11
-1863.25
-2264.02
-2756.94
-3351.04
-4027.57
-4893.94
-5873.64
-7359.29
-8918.95
-10968.8
-15793.2
-13807
-999.18
-1271.75
-1552.48
-1918.57
-2374.54
-2919.73
-3528.87
-4188.69
-5032.33
-5935.93
-7471.5
-8075.18
-10236.6
-11071
-2882.44
-1264.83
-1600.26
-1940.59
-2333.01
-2831.02
-3406.74
-4026.36
-4671.93
-5451.01
-6330.48
-7552.91
-7646.3
-10345.5
-6840.65
-14933
-1130.79
-1413.93
-1749.94
-2194.61
-2821.36
-3498.84
-4055.3
-4583.18
-5219.61
-6144.24
-7151.94
-7785.61
-10594.4
-6405.8
-19292.7
-1686.36
-2150.23
-2679.86
-3122.09
-3754.27
-4339.84
-4886.14
-5549.69
-6026
-7143.84
-7610.26
-9031.83
-13082.4
-1831.55
-33590.9
-1135.88
-1352.59
-1827.09
-2487.13
-3529.06
-4477.82
-5983.27
-6846.67
-6234.53
-6865.25
-6006.65
-7625.26
-6495.71
-2912.69
-14586.3
-2354.4
-3300.14
-5096.81
-5567.64
-6410.84
-7923.63
-10847.8
-11551.8
-9443.26
-8630.4
-7012.17
-12359.4
-14612.7
-19508.9
-23632.8
-1002.11
-1321.24
-2754.62
-4620.62
-5696.14
-5742.83
-5127.82
-4975.93
-5311.81
-7389.51
-5037.83
-6766.06
-6883.24
-13728.5
-17644.3
-4003.37
-6400.3
-13333.4
-16868.8
-15449
-12944.1
-19571.9
-19307.4
-13179.3
-8151.94
-11988
-29591.6
-42195.2
-46031.6
-49115.9
1713.83
3832.74
4038.59
1566.25
-3215.8
-2244.56
-1031.05
-3352.12
-2785.42
-4179.32
8955.92
-438.452
2498.71
-23966.4
-17459.7
-17819.7
-22145.2
-22388.1
-28328.1
-42621.2
-54468.5
-52845.2
-38905.2
-64045.8
-98968.2
-103686
-116303
-98666.8
-116914
-94306.4
-2102.16
-2908.41
-3646.63
-4555.08
-5653.85
-6900.92
-8550.82
-10346
-12982.5
-15595.4
-21200.2
-21869.8
-42218.6
-33666.9
-112084
-841.096
-1021.1
-1119.6
-1334.7
-1597.35
-1909.99
-2369.87
-2860.32
-3751.36
-4524.51
-6867.24
-8951.88
-11459
-18897.4
-16309.2
-559.828
-720.407
-861.668
-1089.19
-1340.06
-1666.48
-2082.67
-2626.72
-3357.29
-4467.87
-5950.39
-8984.33
-11495
-22744.5
-6464.41
-904.402
-1176.99
-1438.17
-1783.85
-2185.81
-2686.1
-3296.66
-4027.91
-4972.49
-6072.61
-7793.11
-9192.33
-11614.1
-11135.5
-8511
-994.976
-1265.02
-1521.11
-1852.47
-2247.2
-2733.15
-3312.24
-3974.06
-4812.18
-5789.87
-7208
-8898.12
-10585.2
-16032.1
-13823
-997.275
-1267.36
-1544.41
-1903.45
-2349.07
-2883.75
-3468.58
-4110.82
-4940.83
-5851.73
-7354.17
-8141.31
-10057
-11773.9
-4291.96
-1258.23
-1586.96
-1918.45
-2301.94
-2791.27
-3358.83
-3951.05
-4571.46
-5347.92
-6219.69
-7457.75
-7564.91
-10134.1
-7653.44
-17144.4
-1127.68
-1403.49
-1730.28
-2151.58
-2753.89
-3416.42
-3870.75
-4372.27
-5094.18
-6016.06
-7120.15
-7641.79
-10343.8
-8194.74
-15544.3
-1661.96
-2099.05
-2561.59
-2982.14
-3610.71
-4204.64
-4605.79
-5267.88
-5819.61
-6847.46
-7603.48
-8925.49
-12943.3
-3620.44
-26825.7
-1130.68
-1313.27
-1773.97
-2328.02
-3289.12
-4315.9
-6059.58
-6324.96
-5790.3
-6499.52
-6522.03
-8052.02
-7080.05
-3774.46
-9874.55
-2268.42
-3179.57
-4189.04
-4348.72
-5500.46
-7776.81
-11200.2
-10496.1
-8518.29
-8444.93
-7626.34
-12037
-13659.5
-19230
-25218.5
-1055.34
-1601.28
-2501.58
-2443.69
-4171.32
-6095.75
-5838.09
-4236.33
-4988.82
-7474.45
-6670.72
-10411.6
-9118.95
-13342.5
-18622.1
-3929.18
-6352.29
-13769.2
-15884.1
-16853.2
-8918.49
-14784.7
-18400.5
-13356.7
-8485.66
-16310
-28402.4
-34391.7
-46524.9
-46794.1
2234.63
4463.79
4112.46
977.342
-4538.23
80.9664
5684.27
-1772.09
-8302.42
-1979.81
11549.5
3857.1
3103.86
-17792.3
-9653.32
-19973.9
-23091.3
-23530
-28033.9
-39100.1
-62869.5
-55663.4
-43978.7
-70820.4
-98694.9
-97103.5
-105427
-104029
-103271
-89229.3
-2101.18
-2906.69
-3643.51
-4550.33
-5645.13
-6888.16
-8525.81
-10311.7
-12920.1
-15514.7
-21068.2
-21683
-41872.3
-33396.5
-110700
-839.564
-1018.4
-1114.96
-1327.21
-1584.04
-1889.99
-2335.01
-2811.12
-3666.43
-4410.14
-6678.79
-8698
-11095.2
-18331.6
-15688.4
-558.397
-717.967
-857.785
-1083.14
-1330.19
-1651.97
-2058.17
-2591.92
-3299.07
-4392.9
-5826.31
-8838.31
-11258.4
-22396.7
-6246.72
-902.465
-1173.39
-1431.87
-1773.11
-2167.47
-2657.72
-3249.02
-3960.07
-4864.13
-5938.51
-7580.77
-9015.89
-11251.7
-11284.5
-8750.46
-991.115
-1258.06
-1509.95
-1835.13
-2220.09
-2692.64
-3246.08
-3881.23
-4669.74
-5622.14
-6955.78
-8713.14
-10160.1
-15757.9
-13491
-993.591
-1259.42
-1529.77
-1877.97
-2308.22
-2821.67
-3367.44
-3977.63
-4766.36
-5676.83
-7137.99
-8077.04
-9724.81
-12445.3
-3462.43
-1248.16
-1565.36
-1885.41
-2258.49
-2735.57
-3277.41
-3821.57
-4402.95
-5145.08
-6019.47
-7248.07
-7420.07
-9847.98
-8402.79
-15195.6
-1121.36
-1381.12
-1687.7
-2085.63
-2663.6
-3271.6
-3568.06
-4056.96
-4819.91
-5812.39
-7004.32
-7589.99
-10446.9
-9129.64
-11102.6
-1623.01
-1991.86
-2412.02
-2871.14
-3520.37
-3966.16
-4210.42
-4872.08
-5565.96
-6601.59
-7571.18
-9073.06
-13365.9
-4572.57
-21191.2
-1115.79
-1221.32
-1668.83
-2208.45
-3214.76
-3980.64
-4891.1
-5249.29
-5290.18
-6131.96
-6752.25
-8493.58
-7133.39
-3287.87
-9933.26
-1993.25
-2622.09
-3489.01
-4220.81
-5385.34
-6734.16
-9041.15
-8558.93
-7093.47
-7727.82
-8208.33
-12525
-11813
-16756.5
-27643.6
-1015.56
-1431.33
-1568.94
-2474.1
-4317.59
-5873.84
-5411.06
-4526.02
-5155.16
-7271.82
-8643.13
-14447
-10318.3
-14802.4
-22046.8
-3893.12
-6847.57
-13091.2
-15359.3
-11560.7
-13048.7
-15071.7
-20830.6
-11838.1
-15442.6
-25321.8
-27818.1
-26037.3
-48299.7
-44975.5
2850.06
4141.61
3744.51
1108.76
-1117.81
4020.73
5149.82
-4907.85
-4843.35
6747.31
4862.24
2703.72
184.675
-19216.1
-11010.1
-22282.6
-22981.9
-24198.7
-28337
-43361
-56606.1
-58902.8
-57028.1
-85764.8
-87505.1
-91972.6
-102520
-100150
-95898.2
-79092.7
-2100.1
-2904.79
-3640.1
-4545.2
-5635.72
-6874.34
-8498.42
-10275
-12853.4
-15427.1
-20930.1
-21467.9
-41539.9
-33042
-109430
-838.124
-1015.83
-1110.57
-1320.13
-1571.5
-1871.25
-2302.2
-2764.58
-3586
-4301.97
-6502.88
-8465.51
-10762.7
-17899.7
-15877.9
-557.174
-715.81
-854.35
-1077.74
-1321.41
-1638.92
-2036.23
-2560.84
-3248.1
-4325.54
-5714.74
-8703.72
-11047.8
-22073.4
-6185.59
-900.795
-1170.29
-1426.51
-1763.81
-2151.4
-2632.29
-3206.53
-3900.24
-4767.85
-5816.94
-7386.27
-8866.02
-10955.8
-11426
-8904.89
-987.99
-1252.36
-1500.86
-1820.7
-2197.26
-2657.64
-3189.99
-3805.64
-4552.08
-5479.55
-6738.49
-8561.67
-9790.8
-15418.1
-12714.2
-990.53
-1253.49
-1519.55
-1859.13
-2275.92
-2769.51
-3290.14
-3882.78
-4636
-5546.6
-6966
-8071.24
-9199.99
-12951.2
-2177.81
-1240.97
-1550.72
-1864.01
-2226.81
-2690.63
-3211.53
-3736.1
-4319.5
-5028.56
-5886.77
-7082.93
-7270.18
-8992.41
-8779.69
-13020.2
-1114.46
-1367.6
-1669.02
-2046.57
-2591.09
-3149.7
-3448.65
-3926.6
-4633.83
-5631.61
-6798.81
-7148.65
-9540.76
-8531.08
-10975.7
-1600.84
-1938.07
-2360.13
-2787.1
-3404.54
-3785.14
-4012.43
-4705.33
-5334.21
-6253.21
-7161.51
-8477.53
-13141.8
-4991
-22002
-1081.27
-1166.73
-1614.77
-2084.25
-2931.4
-3369.48
-3594.62
-4106.99
-4207.54
-5181.09
-6456.87
-8696.63
-8513.11
-2693.85
-15489.3
-1833.72
-2248.67
-2971.99
-3560.38
-4543.69
-4866.3
-5801.93
-6449.09
-5098.45
-6996.1
-9590.7
-15471.5
-14537.1
-14279.2
-28085.5
-933.075
-1139.04
-1735.86
-2356.62
-3703.41
-4396.82
-5115.72
-5257.87
-4233.63
-7501.18
-11587.4
-19427.9
-16680.3
-15111.8
-18395.2
-3471.52
-5591.31
-10247.2
-12778.9
-13341.9
-18143.3
-18041.7
-13360.1
-12056.3
-26367.7
-36750.6
-31016.3
-22547.8
-33182.7
-24764.9
4184.36
4814.54
4209.77
2106.74
-1603.74
-8013.91
-2219.27
1637.96
8219.86
-376.957
-17222.2
-16778.6
-5010.09
-7321.43
-16925.4
-21311.6
-22836.4
-25809.8
-33601.9
-44611
-59852.8
-60652.3
-65373.6
-79400.7
-84172
-88195.4
-101816
-100698
-94310.8
-69741.6
-2098.83
-2902.56
-3636.15
-4539.22
-5624.65
-6857.66
-8465.97
-10232
-12774.8
-15322
-20762.2
-21205.7
-41123.4
-32638
-108081
-836.595
-1013.11
-1105.93
-1312.58
-1558.19
-1851.18
-2266.76
-2713.78
-3498.08
-4183.41
-6305.18
-8212.02
-10362.9
-17424.5
-15635.1
-555.751
-713.3
-850.304
-1071.28
-1310.89
-1622.8
-2009.2
-2521.9
-3185.77
-4237.26
-5576.67
-8514.18
-10800
-21665.5
-6041.62
-898.769
-1166.69
-1420.34
-1753.1
-2133.04
-2602.62
-3157.19
-3829.4
-4653.63
-5663.71
-7151.5
-8661.92
-10650.5
-11536.4
-9283.27
-984.498
-1246.2
-1490.83
-1804.37
-2171.34
-2616.61
-3124.15
-3715.04
-4409.55
-5295.07
-6476.26
-8348.56
-9436.58
-15244.4
-11808.1
-986.599
-1246.9
-1507.74
-1837.47
-2239.75
-2709.07
-3203.87
-3775.03
-4477.3
-5376.7
-6785.22
-8069.18
-9149.96
-13699.6
-2064.1
-1233.69
-1537.65
-1842.29
-2193.91
-2644.84
-3143.28
-3648.51
-4232.36
-4901.71
-5774.52
-6984.38
-7378.63
-8881.98
-9858.79
-11752.1
-1104.93
-1355.81
-1644.7
-2002.44
-2522.98
-3021.81
-3383.68
-3894.17
-4511.42
-5576.55
-6780.6
-7073.51
-8929.85
-8872.12
-12572.9
-1586.34
-1918.48
-2323.14
-2749.42
-3369.38
-3819.89
-4199.95
-4872.56
-5455.22
-6542.98
-7121.15
-8209.1
-12578.2
-6711
-23995.2
-1035.93
-1156.79
-1555.15
-2024.07
-2865.17
-3122.18
-3242.66
-3901.82
-4281.21
-5092.66
-6307.04
-8496.73
-9929.71
-3445.99
-17734.4
-1795.52
-2252.03
-3011.81
-3829
-4915.98
-4769.71
-5109.82
-5530.05
-4807.01
-7354.95
-11382.4
-16648
-18114.1
-12183.5
-24344.2
-454.79
-714.761
-1049.66
-2079.75
-3647.98
-4069.57
-4782.51
-5722.83
-4291.87
-8239.73
-10085.9
-16178.8
-19882
-6486.72
-7764.57
-2817.29
-4789.36
-7290.86
-10114.3
-17497.9
-23449.1
-24368
-13043.8
-16265.1
-36472.1
-40485.2
-31237.2
-20211.3
-20183.1
-12297.4
2482.42
749.489
-28.1904
-808.054
-5232.82
-11265.2
-12701.1
786.487
7385.37
-5776.42
-14676.7
-24712.7
-13110
14088.4
-33791.6
-23811.3
-26047.9
-29212.6
-35026.6
-37619.1
-44780.3
-56064.1
-65053.6
-75165
-74819.7
-61804.2
-82335.1
-107323
-92007.8
-89948.2
-2097.48
-2900.19
-3631.97
-4532.89
-5612.9
-6839.76
-8431.49
-10186.5
-12690.1
-15208.6
-20581.1
-20915.8
-40672.9
-32211.4
-106832
-835.182
-1010.55
-1101.61
-1305.49
-1545.74
-1832.33
-2233.01
-2664.98
-3413.43
-4068.55
-6112.76
-7969.99
-9966.45
-16994.6
-15285.1
-554.449
-710.921
-846.418
-1064.94
-1300.53
-1606.58
-1982.28
-2482.41
-3123.52
-4143.15
-5433.95
-8308.4
-10551
-21250.8
-5903.31
-896.931
-1163.47
-1414.9
-1743.4
-2116.15
-2574.4
-3109.64
-3759.28
-4539.38
-5500.82
-6902.96
-8443.8
-10363
-11666
-9644.89
-981.669
-1241.06
-1482.16
-1789.45
-2147
-2576.66
-3059.8
-3622.67
-4263.95
-5094.65
-6201.73
-8145.45
-9086.92
-14992.7
-10825.2
-983.257
-1242.09
-1499.6
-1820.98
-2209.96
-2655.85
-3121.59
-3667.03
-4315.98
-5190.91
-6602.22
-8087.9
-9120.73
-14151.5
-3004.48
-1229.99
-1530.72
-1827.83
-2165.2
-2598.87
-3067.79
-3548.7
-4110.14
-4743.47
-5652.27
-6907.69
-7533.23
-8931.61
-10763.4
-11078.2
-1097.46
-1352.44
-1637.82
-1979.08
-2475.21
-2935.33
-3284.45
-3798.4
-4428.22
-5520.32
-6787.67
-7106.66
-9036.01
-9998.5
-13612.2
-1605.84
-1946.99
-2330.21
-2708.69
-3290.64
-3689.72
-4098.41
-4758.85
-5396.02
-6870.14
-7331.37
-8515.26
-12893.7
-9182.64
-24198.2
-1025.24
-1198.83
-1557.25
-1984.28
-2787.84
-3156.12
-3359.28
-3995.31
-4492.87
-5366.98
-6026.63
-8362.66
-10741
-5814.58
-18603.3
-2219.66
-2640.86
-3336.48
-3985.41
-5008.84
-5192.85
-5766.64
-6224.15
-6085.54
-8568.5
-12180.6
-16701.2
-18785.8
-13874.3
-21998.5
-514.635
-876.448
-1472.56
-2433.7
-4450.52
-4745.62
-4960.46
-5780.23
-5206.11
-10007
-11995.9
-15744.1
-18211.7
-7280.54
-18548.3
-4389.61
-7014.81
-8632.32
-11209.2
-16237.7
-19838.3
-22967.6
-11994.4
-18780.6
-38158.2
-37475.8
-31628.7
-22195.4
-25106.1
-19912.4
-107.476
-2792.46
-3812.98
-3512.07
-3554.52
-5727.62
-10336
-2419.63
6024.38
-8184.41
-7990.03
-12984.9
-11883.5
18210.2
-62803.2
-20460.7
-21651.3
-24415.5
-27716.7
-32173.4
-39058.6
-51169.1
-69767.4
-75645.8
-67316.4
-51199
-72684.5
-99268.5
-96924.6
-113252
-2096.06
-2897.68
-3627.61
-4526.23
-5600.34
-6820.43
-8395.14
-10138.4
-12599
-15086.1
-20383.2
-20596.3
-40166.4
-31759.6
-105581
-833.851
-1008.13
-1097.52
-1298.76
-1533.92
-1814.23
-2200.16
-2617.54
-3330.54
-3954.89
-5918.86
-7730.22
-9555.04
-16557
-14753.3
-553.144
-708.508
-842.429
-1058.34
-1289.72
-1589.21
-1953.67
-2439.61
-3056.52
-4034.74
-5275.76
-8057.15
-10276.1
-20753.5
-5689.62
-895.063
-1160.28
-1409.53
-1733.72
-2099.27
-2545.46
-3060.78
-3684.93
-4416.93
-5312.2
-6620.57
-8168.03
-10087.3
-11802.3
-9795.41
-978.876
-1236.04
-1473.51
-1774.34
-2122.25
-2534.73
-2992.08
-3521.75
-4102.8
-4851.3
-5887.47
-7950.68
-8813.61
-14570.3
-9606.17
-979.891
-1237.55
-1491.52
-1804.68
-2180.14
-2600.98
-3036.2
-3549.68
-4130.52
-4959.63
-6396.07
-8215.72
-9163.16
-14401.8
-4477
-1225.28
-1522.69
-1810.91
-2134.93
-2551.61
-2988.58
-3440.09
-3973.8
-4569.81
-5511.64
-6931.04
-7926.73
-9104.89
-11387
-10843.2
-1089.78
-1347.96
-1626.74
-1954.83
-2425.38
-2836.54
-3181.63
-3704.96
-4360.72
-5487.95
-6991.13
-7448.71
-9219.8
-10860.5
-14533.6
-1602.36
-1945.4
-2301.42
-2659.53
-3217.23
-3594.98
-4026.72
-4778.63
-5551.53
-7198.09
-8064.06
-9208.21
-13308.8
-11585.2
-23204.6
-1006.66
-1207.23
-1543.22
-1958.16
-2716.93
-3026.35
-3442.44
-4167.56
-4918.03
-6084.34
-6047.52
-8476.63
-11420.1
-9024.9
-19663.4
-2228.74
-2724.08
-3301.19
-3949.98
-5043.63
-5537.61
-6303.91
-6756.55
-7417.42
-10170.5
-13139
-17633.1
-18215.4
-17874.8
-20347
-527.535
-895.935
-1620.74
-2627.5
-4393.67
-5066.86
-6075.66
-5369.62
-5686.29
-10901.4
-14338.2
-17321
-17914.1
-13762.2
-35994.5
-4185.3
-5912.18
-8002.89
-10703.8
-15737.2
-20075.3
-23118.6
-12678.6
-19344.8
-34738.5
-36105.7
-33669.4
-27615.3
-42037.2
-29071.9
183.188
-1633.54
-2312.28
-1775.92
-2127.13
-4352.72
-7436.03
-4953.46
-4557.76
-10468.5
-8346.43
-8083.23
-9717.33
4467.12
-74218.4
-16227.8
-16894.8
-20077.4
-24158.8
-27430.1
-32550.5
-45486.7
-72803.3
-77088.2
-57193.1
-44797.3
-63544.5
-86688.8
-101545
-110666
-2094.64
-2895.16
-3623.24
-4519.45
-5587.48
-6800.84
-8358.64
-10088.7
-12504
-14959.7
-20177.8
-20258
-39616.9
-31302.6
-104397
-832.693
-1005.98
-1093.88
-1292.73
-1523.31
-1797.78
-2170
-2574.34
-3253.41
-3848.33
-5735.91
-7509.61
-9162.75
-16143
-14061.4
-551.969
-706.247
-838.605
-1051.88
-1279.05
-1571.7
-1925.39
-2396.44
-2988.75
-3917.66
-5111.07
-7760.8
-9991.59
-20183
-5366.64
-893.432
-1157.51
-1404.85
-1724.99
-2083.82
-2517.87
-3013.95
-3611.32
-4292.75
-5105.35
-6309.57
-7812.15
-9825.37
-11941.1
-9527.9
-976.679
-1231.8
-1465.73
-1760.08
-2098.48
-2493.02
-2925.02
-3416.7
-3930.8
-4563.32
-5534.32
-7710.77
-8801.21
-14077.2
-7820.39
-977.402
-1234.64
-1486.16
-1792.21
-2155.28
-2550.59
-2953.66
-3429.1
-3921.15
-4687.99
-6156.6
-8427.51
-9522.26
-14435.5
-6102.05
-1222.59
-1517.05
-1796.24
-2105.06
-2501.56
-2900.84
-3319.48
-3802.83
-4354.1
-5321.12
-6857.55
-8679.71
-9510.48
-12098.5
-10726.8
-1085.74
-1348.97
-1625.67
-1944.09
-2392.05
-2753.41
-3068.59
-3581.76
-4282.28
-5465.96
-7129.28
-8252.62
-9471.68
-11494.7
-14818.8
-1605.57
-1948.85
-2278.88
-2601.45
-3114.94
-3431.16
-3861.71
-4708.08
-5667.46
-7450.3
-9145.6
-10289.1
-13520.4
-13712
-21617.5
-1006.18
-1229.82
-1566.55
-1987.43
-2732.23
-2982.53
-3491.54
-4305.57
-5316.46
-6515.22
-6896.61
-8922.73
-10847.7
-10424.7
-19301.5
-2265.12
-2769.78
-3266.64
-3927.78
-5158.25
-6338.62
-7683.83
-8922.07
-9824.51
-11361
-12793.2
-16249
-16451.3
-20414.1
-21163.3
-536.092
-1003.13
-1792.01
-3075.3
-5611.43
-7119.95
-8803.47
-7716.47
-8130.54
-11718
-13567.6
-15193.9
-16197.8
-17233.4
-41549.1
-4541.98
-6064.7
-8104.87
-12309.2
-18822.8
-22962.2
-25751.7
-20095.8
-26589.9
-30998.9
-30942
-32684.7
-30176.2
-54680
-31657.3
-208.609
-1285.97
-1589.21
-2096.46
-1839.86
-2203.07
-5409
-9667.22
-11217.7
-8571.26
-4823.4
-4890.6
-10398.7
-7854.43
-43917.6
-16309.1
-16525.6
-19793.8
-25325
-28549.1
-32183.1
-42894.8
-64958.6
-60967.4
-46029.1
-42582.4
-64177.2
-91674.1
-103195
-107239
-2093.24
-2892.65
-3618.98
-4512.74
-5574.62
-6781.52
-8322.23
-10038.8
-12408.8
-14834.7
-19967
-19912
-39023.4
-30851.8
-103305
-831.701
-1004.11
-1090.73
-1287.5
-1514.04
-1783.33
-2143.03
-2536.52
-3183.12
-3752.74
-5568.83
-7321
-8805.15
-15741.2
-13092.6
-550.905
-704.149
-835.003
-1045.71
-1268.8
-1554.66
-1898.05
-2353.86
-2920.89
-3795.36
-4942.17
-7408.59
-9670.55
-19515.9
-4906.25
-891.925
-1155.04
-1400.69
-1717.11
-2069.79
-2491.95
-2969.87
-3540.41
-4167.33
-4883.33
-5964.42
-7363.23
-9521.26
-12061.2
-8886.25
-974.807
-1228.12
-1458.66
-1746.74
-2076.1
-2452.21
-2859.77
-3311.18
-3744.7
-4215.22
-5138.6
-7349.27
-8843.43
-13480
-5544.34
-975.045
-1232.23
-1481.61
-1781.12
-2132.67
-2502.58
-2874.36
-3309.36
-3670.65
-4374.96
-5880.33
-8472.76
-10227.2
-14422.7
-8363.71
-1220.09
-1511.79
-1781.47
-2074.48
-2450.76
-2806.24
-3189
-3609.67
-4056.24
-5073.26
-6683.22
-9230.61
-10369
-13099.4
-11578.2
-1080.92
-1348.41
-1622.57
-1930.78
-2355.12
-2665.61
-2941.56
-3425.47
-4180.95
-5477.76
-7247.34
-9280.28
-9895.15
-12173.4
-14049.5
-1597.43
-1943.27
-2247.76
-2529.9
-3001.88
-3166.99
-3572.34
-4464.38
-5706.17
-7715.43
-9885.45
-11790.3
-13870.7
-15776.2
-21275.2
-996.485
-1228.81
-1570.62
-1990.62
-2637.22
-2844.92
-3341.64
-4306.04
-5627.4
-7045.72
-8111.83
-9613.45
-9559.17
-9739.11
-17889.2
-2088.6
-2758.56
-3283.69
-4018.3
-5241.34
-6956.14
-8988.99
-11362.2
-13060.4
-13700.8
-14426.4
-15954.4
-13967.1
-22767.9
-25158.7
-389.727
-933.333
-1972.31
-3693.58
-6825.63
-8594.18
-10265.3
-10535.6
-10629.1
-12301.4
-12453.8
-13803
-14817
-16998
-39782.6
-3701.73
-6216.28
-8980.49
-13724.1
-20770.7
-24978.2
-26776.5
-22376.8
-25881.3
-29745.9
-28583.8
-31834.8
-26908.8
-59750.3
-31749.1
891.544
-1767.85
-3256.93
-2044.19
-2586.28
-3645.35
-4922.67
-7455.32
-7228.57
-7303.58
-6424.52
-14422
-11264.9
-4235.93
-527.391
-21663.3
-20898.8
-23478.8
-29209.8
-33273.4
-36133.3
-41971.6
-53319
-54602.9
-45711
-46735.2
-71887.4
-108386
-98449.4
-111189
-2091.9
-2890.26
-3614.87
-4506.11
-5562.04
-6762.88
-8286.57
-9990.2
-12314.3
-14712.7
-19749.4
-19580.8
-38400.6
-30428.3
-102436
-830.898
-1002.56
-1088.11
-1283.08
-1506.13
-1770.88
-2119.5
-2504.72
-3120.84
-3673.41
-5423.34
-7181.91
-8510.57
-15373
-11922.3
-549.985
-702.239
-831.622
-1039.78
-1258.85
-1537.99
-1871.57
-2312.94
-2854.39
-3677.36
-4770.43
-7018.88
-9256.7
-18815.1
-4408.09
-890.649
-1152.97
-1397.09
-1710.03
-2056.99
-2467.5
-2928.74
-3473.98
-4042.97
-4661.13
-5587.22
-6919.39
-9193.22
-12135
-8293.65
-973.579
-1225.22
-1452.39
-1734.48
-2055.04
-2412.69
-2798.7
-3209.63
-3547.83
-3848.15
-4741.44
-6876.85
-8567.43
-12440.8
-3771.22
-973.577
-1231.35
-1479.03
-1772.91
-2113.63
-2457.92
-2804.13
-3191.3
-3374.43
-4050.67
-5526.43
-8314.29
-10669
-14084
-11368.8
-1220.2
-1508.5
-1767.87
-2045.78
-2398.28
-2710.16
-3070
-3382.41
-3679.2
-4734.7
-6471.14
-9462.17
-11209.8
-13554.7
-14665.2
-1080.38
-1353.37
-1625.17
-1922.57
-2322.36
-2580.83
-2823.66
-3197.21
-4032.34
-5417.42
-7442.04
-10124.6
-10705.9
-12266.9
-14729.6
-1602.77
-1927.94
-2202.75
-2442.4
-2815.55
-2880.27
-3245.41
-4080.49
-5577.31
-7749.88
-10494.3
-13350.4
-14491.8
-17632.6
-23528.8
-1004.47
-1240.4
-1559.33
-1883.22
-2464.07
-2686.96
-2887.18
-4157.75
-5885.13
-7532.25
-9340.6
-11037.8
-8151.52
-8304.84
-12438.7
-1984.99
-2428.39
-3031.67
-3632.42
-4385.47
-5857.55
-7925.8
-10881.3
-13971.3
-15477.4
-15763.9
-16054
-12875.3
-24860.4
-25488.1
-570.302
-932.461
-2007.84
-3523.87
-5916.96
-6989.21
-8249.73
-9436.32
-11000.5
-13710.9
-13285.5
-13674.2
-13469.5
-11059.3
-30656.4
-4228.57
-5844.55
-8790.29
-17840.5
-24776.4
-26572.4
-28095
-26225.4
-29880.5
-32411.9
-29825.9
-30986.7
-28591.6
-55130.5
-25989.5
3543.37
1724.4
-1651.06
-4076.2
-5917.66
-5346.95
-6254.94
-9809.67
-12625.6
-9370.87
-8702.4
-15925.2
1682.63
-573.67
30673.8
-20387.2
-23275.2
-31950.6
-34943.9
-37369.9
-40091.1
-44987.9
-54377
-58045.6
-52204.6
-55756.6
-80094.7
-100317
-91311.5
-108740
-2090.65
-2888.02
-3611.12
-4499.98
-5550.41
-6746.05
-8252.84
-9946.76
-12224.6
-14599.4
-19536.1
-19301.7
-37809.4
-30069.7
-101845
-830.306
-1001.39
-1086.13
-1279.76
-1499.99
-1761.36
-2100.75
-2481.17
-3071.51
-3618.7
-5311.81
-7118.43
-8308.18
-15103.6
-10590.8
-549.273
-700.708
-828.85
-1034.89
-1250.6
-1524.09
-1849.64
-2279.24
-2798.05
-3584.08
-4621.29
-6697.61
-8868.91
-18257.9
-4053.7
-889.575
-1151.38
-1394.35
-1704.57
-2046.94
-2447.44
-2895.63
-3420.26
-3933.88
-4482.09
-5303.3
-6670.43
-8859.81
-12112.8
-8270.86
-972.862
-1223.28
-1447.53
-1724.57
-2037.82
-2378.96
-2749.85
-3124.32
-3354.1
-3591.23
-4431.02
-6547.1
-8039.74
-11181.2
-3588.63
-971.947
-1230.99
-1477.52
-1766.98
-2098.18
-2419.87
-2754.68
-3086.47
-3100.17
-3810.93
-5289.76
-8344.4
-10575.6
-13960.9
-14575.2
-1222.71
-1509.3
-1756.61
-2018.49
-2347.69
-2624.45
-2998.71
-3113.85
-3320.3
-4476.39
-6430.44
-9813.52
-11521.5
-14274.4
-17326.9
-1077.54
-1359.28
-1625.17
-1910.94
-2281.35
-2517.28
-2791.21
-2948.35
-3855.96
-5456.94
-7651.51
-10866.9
-11339.8
-13009.7
-16218.8
-1634.9
-1950.66
-2143.08
-2294.62
-2553.03
-2765.87
-3010.73
-3868.73
-5328.82
-7679.54
-10506.8
-14096.5
-14942.6
-19975.6
-26780.6
-1005.23
-1245.92
-1450.64
-1692.7
-2346.51
-2818.09
-2933.03
-4315.74
-5951.42
-8091.5
-10122.5
-11912.5
-9285.4
-6167.17
-7611.49
-2249.87
-2508.43
-2537.36
-2650.25
-3610.76
-4786.11
-7447.94
-10931.9
-13327.6
-15712.8
-16977.8
-16475.6
-15964.6
-26867.5
-25051.8
-462.434
-1207.47
-1708.73
-2525.88
-4081.21
-6512.08
-10504.3
-12692.8
-11860.2
-14243.6
-13170.6
-12882.4
-9992.89
-6084.66
-16853.8
-6380.03
-9740.14
-8974.68
-12644.7
-22540.5
-29739.9
-32721.5
-24726.9
-25120.9
-34464.9
-32062.8
-26870.1
-26960.6
-46171.4
-19458.7
1639.18
5079.69
3405.6
-757.382
-3277.73
-6715.76
-9793.52
-8010.19
-5979.43
-6458.73
-14231.8
-9682.02
11221.9
1635.01
52668
-19316.4
-19680.6
-29681.7
-44685.7
-51967.7
-54140.9
-55955.3
-73818.8
-83305.3
-66642.6
-63852.6
-89635.1
-89615
-87277.9
-94395.5
-2089.51
-2885.99
-3607.65
-4494.11
-5539.62
-6730.35
-8220.82
-9906.93
-12134.1
-14496.8
-19322.9
-19077.1
-37228.2
-29847
-101702
-829.836
-1000.45
-1084.47
-1276.94
-1494.69
-1753.11
-2084.51
-2462.06
-3028.61
-3578.25
-5231.67
-7143.05
-8240.51
-14920
-9419.98
-548.619
-699.219
-826.053
-1029.89
-1242.03
-1509.78
-1826.94
-2245.83
-2743.49
-3510.73
-4524.92
-6562.92
-8627.8
-17956
-4011.71
-888.605
-1149.92
-1391.68
-1699.27
-2036.91
-2427.71
-2863.68
-3369.26
-3836.6
-4384.26
-5174.3
-6711.28
-8799.14
-12219.8
-9096.94
-972.712
-1221.95
-1443.32
-1715.87
-2021.91
-2347.14
-2706.2
-3045.49
-3203.34
-3504.71
-4391.08
-6759.83
-7930
-10897.1
-4954.48
-970.858
-1231.56
-1477.44
-1764.33
-2086.24
-2389.15
-2718.57
-2971.04
-2923.29
-3779.76
-5469.93
-8642.65
-10142.4
-14613.5
-15288.5
-1228.02
-1513.33
-1751.81
-2004.9
-2315.18
-2558.25
-2956.02
-2827.42
-3031.85
-4392.24
-6604.49
-9816.31
-10946.2
-15843.7
-15812.2
-1076.61
-1371.85
-1642.9
-1936.06
-2276.91
-2536.23
-2812.57
-2641.9
-3594.33
-5474.97
-7843.81
-10767.5
-11272.6
-14969
-17402.2
-1686.55
-2001.36
-2166.45
-2301.93
-2536.3
-2827.73
-2716.08
-3618.18
-5003.46
-7470.55
-10462.6
-13741.5
-15145.2
-22307.2
-24058.2
-1010.5
-1336.36
-1598.41
-1917.51
-2440.09
-2819.63
-2946.35
-4121.36
-5698.15
-8247.26
-10772
-12326.6
-11350.5
-5126.19
340.948
-2787.25
-3006.92
-2908.65
-2628.09
-3183.49
-3482.33
-5781.29
-8349.65
-11354.7
-14384.1
-16435.9
-17291.4
-18298.8
-26844.1
-18721.6
-438.094
-1470.64
-2678.46
-3275.89
-3045.21
-5196.86
-9078.45
-10000.3
-9360.61
-9880.18
-12898.3
-12216.4
-8751.77
-3690.76
45.0182
-8257.96
-12446.3
-10188.2
-7623.82
-14689.5
-21967.6
-25443.2
-21375.6
-20814.1
-30173.1
-24851.7
-23568.1
-27735.5
-38907.6
-13221.9
489.913
2563.8
2195.29
7017.67
8379.15
2124.73
-337.607
9254.36
14370.8
-2100.49
-8195.61
2845.45
12970.9
8109.37
60783
-16007
-17593.9
-28124.5
-43308.7
-55166.2
-64414.8
-69613.5
-79149.6
-88062.5
-71739.5
-76983.1
-85759.4
-83754.2
-82115.8
-82486.6
-2088.5
-2884.21
-3604.63
-4489.03
-5530.28
-6716.57
-8191.1
-9871.3
-12047.2
-14409.8
-19099.2
-18990.6
-36583.6
-29721
-101736
-829.768
-1000.26
-1084.14
-1276.45
-1493.54
-1752.08
-2081.08
-2461.94
-3020.65
-3585.1
-5227.75
-7292.61
-8453.92
-14955.2
-8491.69
-548.339
-698.537
-824.763
-1027.6
-1238.25
-1503.59
-1817.61
-2232.27
-2726.08
-3495.5
-4591.54
-6855.35
-8883.82
-17706.2
-4401.31
-888.022
-1149.19
-1390.36
-1696.68
-2031.8
-2417
-2846.51
-3343
-3792.74
-4416.4
-5347.92
-7035.46
-9082.13
-12511.9
-9966.91
-972.738
-1221.33
-1440.94
-1711.2
-2013.15
-2328.94
-2681.35
-3004.96
-3183.68
-3601.29
-4557.78
-7081.1
-8389.64
-11439.7
-6649.88
-969.819
-1231.85
-1477.49
-1764.02
-2079.79
-2370.3
-2700.81
-2920.13
-2894.21
-3828.77
-5561.81
-8746.32
-10290.7
-15528.8
-15931.4
-1231.76
-1515.88
-1748.4
-1997.7
-2293.41
-2518.82
-2885.64
-2715.25
-2945.8
-4271.34
-6484.86
-9715.16
-10956.7
-16963.6
-10848.9
-1073.13
-1376.71
-1653.52
-1956.21
-2264.96
-2490.8
-2904.82
-2548.2
-3495.62
-5400.46
-7962.96
-10700.8
-11738.1
-15925.3
-11474.8
-1715.96
-2029
-2181.98
-2302.4
-2487.99
-2863.07
-2714.17
-3577.54
-4926.53
-7422.33
-10557.5
-13316.2
-14914
-23116.7
-23605.2
-989.24
-1372.89
-1691.47
-2074.26
-2404.93
-2712.09
-3076.55
-4455.61
-5783.51
-8601.34
-11236.2
-12219.6
-12482.1
-8266.48
-8596.85
-2972.54
-3312.95
-3295.18
-2759.43
-3007.66
-2938.96
-5209.43
-7404.29
-9784.59
-13516.3
-15973.2
-17739.4
-19440
-27890
-14813.4
-365.692
-1013.88
-1888.4
-3454.75
-2874.47
-4144.65
-7496.35
-7444.48
-6306.9
-7947.1
-13149.9
-10946.8
-7311.41
-5439.2
-4510
-8128.92
-10158.8
-10774.2
-5062.48
-8422.67
-13950.1
-15678.6
-15602.2
-23525.9
-32276.6
-20671
-21597.1
-31268.4
-38595.4
-9776.39
822.926
3005.57
-214.63
5136.43
16722.7
16020.5
15057.2
17883.3
13407.3
-6067.06
2590.29
7494.54
-1397.13
18370.2
65028.3
-13078.7
-17738.7
-26666.1
-46551.3
-54832.8
-63428.3
-69434.1
-80963.5
-88953.7
-73883.8
-75293.2
-81297
-87296
-73299.6
-72750.2
-2087.67
-2882.77
-3602.13
-4484.76
-5522.48
-6704.73
-8166.22
-9842.74
-11975.2
-14336.3
-18930.3
-18836.9
-36297.2
-30238.1
-102312
-829.273
-999.277
-1082.31
-1273.27
-1487.62
-1742.66
-2062.64
-2438.41
-2973.31
-3535.78
-5166.55
-7316.9
-8414.01
-14668.2
-7730.38
-547.871
-697.339
-822.443
-1023.45
-1230.97
-1491.74
-1797.9
-2204.04
-2689.66
-3453.73
-4582.86
-6998.12
-9278.27
-17931.3
-3954.15
-887.283
-1148.06
-1388.19
-1692.43
-2023.4
-2401.01
-2819.39
-3301.2
-3739.73
-4369.5
-5448.62
-7285.67
-9581.74
-12724.5
-10383.2
-973.08
-1220.56
-1437.62
-1704.24
-1999.66
-2303.2
-2638.19
-2944.39
-3141.47
-3626.1
-4593.73
-7101.59
-8695.84
-12012.5
-7597.55
-969.042
-1232.28
-1477.38
-1762.28
-2070.87
-2345.75
-2661.65
-2871.42
-2861.29
-3715.81
-5342.36
-8173.6
-9692
-13936.1
-12328.1
-1238.05
-1519.2
-1745.1
-1989.75
-2272.96
-2470.98
-2768.08
-2627.68
-2708.64
-3894.64
-5696.53
-8814.75
-10116.5
-16020.1
-13075.3
-1072.46
-1383.57
-1666.25
-1979.49
-2276.72
-2421.99
-2856.78
-2278.34
-2966.96
-4549.42
-7035.74
-10467.6
-12194.5
-18631.5
-26965.4
-1751.6
-2042.21
-2183.01
-2311.01
-2471.84
-2686.66
-2621.29
-2880.38
-4014.35
-6378.3
-9844.75
-13286.8
-14946.5
-23974.3
-15981.6
-981.697
-1391.16
-1786.86
-2250.91
-2490.61
-2434.57
-2366.81
-3467.61
-4850.37
-7745.89
-11236.1
-12670.9
-13576.3
-11590
-3054.48
-3116.69
-3357.17
-3281.06
-2698.59
-2967.94
-2091.98
-3570.97
-5656.58
-8699.73
-12525
-15931.2
-18742.4
-22669.1
-29855.7
-2004.01
-394.839
-1003.08
-1723.58
-2910.93
-2430.11
-3205.69
-6440.34
-6610.15
-6442.66
-9489.71
-13319.4
-9798.45
-8422.2
-9312.9
6394.25
-7673.14
-8712.12
-8169.02
-4427.18
-5295.81
-9977.5
-14129.4
-12320.7
-16713.6
-20514.7
-19227
-25060.4
-44763.8
-31937
-10501.7
2409.38
6194.32
3056.94
5292.2
18328.2
19789.8
15826.9
18259.9
18557.5
-1071.57
3022.02
5054.28
-12414
13261.9
16433.4
-12757.5
-18131.4
-27364.7
-48802.5
-62069.9
-68944.5
-73363.4
-85290
-97743.9
-95343.5
-70895.5
-75872
-55982.1
-79518.2
-88186.9
)
;

boundaryField
{
    outletsourceFace
    {
        type            zeroGradient;
    }
    outletdestinationFace
    {
        type            zeroGradient;
    }
    outletFace
    {
        type            zeroGradient;
    }
    outletWall
    {
        type            fixedValue;
        value           uniform 0;
    }
    inletFace
    {
        type            zeroGradient;
    }
    inletWall
    {
        type            fixedValue;
        value           uniform 5;
    }
    inletsourceFace
    {
        type            zeroGradient;
    }
    inletdestinationFace
    {
        type            zeroGradient;
    }
}


// ************************************************************************* //
