/*--------------------------------*- C++ -*----------------------------------*\
| =========                 |                                                 |
| \\      /  F ield         | OpenFOAM: The Open Source CFD Toolbox           |
|  \\    /   O peration     | Version:  4.1                                   |
|   \\  /    A nd           | Web:      www.OpenFOAM.org                      |
|    \\/     M anipulation  |                                                 |
\*---------------------------------------------------------------------------*/
FoamFile
{
    version     2.0;
    format      ascii;
    class       volScalarField;
    location    "29";
    object      p;
}
// * * * * * * * * * * * * * * * * * * * * * * * * * * * * * * * * * * * * * //

dimensions      [0 2 -2 0 0 0 0];

internalField   nonuniform List<scalar> 
6750
(
-71.0145
-40.7996
-96.9476
-104.101
-120.216
-127.955
-133.984
-137.852
-140.12
-139.234
-140.401
-134.559
-137.339
-66.0175
-137.365
-70.8871
-40.4355
-96.5763
-103.931
-120.408
-128.247
-134.356
-137.917
-140.078
-139.206
-140.418
-134.665
-137.157
-65.5595
-137.317
-70.7623
-40.0826
-96.2893
-103.863
-120.597
-128.485
-134.658
-137.925
-140.036
-139.191
-140.447
-134.622
-136.999
-65.1015
-137.305
-70.6012
-39.6045
-95.9069
-103.767
-120.827
-128.767
-134.964
-137.972
-139.976
-139.182
-140.478
-134.443
-136.902
-64.7934
-137.173
-70.4437
-39.0683
-95.5354
-103.702
-121.052
-129.016
-135.229
-138.105
-140.035
-139.24
-140.461
-133.87
-136.748
-64.5447
-137.041
-70.3048
-38.522
-95.1701
-103.632
-121.251
-129.249
-135.595
-138.375
-140.021
-139.279
-140.394
-134.066
-136.737
-64.2472
-136.899
-70.2171
-38.0643
-94.8732
-103.564
-121.37
-129.424
-135.839
-138.363
-140.013
-139.333
-140.321
-134.463
-136.698
-63.971
-136.768
-70.2054
-37.9331
-94.7791
-103.536
-121.401
-129.484
-135.97
-138.465
-139.975
-139.3
-140.324
-134.648
-136.657
-63.7246
-136.694
-70.2637
-38.1803
-94.9336
-103.58
-121.355
-129.436
-135.912
-138.478
-139.998
-139.289
-140.318
-134.472
-136.629
-63.8767
-136.522
-70.3879
-38.6861
-95.2603
-103.656
-121.227
-129.278
-135.635
-138.39
-140.013
-139.295
-140.273
-133.917
-136.546
-64.0854
-136.383
-70.5564
-39.2643
-95.6495
-103.736
-121.03
-129.029
-135.255
-138.162
-140.035
-139.313
-140.414
-133.809
-136.459
-64.2568
-136.274
-70.7359
-39.8082
-96.0318
-103.808
-120.801
-128.767
-134.948
-138.02
-140.008
-139.292
-140.436
-134.275
-136.516
-64.4151
-136.186
-70.9112
-40.2806
-96.4192
-103.909
-120.563
-128.47
-134.641
-137.972
-140.081
-139.335
-140.453
-134.685
-136.581
-64.649
-136.15
-71.0438
-40.6257
-96.7086
-103.979
-120.369
-128.221
-134.348
-137.991
-140.115
-139.401
-140.441
-134.803
-136.71
-65.0687
-136.042
-71.1761
-40.9746
-97.0772
-104.148
-120.169
-127.915
-133.949
-137.909
-140.182
-139.498
-140.391
-134.748
-136.854
-65.4833
-135.965
-95.4117
-29.5289
-98.9222
-103.64
-120.743
-128.31
-134.425
-138.113
-140.614
-139.373
-141.139
-133.692
-143.625
-50.0761
-191.213
-95.2665
-29.1799
-98.5061
-103.408
-120.944
-128.624
-134.851
-138.202
-140.562
-139.34
-141.141
-133.777
-143.397
-49.6019
-191.22
-95.1389
-28.8992
-98.2395
-103.325
-121.125
-128.833
-135.142
-138.202
-140.515
-139.327
-141.159
-133.687
-143.178
-49.1647
-191.332
-94.9728
-28.4877
-97.8381
-103.185
-121.352
-129.105
-135.458
-138.254
-140.443
-139.303
-141.189
-133.533
-143.082
-48.8342
-191.151
-94.8217
-28.0377
-97.4519
-103.095
-121.568
-129.327
-135.703
-138.35
-140.5
-139.333
-141.182
-132.957
-142.892
-48.5753
-190.983
-94.6988
-27.5696
-97.0461
-102.999
-121.757
-129.538
-136.05
-138.613
-140.461
-139.337
-141.114
-133.158
-142.883
-48.2674
-190.798
-94.6377
-27.1674
-96.6919
-102.916
-121.864
-129.688
-136.278
-138.573
-140.462
-139.379
-141.056
-133.458
-142.827
-48.008
-190.632
-94.6422
-27.0518
-96.5751
-102.881
-121.887
-129.734
-136.39
-138.673
-140.387
-139.355
-141.011
-133.621
-142.733
-47.7612
-190.597
-94.6881
-27.2646
-96.7667
-102.928
-121.842
-129.686
-136.325
-138.67
-140.404
-139.353
-141.006
-133.501
-142.732
-47.8984
-190.261
-94.795
-27.7001
-97.1448
-103.015
-121.718
-129.544
-136.056
-138.594
-140.415
-139.355
-140.934
-133.02
-142.622
-48.0697
-189.992
-94.9559
-28.1909
-97.5715
-103.118
-121.525
-129.31
-135.685
-138.372
-140.447
-139.377
-141.08
-132.887
-142.495
-48.2312
-189.775
-95.1351
-28.6437
-97.963
-103.211
-121.298
-129.07
-135.386
-138.241
-140.389
-139.343
-141.068
-133.314
-142.547
-48.3792
-189.588
-95.3202
-29.0473
-98.3647
-103.353
-121.06
-128.775
-135.061
-138.173
-140.451
-139.369
-141.075
-133.679
-142.595
-48.603
-189.514
-95.4579
-29.3201
-98.6301
-103.436
-120.87
-128.553
-134.772
-138.193
-140.475
-139.405
-141.062
-133.8
-142.772
-48.9816
-189.218
-95.61
-29.6534
-99.0396
-103.665
-120.657
-128.218
-134.31
-138.074
-140.562
-139.495
-141.032
-133.784
-142.941
-49.377
-189.009
-136.474
-7.10708
-101.018
-102.853
-121.771
-129.206
-135.587
-138.825
-141.656
-139.77
-142.68
-131.52
-155.188
-14.9702
-288.681
-136.308
-6.8551
-100.587
-102.529
-121.949
-129.521
-136.046
-138.948
-141.594
-139.735
-142.654
-131.559
-154.861
-14.4914
-288.712
-136.184
-6.72206
-100.364
-102.423
-122.101
-129.675
-136.286
-138.932
-141.541
-139.722
-142.645
-131.42
-154.455
-14.0757
-288.95
-136.027
-6.46976
-99.9447
-102.207
-122.294
-129.923
-136.595
-138.991
-141.462
-139.685
-142.656
-131.315
-154.369
-13.7365
-288.619
-135.915
-6.20776
-99.5331
-102.079
-122.474
-130.095
-136.792
-139.027
-141.491
-139.676
-142.643
-130.795
-154.116
-13.5004
-288.35
-135.848
-5.91337
-99.0538
-101.939
-122.626
-130.268
-137.077
-139.236
-141.403
-139.626
-142.55
-130.964
-154.088
-13.1899
-288.031
-135.855
-5.63503
-98.5964
-101.836
-122.699
-130.375
-137.253
-139.167
-141.382
-139.624
-142.487
-131.082
-153.973
-12.9311
-287.727
-135.882
-5.54575
-98.434
-101.79
-122.702
-130.4
-137.323
-139.243
-141.272
-139.608
-142.392
-131.19
-153.717
-12.6514
-287.712
-135.882
-5.68565
-98.6983
-101.838
-122.666
-130.348
-137.25
-139.208
-141.277
-139.609
-142.392
-131.112
-153.81
-12.7568
-287.082
-135.93
-5.96685
-99.1724
-101.936
-122.559
-130.227
-137.012
-139.155
-141.28
-139.604
-142.287
-130.792
-153.666
-12.8668
-286.57
-136.051
-6.26464
-99.6697
-102.077
-122.391
-130.017
-136.678
-138.96
-141.313
-139.618
-142.409
-130.655
-153.464
-12.9849
-286.124
-136.212
-6.51333
-100.074
-102.199
-122.187
-129.814
-136.407
-138.853
-141.205
-139.572
-142.334
-130.983
-153.481
-13.0539
-285.7
-136.403
-6.75123
-100.483
-102.41
-121.973
-129.531
-136.064
-138.751
-141.209
-139.565
-142.308
-131.234
-153.459
-13.2005
-285.523
-136.543
-6.87519
-100.698
-102.513
-121.805
-129.355
-135.805
-138.765
-141.192
-139.553
-142.273
-131.33
-153.785
-13.5074
-284.881
-136.72
-7.11314
-101.115
-102.828
-121.606
-129.008
-135.294
-138.583
-141.257
-139.595
-142.244
-131.351
-153.994
-13.7978
-284.43
-179.096
12.6523
-99.5791
-103.491
-123.186
-131.181
-137.811
-140.481
-143.473
-140.936
-144.937
-129.915
-167.033
25.0973
-401.132
-178.938
12.7657
-99.2329
-103.121
-123.289
-131.443
-138.213
-140.612
-143.405
-140.905
-144.875
-129.911
-166.557
25.5447
-401.12
-178.838
12.7623
-99.0597
-103.003
-123.392
-131.544
-138.375
-140.572
-143.335
-140.882
-144.827
-129.812
-165.815
25.9544
-401.477
-178.739
12.8027
-98.6719
-102.74
-123.509
-131.74
-138.631
-140.621
-143.266
-140.844
-144.804
-129.738
-165.766
26.2773
-400.908
-178.727
12.7988
-98.2538
-102.596
-123.623
-131.857
-138.762
-140.607
-143.243
-140.79
-144.769
-129.355
-165.447
26.4659
-400.446
-178.8
12.8315
-97.7192
-102.433
-123.701
-131.982
-138.951
-140.711
-143.094
-140.68
-144.627
-129.42
-165.355
26.7447
-399.879
-178.944
12.8783
-97.1625
-102.334
-123.717
-132.041
-139.051
-140.62
-143.004
-140.606
-144.525
-129.364
-165.116
27.0291
-399.316
-178.99
12.8814
-96.9492
-102.284
-123.689
-132.04
-139.064
-140.632
-142.846
-140.564
-144.373
-129.423
-164.574
27.39
-399.266
-178.893
12.8809
-97.2854
-102.319
-123.668
-131.98
-138.981
-140.571
-142.825
-140.549
-144.349
-129.313
-164.831
27.3899
-398.223
-178.797
12.8899
-97.8441
-102.397
-123.596
-131.874
-138.781
-140.538
-142.832
-140.553
-144.245
-129.171
-164.664
27.343
-397.353
-178.795
12.9106
-98.393
-102.547
-123.483
-131.689
-138.499
-140.382
-142.841
-140.537
-144.316
-129.083
-164.353
27.3095
-396.549
-178.886
12.9478
-98.7949
-102.673
-123.324
-131.519
-138.267
-140.297
-142.704
-140.49
-144.194
-129.286
-164.292
27.3456
-395.744
-179.05
12.9277
-99.1634
-102.92
-123.17
-131.267
-137.937
-140.168
-142.622
-140.43
-144.118
-129.391
-164.105
27.3534
-395.376
-179.179
12.9362
-99.318
-103.027
-123.038
-131.131
-137.728
-140.167
-142.566
-140.38
-144.064
-129.393
-164.697
27.1093
-394.239
-179.357
12.8211
-99.6406
-103.379
-122.901
-130.821
-137.248
-139.948
-142.574
-140.346
-144.027
-129.394
-164.947
27.0431
-393.451
-231.638
18.3368
-96.5663
-107.531
-125.832
-134.942
-141.8
-143.856
-147.128
-143.769
-148.947
-131.459
-181.947
60.7662
-542.311
-231.499
18.4527
-96.3568
-107.17
-125.846
-135.129
-142.101
-143.955
-147.028
-143.721
-148.817
-131.45
-181.321
61.1941
-542.027
-231.428
18.4306
-96.2499
-107.054
-125.899
-135.186
-142.181
-143.88
-146.914
-143.659
-148.702
-131.464
-180.227
61.544
-542.347
-231.415
18.413
-95.9604
-106.791
-125.924
-135.315
-142.351
-143.886
-146.829
-143.605
-148.623
-131.357
-180.235
61.999
-541.384
-231.571
18.3118
-95.5988
-106.653
-125.962
-135.379
-142.406
-143.827
-146.729
-143.493
-148.544
-131.062
-179.858
62.2287
-540.516
-231.781
18.1361
-95.1046
-106.495
-125.95
-135.446
-142.497
-143.823
-146.485
-143.311
-148.295
-130.992
-179.645
62.4937
-539.427
-231.994
17.8357
-94.5565
-106.41
-125.902
-135.458
-142.513
-143.694
-146.289
-143.159
-148.081
-130.854
-179.219
62.8066
-538.334
-232.063
17.687
-94.3392
-106.356
-125.835
-135.423
-142.466
-143.628
-146.054
-143.048
-147.843
-130.901
-178.311
63.2927
-537.993
-231.922
17.892
-94.6724
-106.375
-125.83
-135.355
-142.364
-143.547
-145.978
-142.994
-147.767
-130.682
-178.7
63.6826
-536.399
-231.66
18.1815
-95.2091
-106.42
-125.795
-135.253
-142.184
-143.515
-145.998
-143.021
-147.712
-130.605
-178.518
63.8025
-534.909
-231.479
18.4413
-95.7038
-106.546
-125.741
-135.089
-141.939
-143.383
-145.979
-142.97
-147.708
-130.57
-178.089
63.8254
-533.55
-231.474
18.6962
-96.0387
-106.644
-125.631
-134.939
-141.737
-143.305
-145.835
-142.916
-147.543
-130.705
-177.848
63.9336
-532.144
-231.602
18.7943
-96.3111
-106.873
-125.543
-134.725
-141.437
-143.16
-145.669
-142.782
-147.389
-130.719
-177.344
64.102
-531.408
-231.72
18.8212
-96.3978
-106.966
-125.445
-134.614
-141.273
-143.149
-145.595
-142.722
-147.334
-130.592
-178.187
63.9935
-529.493
-231.894
18.6794
-96.5809
-107.298
-125.375
-134.353
-140.854
-142.923
-145.541
-142.613
-147.264
-130.462
-178.373
64.3391
-528.164
-297.761
6.93754
-94.8968
-116.674
-130.616
-141.29
-148.573
-149.989
-154.235
-149.721
-156.857
-139.285
-206.598
83.6569
-724.9
-297.619
7.1591
-94.7971
-116.351
-130.56
-141.399
-148.756
-150.017
-154.056
-149.614
-156.617
-139.296
-205.831
84.2127
-723.757
-297.599
7.26534
-94.7491
-116.234
-130.574
-141.421
-148.764
-149.898
-153.865
-149.477
-156.396
-139.396
-204.452
84.5146
-723.648
-297.664
7.41848
-94.5725
-115.991
-130.519
-141.477
-148.831
-149.829
-153.702
-149.365
-156.206
-139.167
-204.293
85.5176
-721.963
-297.83
7.3654
-94.3416
-115.853
-130.493
-141.492
-148.805
-149.726
-153.494
-149.18
-156.029
-138.857
-203.683
85.9956
-720.273
-298.018
7.14134
-94.0161
-115.7
-130.403
-141.495
-148.8
-149.629
-153.115
-148.895
-155.603
-138.648
-203.222
86.347
-718.224
-298.212
6.67126
-93.6303
-115.617
-130.299
-141.455
-148.736
-149.448
-152.79
-148.642
-155.21
-138.47
-202.504
86.7159
-716.061
-298.28
6.44949
-93.4727
-115.561
-130.194
-141.377
-148.624
-149.304
-152.448
-148.425
-154.855
-138.536
-201.287
87.1338
-714.859
-298.175
6.76718
-93.7052
-115.566
-130.193
-141.299
-148.49
-149.192
-152.289
-148.308
-154.678
-138.182
-201.459
88.1564
-712.391
-297.949
7.16542
-94.0714
-115.589
-130.177
-141.191
-148.298
-149.125
-152.303
-148.339
-154.664
-138.076
-201.094
88.4631
-710.247
-297.709
7.39243
-94.3847
-115.689
-130.163
-141.038
-148.06
-148.979
-152.252
-148.249
-154.584
-138.096
-200.467
88.6274
-708.001
-297.632
7.60668
-94.5777
-115.76
-130.081
-140.892
-147.867
-148.885
-152.105
-148.186
-154.405
-138.241
-200.159
88.5248
-705.52
-297.757
7.66458
-94.7353
-115.945
-130.038
-140.705
-147.589
-148.721
-151.858
-147.972
-154.151
-138.265
-199.445
88.5932
-703.829
-297.858
7.64152
-94.7706
-116.02
-129.956
-140.6
-147.45
-148.697
-151.774
-147.912
-154.068
-138.02
-200.402
88.3931
-700.946
-298.027
7.3859
-94.8568
-116.299
-129.926
-140.377
-147.081
-148.473
-151.673
-147.742
-153.943
-137.724
-200.392
89.138
-698.904
-375.254
-14.2404
-97.3289
-131.787
-138.911
-151.365
-159.65
-160.228
-166.991
-160.527
-172.135
-155.034
-249.746
97.8675
-964.078
-375.167
-13.9352
-97.2517
-131.5
-138.799
-151.401
-159.705
-160.159
-166.651
-160.29
-171.692
-155.001
-248.858
98.8791
-960.726
-375.174
-13.7791
-97.2107
-131.374
-138.777
-151.396
-159.649
-160.001
-166.342
-160.048
-171.325
-155.214
-247.233
99.0611
-958.612
-375.183
-13.5933
-97.1088
-131.147
-138.668
-151.382
-159.601
-159.837
-166.031
-159.821
-170.931
-154.845
-246.405
100.421
-954.543
-375.279
-13.6288
-97.0022
-130.999
-138.591
-151.348
-159.492
-159.689
-165.681
-159.544
-170.556
-154.498
-245.227
100.859
-950.714
-375.382
-13.7904
-96.8549
-130.849
-138.449
-151.282
-159.385
-159.518
-165.12
-159.13
-169.852
-154.184
-244.278
101.12
-946.442
-375.509
-14.1221
-96.7029
-130.763
-138.302
-151.185
-159.239
-159.285
-164.632
-158.774
-169.213
-154.017
-243.26
101.164
-942.275
-375.558
-14.2502
-96.6484
-130.706
-138.169
-151.055
-159.048
-159.059
-164.13
-158.429
-168.652
-154.148
-241.573
101.647
-939.715
-375.504
-14.024
-96.747
-130.693
-138.157
-150.965
-158.87
-158.899
-163.872
-158.239
-168.305
-153.69
-241.042
103.072
-936.282
-375.353
-13.7399
-96.8982
-130.701
-138.141
-150.847
-158.641
-158.757
-163.838
-158.24
-168.282
-153.601
-240.458
103.389
-932.037
-375.28
-13.5454
-97.0129
-130.779
-138.136
-150.699
-158.387
-158.558
-163.738
-158.107
-168.116
-153.667
-239.751
103.082
-928.365
-375.317
-13.3713
-97.0614
-130.842
-138.068
-150.544
-158.182
-158.421
-163.565
-158.031
-167.924
-153.956
-239.327
103.098
-924.814
-375.435
-13.4226
-97.1439
-130.995
-138.042
-150.371
-157.915
-158.232
-163.256
-157.747
-167.584
-153.975
-238.526
103.489
-922.58
-375.515
-13.4757
-97.1653
-131.064
-137.973
-150.258
-157.786
-158.198
-163.214
-157.753
-167.64
-153.776
-239.803
103.086
-917.725
-375.668
-13.7669
-97.237
-131.293
-137.965
-150.059
-157.453
-157.972
-163.089
-157.55
-167.477
-153.297
-239.74
104.525
-914.198
-461.635
-38.2107
-104.439
-152.328
-152.168
-166.238
-176.696
-175.944
-188.153
-178.109
-200.318
-179.743
-325.174
111.748
-1278.98
-461.55
-37.9669
-104.347
-152.068
-151.993
-166.186
-176.6
-175.748
-187.533
-177.642
-199.533
-179.553
-323.751
114.043
-1271.3
-461.563
-37.8636
-104.282
-151.929
-151.925
-166.144
-176.469
-175.54
-187.02
-177.231
-198.792
-179.637
-320.993
113.981
-1266.03
-461.548
-37.7245
-104.204
-151.714
-151.766
-166.051
-176.283
-175.258
-186.45
-176.802
-197.928
-179.147
-318.058
115.756
-1257.3
-461.624
-37.7338
-104.164
-151.558
-151.64
-165.957
-176.07
-175.05
-185.893
-176.382
-197.087
-178.734
-315
116.163
-1249.68
-461.689
-37.7619
-104.138
-151.414
-151.462
-165.811
-175.835
-174.795
-185.069
-175.801
-195.907
-178.412
-312.746
116.569
-1241.99
-461.796
-37.856
-104.149
-151.328
-151.285
-165.644
-175.586
-174.495
-184.347
-175.322
-194.882
-178.223
-310.56
117.064
-1234.4
-461.85
-37.843
-104.156
-151.268
-151.133
-165.457
-175.295
-174.167
-183.603
-174.828
-194.01
-178.493
-308.67
116.345
-1228.59
-461.854
-37.7182
-104.152
-151.234
-151.099
-165.352
-175.063
-173.939
-183.234
-174.538
-193.383
-178.106
-306.91
117.363
-1221.06
-461.821
-37.5501
-104.137
-151.225
-151.071
-165.227
-174.789
-173.688
-183.104
-174.448
-193.167
-178.098
-305.316
117.846
-1216.98
-461.842
-37.4664
-104.142
-151.289
-151.062
-165.083
-174.51
-173.4
-182.924
-174.243
-192.998
-178.284
-304.2
119.239
-1211.95
-461.879
-37.4114
-104.144
-151.354
-151.011
-164.922
-174.287
-173.193
-182.714
-174.142
-192.927
-178.555
-304.707
118.529
-1205.18
-461.981
-37.5297
-104.22
-151.494
-151.006
-164.758
-174.022
-172.958
-182.362
-173.835
-192.786
-178.976
-304.814
117.915
-1198.95
-462.035
-37.576
-104.259
-151.566
-150.962
-164.64
-173.891
-172.886
-182.349
-173.8
-192.886
-178.779
-306.797
115.993
-1191.35
-462.178
-37.8188
-104.353
-151.766
-150.989
-164.466
-173.585
-172.63
-182.222
-173.543
-192.687
-178.058
-307.031
117.823
-1186.12
-557.339
-64.2315
-115.575
-178.267
-172.572
-187.948
-202.621
-199.078
-221.597
-203.361
-248.021
-208.594
-440.083
150.471
-1710.21
-557.285
-64.0385
-115.473
-178.026
-172.324
-187.782
-202.326
-198.727
-220.549
-202.578
-246.708
-207.858
-439.142
152.183
-1681.84
-557.342
-63.9491
-115.392
-177.875
-172.197
-187.675
-202.089
-198.467
-219.735
-202.07
-245.557
-208.547
-435.014
148.857
-1664.45
-557.336
-63.8296
-115.331
-177.677
-171.982
-187.492
-201.721
-198.048
-218.761
-201.42
-243.785
-208.144
-428.705
148.713
-1644.91
-557.429
-63.7994
-115.316
-177.534
-171.807
-187.318
-201.366
-197.764
-217.877
-200.884
-242.018
-208.159
-422.107
146.513
-1629.73
-557.501
-63.7375
-115.331
-177.415
-171.606
-187.09
-200.96
-197.398
-216.64
-200.128
-239.906
-207.943
-416.947
144.341
-1614.65
-557.619
-63.7079
-115.395
-177.35
-171.424
-186.853
-200.579
-197.006
-215.548
-199.545
-238.089
-207.863
-414.732
140.381
-1599.53
-557.69
-63.6357
-115.414
-177.295
-171.278
-186.622
-200.167
-196.554
-214.41
-198.887
-236.49
-208.529
-409.36
141.682
-1597.13
-557.735
-63.5867
-115.372
-177.245
-171.227
-186.507
-199.898
-196.273
-213.922
-198.52
-235.221
-208.186
-405.503
145.264
-1594.46
-557.74
-63.5227
-115.308
-177.213
-171.195
-186.393
-199.613
-195.922
-213.686
-198.355
-235.006
-208.612
-404.816
145.082
-1581.72
-557.795
-63.5332
-115.306
-177.261
-171.203
-186.275
-199.359
-195.565
-213.485
-198.107
-234.812
-208.765
-403.697
142.291
-1570.24
-557.85
-63.5264
-115.32
-177.324
-171.195
-186.144
-199.173
-195.309
-213.326
-198.071
-235.25
-210.323
-402.245
144.441
-1563.75
-557.976
-63.6503
-115.407
-177.466
-171.246
-186.021
-198.967
-195.039
-212.969
-197.649
-235.386
-209.984
-403.867
148.343
-1561.45
-558.033
-63.6735
-115.455
-177.549
-171.259
-185.944
-198.902
-194.993
-213.248
-197.868
-236.671
-209.846
-412.341
145.678
-1546.99
-558.196
-63.8677
-115.56
-177.739
-171.36
-185.842
-198.698
-194.764
-213.348
-197.736
-237.22
-209.413
-416.335
150.249
-1535.4
-660.829
-93.5702
-129.183
-208.837
-199.866
-216.632
-239.182
-230.768
-272.425
-237.731
-327.581
-234.289
-645.327
194.095
-2292.99
-660.819
-93.3926
-129.084
-208.603
-199.538
-216.326
-238.585
-230.203
-270.713
-236.62
-325.321
-235.206
-636.419
213.665
-2247.58
-660.928
-93.2855
-128.999
-208.444
-199.344
-216.13
-238.168
-229.853
-269.297
-235.851
-322.143
-235.024
-613.028
204.675
-2209.91
-660.945
-93.1612
-128.955
-208.266
-199.067
-215.84
-237.529
-229.264
-267.592
-234.972
-318.472
-237.184
-598.321
199.607
-2157.05
-661.067
-93.1036
-128.945
-208.15
-198.847
-215.578
-236.964
-228.867
-266.09
-234.281
-314.534
-238.389
-581.634
195.371
-2130.66
-661.155
-93.0124
-128.966
-208.067
-198.633
-215.279
-236.328
-228.355
-264.149
-233.365
-310.642
-239.569
-571.347
193.784
-2110.34
-661.286
-92.9762
-129.029
-208.037
-198.479
-214.992
-235.784
-227.846
-262.474
-232.553
-307.502
-240.52
-561.229
203.291
-2099.82
-661.372
-92.9181
-129.057
-207.993
-198.364
-214.742
-235.269
-227.27
-260.818
-231.684
-305.1
-240.872
-557.254
193.947
-2093.81
-661.464
-92.9075
-129.044
-207.925
-198.316
-214.621
-235.028
-226.958
-260.312
-231.224
-303.671
-241.308
-558.09
184.983
-2049.03
-661.536
-92.8649
-129.004
-207.868
-198.298
-214.533
-234.844
-226.552
-260.148
-230.928
-302.627
-241.499
-546.681
181.7
-2041.54
-661.663
-92.9
-129.028
-207.908
-198.36
-214.471
-234.75
-226.174
-260.193
-230.687
-303.492
-244.062
-541.512
195.083
-2046.12
-661.757
-92.9015
-129.048
-207.971
-198.428
-214.415
-234.74
-225.904
-260.326
-230.468
-305.069
-242.582
-549.69
200.336
-2033.58
-661.924
-93.0305
-129.14
-208.13
-198.581
-214.386
-234.759
-225.68
-260.522
-230.419
-308.615
-244.5
-560.826
199.539
-2016.77
-661.995
-93.0499
-129.182
-208.225
-198.674
-214.386
-234.869
-225.645
-261.322
-230.284
-311.254
-243.501
-571.484
195.42
-1980.01
-662.18
-93.2478
-129.292
-208.43
-198.885
-214.41
-234.903
-225.466
-261.87
-229.985
-312.344
-240.164
-575.551
208.179
-1967.74
-771.28
-131.055
-146.24
-246.656
-236.901
-254.908
-290.659
-273.503
-347.177
-280.48
-452.612
-246.902
-911.675
252.198
-3065.75
-771.338
-130.874
-146.156
-246.438
-236.504
-254.494
-289.667
-272.752
-344.451
-279.213
-449.173
-240.644
-1012.39
260.828
-2828.22
-771.515
-130.736
-146.074
-246.294
-236.262
-254.235
-289.035
-272.386
-342.495
-278.701
-445.252
-251.274
-941.086
277.876
-2820.04
-771.585
-130.606
-146.046
-246.149
-235.942
-253.882
-288.066
-271.668
-339.612
-277.59
-436.256
-253.405
-871.41
293.49
-2763.75
-771.759
-130.54
-146.04
-246.067
-235.718
-253.579
-287.247
-271.188
-337.034
-276.87
-427.28
-258.125
-819.743
272.997
-2731.87
-771.897
-130.451
-146.061
-246.023
-235.533
-253.266
-286.366
-270.529
-333.945
-275.636
-418.581
-259.973
-790.304
266.208
-2707.38
-772.075
-130.443
-146.118
-246.039
-235.454
-252.996
-285.687
-269.917
-331.37
-274.55
-411.106
-257.359
-809.049
226.257
-2631.6
-772.219
-130.413
-146.157
-246.029
-235.413
-252.777
-285.143
-269.239
-328.906
-273.574
-405.421
-263.156
-747.313
239.119
-2703.88
-772.39
-130.427
-146.199
-245.989
-235.432
-252.681
-285.064
-268.957
-328.346
-273.159
-399.861
-261.498
-721.487
260.928
-2734.13
-772.54
-130.402
-146.217
-245.948
-235.492
-252.642
-285.169
-268.604
-328.601
-273.138
-400.67
-269.791
-724.863
294.255
-2728.66
-772.735
-130.474
-146.297
-246.023
-235.688
-252.679
-285.472
-268.275
-329.284
-272.564
-402.615
-265.26
-741.511
255.495
-2668.89
-772.873
-130.499
-146.348
-246.104
-235.892
-252.735
-285.909
-268.109
-330.618
-272.79
-409.476
-272.249
-727.519
261.442
-2652.09
-773.078
-130.673
-146.478
-246.308
-236.227
-252.862
-286.422
-267.958
-331.758
-272.03
-415.32
-263.441
-742.776
275.097
-2646.69
-773.165
-130.719
-146.525
-246.419
-236.439
-252.976
-286.956
-268.111
-334.242
-272.568
-426.407
-258.158
-815.243
286.504
-2631.03
-773.368
-130.967
-146.666
-246.671
-236.832
-253.198
-287.562
-268.262
-336.552
-273.375
-434.468
-263.401
-899.011
300.891
-2594.32
-883.009
-176.47
-164.662
-289.158
-279.972
-297.771
-352.209
-323.568
-444.874
-324.864
-626.75
-253.3
-1109.29
337.269
-4550.98
-883.147
-176.313
-164.576
-288.969
-279.502
-297.283
-350.754
-322.657
-441.098
-322.253
-630.383
-221.881
-1388.38
273.658
-3815.64
-883.409
-176.145
-164.485
-288.851
-279.226
-296.995
-349.87
-322.428
-438.017
-323.706
-616.622
-230.963
-1366.6
319.811
-3547.73
-883.56
-176.012
-164.468
-288.736
-278.868
-296.628
-348.536
-321.852
-434.037
-324.255
-612.254
-251.905
-1367.64
291.578
-3333.74
-883.812
-175.936
-164.464
-288.676
-278.659
-296.35
-347.49
-321.528
-430.078
-324.868
-593.925
-264.79
-1163.89
336.985
-3447.99
-884.036
-175.845
-164.486
-288.657
-278.51
-296.085
-346.416
-320.979
-425.509
-325.027
-576.962
-271.313
-1130.67
310.744
-3408.42
-884.298
-175.843
-164.547
-288.7
-278.527
-295.905
-345.763
-320.523
-421.949
-325.188
-560.29
-281.558
-1037.32
335.879
-3468.59
-884.535
-175.827
-164.604
-288.723
-278.592
-295.758
-345.413
-319.977
-419.198
-324.918
-549.498
-285.51
-967.444
361.93
-3652.66
-884.801
-175.881
-164.702
-288.752
-278.744
-295.727
-345.789
-320.026
-419.726
-325.684
-547.917
-287.275
-1128.64
343.182
-3435.79
-885.032
-175.909
-164.779
-288.768
-278.95
-295.75
-346.516
-319.921
-421.526
-324.858
-549.702
-257.904
-1156.23
221.703
-3317.68
-885.299
-176.055
-164.931
-288.911
-279.362
-295.924
-347.656
-319.957
-424.974
-325.357
-561.411
-287.374
-997.29
310.013
-3487.96
-885.491
-176.141
-165.024
-289.023
-279.76
-296.107
-348.933
-320.039
-429.059
-324.795
-571.885
-252.151
-1049.06
393.684
-3471.8
-885.743
-176.395
-165.218
-289.291
-280.362
-296.443
-350.457
-320.313
-434.897
-324.855
-613.047
-255.025
-1311.92
367.941
-3497.19
-885.857
-176.484
-165.284
-289.415
-280.724
-296.673
-351.68
-320.714
-440.808
-324.372
-648.549
-248.518
-1598.43
267.3
-3154.84
-886.091
-176.808
-165.486
-289.734
-281.369
-297.129
-353.122
-321.295
-445.148
-325.439
-652.756
-242.084
-1622.3
380.991
-3046.9
-995.373
-237.683
-190.196
-342.019
-339.627
-355.157
-434.021
-387.265
-568.778
-372.374
-831.42
-251.028
-1379.22
743.128
-6085.51
-995.616
-237.576
-190.133
-341.908
-339.143
-354.765
-432.053
-386.712
-562.963
-370.779
-835.122
-240.822
-1606.68
425.48
-5140.9
-995.987
-237.386
-190.05
-341.855
-338.901
-354.574
-430.983
-386.745
-559.038
-370.438
-819.767
-207.917
-1657
499.118
-4728.71
-996.265
-237.28
-190.07
-341.827
-338.586
-354.361
-429.348
-386.672
-553.251
-372.783
-812.43
-232.506
-1670.39
505.197
-4441.98
-996.633
-237.221
-190.104
-341.848
-338.496
-354.28
-428.317
-386.936
-548.63
-375.737
-797.32
-261.274
-1488.68
536.227
-4542.66
-996.99
-237.164
-190.179
-341.913
-338.511
-354.22
-427.378
-386.849
-542.884
-377.02
-772.044
-274.511
-1344.34
508.91
-4574.29
-997.378
-237.201
-190.31
-342.039
-338.772
-354.286
-427.143
-386.893
-538.44
-379.07
-743.471
-281.09
-1207.42
612.674
-4782.32
-997.744
-237.243
-190.449
-342.156
-339.124
-354.342
-427.464
-386.77
-536.482
-380.956
-731.864
-304.942
-1174.65
428.47
-4904.06
-998.13
-237.382
-190.66
-342.322
-339.649
-354.49
-428.686
-387.108
-537.343
-381.746
-709.086
-251.441
-1470.09
132.774
-4236.39
-998.469
-237.508
-190.848
-342.457
-340.242
-354.65
-430.549
-387.429
-542.705
-382.856
-728.365
-282.632
-1250.41
370.993
-4435.22
-998.829
-237.763
-191.13
-342.73
-341.115
-355.02
-433.023
-387.803
-549.612
-383.206
-742.128
-263.174
-1295.56
465.597
-4605.97
-999.099
-237.943
-191.321
-342.912
-341.895
-355.323
-435.594
-388.071
-559.064
-382.691
-795.462
-282.059
-1592.62
251.011
-4568.27
-999.417
-238.298
-191.642
-343.289
-342.959
-355.878
-438.491
-388.462
-569.255
-380.058
-853.075
-261.885
-1844.52
26.6881
-4040.56
-999.574
-238.448
-191.766
-343.439
-343.567
-356.162
-440.435
-388.578
-575.603
-376.412
-862.696
-236.399
-1671.62
128.835
-3759
-999.849
-238.862
-192.09
-343.856
-344.616
-356.855
-442.978
-389.298
-581.756
-375.314
-862.607
-217.388
-1543.4
200.021
-3756.68
-1096.93
-308.261
-217.774
-397.284
-400.929
-410.125
-512.7
-449.41
-691.633
-420.911
-1039.14
-271.864
-1854.07
1913.93
-7922.69
-1097.27
-308.218
-217.72
-397.235
-400.357
-409.818
-509.636
-449.365
-678.28
-419.921
-1000.86
-258.586
-1687.81
1261.94
-7620.21
-1097.75
-308.024
-217.631
-397.237
-400.122
-409.781
-508.335
-450.333
-674.063
-423.607
-999.182
-242.282
-1862.8
864.192
-6691.22
-1098.15
-307.954
-217.67
-397.274
-399.786
-409.7
-506.222
-451.092
-665.358
-426.837
-979.851
-212.223
-1930.51
915.128
-6376.08
-1098.63
-307.915
-217.721
-397.344
-399.759
-409.791
-505.229
-452.416
-660.507
-435.173
-971.211
-262.398
-1923.45
942.343
-6296.94
-1099.12
-307.902
-217.833
-397.456
-399.871
-409.862
-504.454
-453.188
-654.536
-440.68
-942.743
-303.968
-1603.22
944.511
-6581.77
-1099.64
-307.987
-218.021
-397.625
-400.322
-410.052
-504.734
-453.764
-650.518
-444.263
-911.255
-319.374
-1484.35
1161.04
-6632.61
-1100.14
-308.098
-218.233
-397.788
-400.933
-410.176
-505.769
-454.133
-650.216
-449.708
-897.498
-355.714
-1408.09
1120.45
-6737.72
-1100.66
-308.326
-218.545
-398.041
-401.861
-410.377
-508.027
-454.774
-654.341
-452.019
-884.787
-348.475
-1421.66
1058.52
-6322.56
-1101.12
-308.548
-218.832
-398.242
-402.876
-410.514
-511.151
-455.366
-664.726
-453.153
-919.679
-336.604
-1394.37
1006.13
-6862.62
-1101.6
-308.917
-219.246
-398.606
-404.267
-410.939
-515.201
-456.003
-678.347
-453.81
-980.756
-368.542
-1974.88
160.819
-6552.81
-1101.97
-309.195
-219.534
-398.822
-405.464
-411.196
-519.131
-456.178
-692.312
-451.513
-1032.1
-326.674
-2064.28
-6.10951
-5469.79
-1102.37
-309.675
-220.002
-399.288
-407.052
-411.868
-523.441
-456.595
-705.011
-447.595
-1069.98
-291.689
-1873.86
63.0616
-4616.63
-1102.59
-309.896
-220.187
-399.444
-407.928
-412.109
-526.153
-456.592
-712.865
-444.56
-1085.5
-304.133
-1744.03
-39.009
-4661.29
-1102.93
-310.437
-220.664
-399.96
-409.454
-412.998
-529.727
-457.517
-717.869
-443.551
-1051.48
-312.487
-1280.32
165.319
-5427.71
-1174.08
-421.931
-267.193
-465.501
-504.682
-502.025
-647.24
-548.511
-873.929
-488.796
-1429.35
-192.396
-3179.87
1705.85
-10391.9
-1174.52
-422.058
-267.231
-465.654
-504.057
-502.168
-642.205
-549.902
-846.746
-497.581
-1308.38
-256.431
-2266.1
2048.24
-10381.2
-1175.07
-421.961
-267.198
-465.808
-503.827
-502.464
-639.702
-551.647
-833.509
-503.391
-1257.55
-322.26
-2289.24
1802.18
-9735.07
-1175.62
-422.048
-267.335
-466.074
-503.623
-502.864
-636.507
-553.469
-817.15
-507.233
-1224.02
-277.663
-2466.01
1443.66
-8860.02
-1176.23
-422.17
-267.5
-466.349
-503.911
-503.46
-635.591
-556.186
-809.849
-515.919
-1203.75
-280.241
-2366.05
1512.33
-8828.22
-1176.87
-422.365
-267.788
-466.69
-504.538
-504.04
-635.549
-558.439
-803.617
-526.233
-1167.39
-345.459
-1882.32
1863.18
-9308.44
-1177.53
-422.655
-268.194
-467.069
-505.729
-504.746
-637.665
-561.028
-804.142
-538.05
-1137.16
-361.556
-1972.39
2314.96
-9207.09
-1178.17
-422.986
-268.672
-467.425
-507.262
-505.249
-641.142
-562.714
-811.41
-550.136
-1173.32
-447.718
-2065.23
1465.51
-9343.19
-1178.81
-423.425
-269.296
-467.867
-509.33
-505.8
-646.571
-564.371
-823.85
-555.589
-1192.18
-431.74
-2689.64
952.884
-7635.87
-1179.4
-423.856
-269.904
-468.195
-511.526
-506.058
-653.045
-565.195
-843.02
-561.46
-1255.99
-490.788
-2665.1
1077.73
-7211.27
-1179.97
-424.415
-270.679
-468.69
-514.2
-506.569
-660.672
-565.491
-864.485
-563.705
-1321.88
-517.288
-2664.8
701.14
-6929.79
-1180.43
-424.866
-271.274
-468.942
-516.491
-506.644
-667.617
-564.213
-882.615
-556.702
-1333.3
-461.577
-2767.25
522.696
-5994.94
-1180.89
-425.498
-272.103
-469.5
-519.246
-507.278
-674.967
-563.24
-900.064
-546.505
-1366.55
-469.556
-2386.98
503.336
-6081.86
-1181.15
-425.829
-272.485
-469.638
-520.811
-507.281
-679.532
-561.693
-911.576
-534.786
-1381.09
-383.084
-2142.51
564.664
-6691.27
-1181.51
-426.488
-273.307
-470.253
-523.286
-508.253
-685.426
-562.255
-920.659
-529.832
-1356.76
-355.052
-2198.33
872.616
-6981.72
-1296.11
-1835.53
-2372.38
-3076.62
-3999.41
-5136.62
-6745.82
-8659.13
-11655.7
-14734.8
-21608.8
-23217.8
-46638.5
-40261.4
-132340
-523.593
-686.508
-807.922
-1029.92
-1326.59
-1709.45
-2293.6
-2992.49
-4211
-5448.99
-8388.04
-11511.9
-14292.5
-24331.3
-17736.9
-352.971
-491.396
-621.922
-831.309
-1084.69
-1435.61
-1893.54
-2555.32
-3396.11
-4809
-6356.87
-10023.7
-12036.7
-24563.8
-2711.82
-537.463
-740.236
-938.108
-1211.2
-1557.02
-2042.04
-2696.62
-3602.94
-4756.41
-6320.35
-8247.61
-10732.6
-13139.4
-15017.7
-13331.5
-584.389
-799.424
-1016.86
-1314
-1712.22
-2260.58
-2954.26
-3839.05
-4896.7
-6288.59
-7699.12
-10008.8
-10585.8
-14481.4
-11625
-563.514
-771.366
-969.343
-1208.86
-1548.3
-2053.74
-2741.22
-3610.8
-4615.88
-5810.2
-6981.02
-8929.26
-9458.26
-13305.1
-11303.7
-725.053
-983.101
-1246.64
-1586.15
-2170.54
-2983.3
-3815.49
-4643.79
-5572.58
-6643.74
-7834.75
-9598.8
-9988.42
-13318
-12434.2
-610.193
-843.79
-1058.88
-1243.4
-1693.33
-2311.09
-3033.25
-3852.24
-4776.43
-5525.88
-6428.63
-7068.35
-7163.58
-11390.6
-9713.56
-920.565
-1182.29
-1393.17
-1913.95
-3183.66
-4443.85
-5169.62
-5544.27
-6119.9
-6713.48
-7908.19
-9300.18
-12069.1
-22894.4
-20876.5
-534.739
-853.482
-1014.11
-1203.26
-1827.33
-2540.03
-3585.83
-4409.86
-5214.83
-5352.22
-5772.91
-2588.67
-7431.64
-698.047
-6138.89
-1185.71
-1635.64
-2333.48
-3561.87
-6288.43
-7808.61
-7359.12
-7228.4
-5913.33
-3743.11
-3644.55
-4454.59
-9732.46
-4337.31
-6812.22
-156.044
-687.811
-1332.42
-2084.37
-3268.56
-3124.42
-3320.88
-3220.29
-2617
-2527.53
-3481.82
-3599.79
-3278.16
5772.49
-17929.9
-1734.64
-2567.44
-4232.34
-5335.4
-14390.8
-9999.9
-9911.19
-12211.8
-12365.1
-8452.61
-4352.22
-5460.36
-10241.4
-26324.6
-16970.4
4217.11
2106.5
180.663
-2040.49
-1061.76
-395.66
-17.1548
4512.07
2639.1
5148.06
6994.69
5269.25
-3155.61
-2055.97
5929.98
-16694.3
-15747.4
-13021.7
-13259.7
-9869.04
-12837.7
-14456.7
-14643.3
-16258.6
-23449.1
-30013.2
-31447.1
-33443.6
-23402.4
-48558.2
-1296.59
-1836.39
-2373.76
-3078.64
-4002.92
-5141.94
-6752.51
-8665.1
-11661.3
-14732.3
-21579.7
-23208.8
-46359.8
-40087.8
-129084
-523.883
-687.078
-808.826
-1031.25
-1328.5
-1711.44
-2294.28
-2989.81
-4201.12
-5427.17
-8327.58
-11417.5
-14281.9
-23738
-18046.8
-353.081
-491.586
-622.035
-831.183
-1084.17
-1433.91
-1889.51
-2546.22
-3379.5
-4775.51
-6305.14
-9926.48
-12012.4
-24281.3
-4356.25
-537.819
-740.8
-939.015
-1213.36
-1561.11
-2045.89
-2696.14
-3592.02
-4728.05
-6255.35
-8136.6
-10567.7
-12926.3
-14866.3
-13376.5
-583.779
-798.436
-1015.17
-1312.06
-1707.55
-2247.72
-2930.05
-3798.68
-4831.48
-6168.37
-7532.11
-9786.92
-10415.1
-14302.7
-11441.5
-564.987
-771.755
-969.5
-1214.61
-1558.89
-2060
-2731.4
-3572.62
-4532.15
-5641.44
-6773.37
-8705.58
-9268.91
-13095.1
-10805.5
-719.965
-973.086
-1237.89
-1582.03
-2144.03
-2916.43
-3720.08
-4526.24
-5414.01
-6391.43
-7584.84
-9422.74
-9887.73
-13594.1
-12383.1
-623.304
-842.999
-1059.14
-1275.33
-1719.9
-2318.48
-2999.4
-3768.85
-4600.73
-5247.47
-6329.9
-7102.38
-7177.83
-11281.1
-9444.25
-887.668
-1114.73
-1413.12
-1892.78
-2997.36
-4188.15
-4926.61
-5329.84
-6003.46
-6827.85
-8455.86
-10078.7
-12676.8
-24167.3
-19736.5
-572.73
-794.598
-938.39
-1286.25
-1990.43
-2577.44
-3514.96
-4338.24
-5457.51
-6166.56
-6873.39
-3554.73
-7902.9
1256.86
5865.25
-1064.05
-1546.7
-2360.21
-3495.4
-5904.72
-7199.9
-7165.69
-7393.77
-6806.16
-5176.56
-5014.87
-5289.07
-10733.1
-3629.65
-34584.2
-168.725
-53.3946
-763.076
-2095.37
-3059.46
-3094.89
-3253.69
-3218.19
-3267.6
-3807.85
-4370.27
-4037.26
-4705.81
4859.5
-30614.8
-2012.49
-3759.09
-4864.44
-5333.44
-12434.8
-9987.27
-9861.4
-11358.4
-11575.2
-10158.7
-5208.7
-5946.09
-12672.2
-26437.9
-29059.6
3986.51
59.5617
-1704.5
-2608.87
-360.213
259.642
-204.389
2206.47
2032.26
3204.29
5497.53
5581.79
-5158.64
2884.6
-1465.77
-15786.5
-13393.7
-10779.2
-12061
-10506.6
-12476.9
-14819.7
-15070.6
-16404.3
-21869.7
-30243.1
-32378.9
-33494.2
-21209.1
-45375.6
-1297.14
-1837.36
-2375.34
-3080.95
-4006.98
-5148.17
-6761.13
-8673.86
-11669.7
-14737.9
-21555.5
-23199.8
-46298.3
-39982.4
-129659
-523.898
-687.119
-808.798
-1031.05
-1327.91
-1709.93
-2291.04
-2983.95
-4190.34
-5409.62
-8288.54
-11343.9
-14207.7
-23625.1
-17276.3
-353.096
-491.599
-621.867
-830.635
-1083.03
-1431.53
-1885.35
-2538.6
-3368.05
-4753.88
-6274.8
-9867.58
-11964.9
-24204.8
-3891.57
-538.128
-741.334
-939.736
-1214.82
-1563.5
-2047.25
-2694.18
-3582.92
-4708.36
-6209.75
-8066.34
-10463.2
-12806.1
-14766.9
-12895.2
-583.586
-798.268
-1014.46
-1310.84
-1703.72
-2237.38
-2913.03
-3772.09
-4789.61
-6086.58
-7435
-9665.38
-10346
-14263.5
-11312.3
-566.085
-772.715
-970.289
-1218.62
-1563.45
-2058.14
-2718.31
-3542.47
-4474.37
-5524.64
-6666.65
-8582.85
-9211.06
-12921.1
-10364.9
-717.642
-969.499
-1235.22
-1579.8
-2122.12
-2866.1
-3661.81
-4462.49
-5318.36
-6217.85
-7478.18
-9358.59
-9984.37
-13938.8
-13003.8
-630.775
-845.137
-1060.64
-1290.63
-1720.48
-2296.88
-2954.57
-3698.64
-4459.96
-5081.43
-6401.88
-7141.8
-7331.08
-10487.2
-6588.34
-876.978
-1093.51
-1425.58
-1899.29
-2894.73
-4056.76
-4811.91
-5289.38
-6136.45
-7114.07
-8942.25
-10428.1
-13373.6
-23665.5
-20922.7
-615.138
-818.371
-998.81
-1209.71
-1818.28
-2443.26
-3441.51
-4341.94
-5659.87
-6526.39
-7470.24
-3794.93
-8493.05
1500.3
2973.63
-1056.73
-1490.22
-2182.09
-3198.7
-5669.23
-6895.63
-7175.55
-7757.38
-7728.9
-6568.8
-5478.47
-5533.79
-10048.5
-5995.74
-36168.1
-394.303
-372.714
-703.198
-1861.48
-2880.52
-3223.84
-3559.75
-3515.81
-3882.48
-4794.89
-4653.49
-4092.02
-3944.51
1625.34
-29493.3
-1890.66
-3238.2
-4897.71
-6044.75
-11238.2
-10884.8
-10932.4
-11564.7
-11375.6
-8477.29
-5656.52
-6094.21
-10726.3
-27254.1
-25410.8
3615.14
1139.32
-1018.76
-3028.98
-699.737
558.713
862.385
2416.37
1805.78
4547.13
6895.43
5517.56
-6359.19
758.118
-131.276
-15356.7
-13094.5
-11127.2
-11237
-12160.5
-12519.1
-14936.5
-15958.7
-18509.7
-25781.9
-30595.2
-34444.8
-38613
-26635
-44717.3
-1297.74
-1838.47
-2377.22
-3083.72
-4011.67
-5155.18
-6770.48
-8682.19
-11675.2
-14745.8
-21526
-23179.3
-46147.3
-39914.3
-129249
-524.14
-687.619
-809.536
-1032.1
-1329.28
-1710.95
-2290.43
-2979.68
-4177.74
-5380.91
-8239.48
-11241.2
-14101.3
-23336.4
-16526.7
-353.318
-492.015
-622.286
-830.891
-1082.95
-1430.29
-1881.91
-2529.65
-3350.8
-4717.89
-6224.49
-9767.45
-11902.7
-23927.9
-3723.28
-538.535
-742.217
-941.132
-1217.55
-1568.24
-2051.59
-2694.1
-3571.32
-4677.05
-6137.35
-7951.38
-10294.1
-12599.5
-14492.2
-12571.3
-583.425
-798.354
-1013.92
-1309.72
-1699.72
-2224.26
-2887.89
-3728.4
-4715.45
-5947.34
-7254.54
-9437.27
-10161.1
-14084.5
-11143.6
-567.259
-774.081
-971.424
-1223.92
-1572.35
-2061.68
-2705.23
-3498.85
-4379.08
-5338.79
-6465.15
-8330.33
-9027.24
-12582.9
-9718.55
-714.879
-965.294
-1229.27
-1575.37
-2098.14
-2799.21
-3563.4
-4337.97
-5117.82
-5860.26
-7190.49
-9186
-10033.7
-14392.7
-13466
-638.731
-848.872
-1061.34
-1305.65
-1727.32
-2283.87
-2901.02
-3582.8
-4207.6
-4845.38
-6429.19
-7205.3
-7603.42
-9620.88
-3074
-866.194
-1068.67
-1401.45
-1883.67
-2784.01
-3851.77
-4582.61
-5193.56
-6177.38
-7405.69
-9638.89
-11143.7
-14578.9
-23038.4
-21835.6
-655.036
-836.095
-1050.14
-1260.65
-1774.54
-2322.36
-3316.45
-4330.26
-5916.59
-7033.52
-8469.11
-4728.51
-9793.33
1659.21
4135.21
-1026.54
-1371.16
-2134.16
-3063.29
-5054.08
-6628.34
-7241.36
-8311.09
-9117.48
-8076.65
-6168.61
-6273.97
-10057.5
-7097.03
-28100.6
-479.426
-415.678
-610.174
-1516.51
-2653.97
-3270.09
-3823.27
-4526.29
-4573.6
-4092.35
-4461.71
-4248.2
-3594.54
-709.803
-24708
-1833.78
-2807.49
-6185.03
-7122.36
-9514.59
-11534.6
-12062.3
-11437.6
-8821.21
-6348.64
-5616.78
-6687.43
-10005.4
-28654.7
-19709
3123.74
816.573
-1901.45
-2423.26
-48.037
390.472
1118.49
3451.15
4527.86
6633.17
6559.76
5189.97
-4637.32
-6785.64
2687.2
-14822.2
-13134.3
-12131.6
-11272.1
-14567.6
-13621.3
-15430.5
-17224.9
-21986.7
-26571.3
-30446.1
-35612.9
-40382.9
-28464.9
-42613.4
-1298.39
-1839.66
-2379.22
-3086.67
-4016.53
-5162.48
-6780.91
-8692.55
-11680.6
-14758.4
-21497.2
-23196
-46047.4
-39802.2
-128955
-524.397
-688.152
-810.303
-1033.15
-1330.65
-1711.77
-2289.49
-2975.27
-4165.53
-5353.59
-8202.79
-11140.2
-14035.4
-23192.6
-16466.3
-353.58
-492.505
-622.815
-831.276
-1082.97
-1429.13
-1878.97
-2522.09
-3335.98
-4685.93
-6185.84
-9687.93
-11869.9
-23755.6
-3836.31
-538.888
-743.14
-942.668
-1220.35
-1572.77
-2055.46
-2694.25
-3561.66
-4649.71
-6073.34
-7855.85
-10153.5
-12443.8
-14274
-12379.8
-583.81
-799.48
-1014.89
-1310.19
-1697.66
-2213.76
-2867.59
-3691.4
-4647.83
-5820.15
-7096.9
-9230.83
-10020.6
-13961.1
-11126.8
-568.203
-775.997
-973.891
-1229.46
-1580.03
-2062.62
-2692.89
-3459.66
-4291.23
-5160.31
-6279.08
-8081.61
-8874
-12167.6
-8870.84
-714.253
-966.563
-1229.7
-1573.12
-2077.4
-2737.61
-3479.91
-4221.91
-4877.26
-5458.69
-6907.63
-8964.43
-10152.2
-14820
-13553.8
-644.331
-856.808
-1067.67
-1315.34
-1725.52
-2262.72
-2848.57
-3449.07
-3934.58
-4681.99
-6461.3
-7113.35
-7961.1
-8045.92
2001.27
-863.005
-1067.74
-1381.98
-1830.25
-2632.32
-3595.81
-4362.37
-5111.48
-6059.15
-7621.17
-10144.9
-11556
-15897.1
-21981.1
-23839
-682.083
-868.95
-1093.34
-1322.57
-1788.58
-2304.59
-3219.04
-4334.85
-6434.13
-7972.35
-9259.52
-5378.04
-11291.3
860.634
4921.99
-1028.21
-1277.95
-1921.87
-2708.23
-4357.91
-6002.08
-7280.49
-9011.43
-10382.6
-9331.71
-7083.35
-6967.7
-10352.9
-7861.55
-19743.8
-580.738
-656.485
-824.461
-1309.66
-2625.07
-3102.44
-3739.37
-4655.43
-4685.26
-4301.37
-4560.21
-4248.26
-3583.36
-2087.73
-17730.7
-1971.47
-2219.67
-5098.65
-7271.3
-7593.03
-8999.63
-9772.57
-10043.2
-7703.93
-6371.05
-5946.73
-7427.98
-10201.1
-28613.8
-16048.9
3100.25
1949.47
-550.883
-2232.87
545.49
1291.07
2086.08
3278.11
4318.71
5755.31
5817.63
4735.94
-3245.22
-11582.8
4427.12
-14555.7
-13467.4
-14654.8
-12995.3
-16733.1
-17183.5
-18107.1
-19240
-23536.5
-27445.8
-30595.5
-36205.4
-40627.5
-29402.3
-40031.5
-1299.09
-1840.93
-2381.47
-3090.1
-4021.95
-5170.46
-6792.61
-8705.73
-11686.9
-14774.3
-21458.1
-23241
-45926.6
-39696.2
-128700
-524.749
-688.887
-811.411
-1034.76
-1332.93
-1713.81
-2289.85
-2972.13
-4153.82
-5328.36
-8163.88
-11021.7
-13953.3
-23058.1
-16100.4
-354.012
-493.281
-623.765
-832.276
-1083.71
-1428.76
-1876.92
-2515.63
-3320.97
-4651.32
-6144.08
-9595.42
-11848.9
-23562.3
-3896.73
-539.27
-744.266
-944.671
-1223.99
-1578.52
-2061.16
-2696.9
-3553.83
-4620.76
-6003.99
-7752.67
-9994.49
-12273
-14015.5
-12185.3
-584.654
-801.488
-1017.14
-1312.2
-1697.02
-2204.63
-2847.98
-3650.79
-4568.38
-5678.36
-6914.67
-8976.87
-9816.28
-13798.1
-11169.5
-568.894
-778.141
-977.104
-1235.79
-1588.39
-2065.56
-2684.71
-3417.68
-4191.08
-4943.63
-6051.31
-7777.07
-8658.26
-11549.6
-7757.38
-714.972
-970.723
-1233.5
-1573.11
-2057.02
-2675.31
-3387.42
-4062.5
-4514.78
-5017.86
-6512.75
-8605.38
-10229.3
-14977
-13263.6
-648.554
-865.729
-1076.72
-1323.78
-1725.46
-2247.39
-2805.79
-3252.96
-3600.83
-4389.29
-6209.69
-6794.21
-8174.16
-5911.22
6190.05
-865.97
-1082.68
-1379.71
-1797.87
-2519.93
-3332.35
-4116.4
-4681.01
-5590.13
-7272.71
-9942.09
-11501.2
-16536.1
-20901.3
-25389.2
-705.358
-928.745
-1179.59
-1471.84
-1950.99
-2397.1
-3047.72
-4322.78
-6693.78
-8364.95
-9446.84
-5942.21
-12095.9
-101.439
511.932
-1092.52
-1343.14
-1868.86
-2583.5
-3920.47
-5356.35
-6685.07
-8924.55
-10631.2
-9861.5
-7725.9
-7421.28
-10484.5
-7224.91
-13367.4
-623.003
-962.282
-1099.82
-1794.5
-3042.23
-3300.79
-3892.34
-4818.01
-4884.18
-4624.1
-4623.8
-4069.45
-3570.55
-1949.11
-9712.65
-2356.45
-2196.6
-3424.27
-6373
-7459.31
-6954.59
-7700.64
-9107.01
-8677.92
-7900.54
-6462.15
-8016.58
-10960.2
-27508.2
-15558.4
3148.05
2367.83
1330.62
-1226.12
1248.22
1601.89
2031.63
1918.77
2097.19
4197.17
5400.04
4672.07
-1371.38
-13469.2
2403.57
-13931.5
-13622.6
-14948.8
-16241.8
-16618.5
-18625.6
-19997.2
-21632.6
-25717.9
-28641.9
-30968.7
-36535.3
-41010.7
-32715
-37791.6
-1299.82
-1842.23
-2383.77
-3093.73
-4027.58
-5178.45
-6804.58
-8721.05
-11695.8
-14791.9
-21417.6
-23303.2
-45846.9
-39614.6
-128631
-525.191
-689.784
-812.773
-1036.76
-1335.87
-1716.85
-2291.57
-2970.73
-4145.45
-5312.24
-8136.55
-10923.5
-13920.1
-23019
-15729.6
-354.603
-494.298
-625.063
-833.854
-1085.32
-1429.6
-1876.68
-2512.66
-3311.34
-4627.53
-6120.7
-9531.26
-11869.8
-23456
-4009.12
-539.641
-745.459
-946.908
-1228.17
-1585.08
-2068.43
-2702.22
-3550.92
-4599.74
-5955.17
-7687.47
-9884.82
-12172
-13844.7
-12048.5
-586.21
-804.671
-1021.35
-1317.41
-1701.17
-2202.99
-2837.88
-3621.89
-4507.07
-5583.39
-6799.9
-8808.72
-9706.94
-13751.1
-11280.6
-569.373
-780.171
-981.118
-1244.61
-1601.05
-2076.07
-2685.07
-3385.43
-4105.16
-4801.16
-5931.95
-7584.4
-8521.64
-10867.3
-6688.45
-717.724
-978.575
-1245.39
-1588.63
-2062.1
-2649.72
-3321.07
-3902.06
-4208.82
-4773.94
-6251.52
-8304.31
-10255.3
-14733.5
-13050.5
-650.413
-871.424
-1090.38
-1349.47
-1748.51
-2250.77
-2775.04
-3050.25
-3410.21
-4165.33
-5815.74
-6294.49
-8047.81
-3349.5
7471.39
-864.178
-1105.51
-1417.22
-1827.62
-2476.88
-3139.65
-3772.72
-4121.37
-4931.65
-6493.29
-9004.72
-10795.2
-16031.3
-20121.9
-26428.3
-707.907
-945.894
-1221.56
-1522.91
-1993.49
-2459.09
-2899.12
-4108.92
-6286.6
-7742.36
-8756.62
-6379.15
-11760.6
-1261.35
-8255.31
-1058.09
-1325.58
-1741.48
-2268.01
-3421.58
-4646.24
-5959.11
-8088.86
-9324.89
-8935.16
-7627.63
-7946.35
-10254.5
-6091.03
-12711.4
-507.485
-815.222
-1152.74
-1617.73
-2979.24
-3514.68
-3809.35
-3518.26
-2598.93
-3548.91
-4322.43
-4222.52
-3329.3
-1773.63
-5525.62
-3074.51
-1986.21
-3065.63
-4806.9
-6373.55
-6520.59
-7598.45
-9406.36
-9235.06
-8315.54
-7139.31
-9131.51
-11432.4
-26421.7
-19662.9
2815.53
2459.08
2127.51
1015.88
1761.01
1399.2
1133.94
923.062
1221.39
2720.27
4630.7
4306.77
1894.81
-13004.7
-262.363
-12614
-14167.4
-14209.2
-15371.9
-15989.6
-18251.5
-20100.1
-20337.5
-22658.8
-27161.8
-31101.8
-36461.5
-41113.8
-36747.7
-34976.3
-1300.55
-1843.55
-2386.07
-3097.5
-4033.46
-5186.58
-6816.62
-8738.69
-11708.8
-14806.7
-21395.4
-23372.4
-45789
-39549.5
-128649
-525.688
-690.818
-814.394
-1039.2
-1339.47
-1721.06
-2294.88
-2971.48
-4139.94
-5301.1
-8101.19
-10850.8
-13899.6
-23007.8
-15347.1
-355.323
-495.537
-626.678
-835.91
-1087.58
-1431.37
-1877.56
-2512.57
-3306.6
-4611.13
-6101.19
-9488
-11898.7
-23372
-4124.22
-539.952
-746.679
-949.282
-1232.67
-1592.09
-2076.82
-2709.49
-3552.41
-4585.34
-5921.38
-7641.49
-9794.4
-12080.6
-13678.3
-11931.7
-588.306
-808.803
-1026.83
-1324.33
-1707.65
-2205.45
-2833.36
-3602.01
-4460.52
-5523.04
-6726.74
-8703.76
-9643.45
-13687.5
-11451
-569.521
-782.191
-984.847
-1252.93
-1612.92
-2087.93
-2687.06
-3361.4
-4028.45
-4728.15
-5863.75
-7445.29
-8396.53
-10204.5
-6101.72
-722.706
-989.747
-1259.28
-1605.63
-2070.55
-2633.05
-3262.38
-3741.1
-3990.84
-4671.69
-6132.91
-8154.45
-10203.2
-14233.2
-13428.9
-652.105
-877.122
-1097.6
-1368.55
-1764.04
-2253.48
-2711.81
-2852.46
-3203.36
-4019.82
-5576.45
-6051.41
-7706.17
-1568.65
5137.45
-875.866
-1132.13
-1446.58
-1860.27
-2450.66
-2980.86
-3347.93
-3566.79
-4405.86
-6028.83
-8279.42
-10389.1
-14609.5
-20213.8
-27718.7
-725.383
-970.84
-1210.92
-1502.48
-1951.48
-2455.65
-2934.8
-4242.3
-6167.75
-7407.86
-8384.98
-7299.59
-10407
-3531.1
-15999.5
-1142.15
-1364.58
-1709.72
-2246.48
-3227.02
-4408.83
-5848.44
-7912.46
-8953.34
-8787.56
-8091.16
-8625.13
-9292.59
-6550.36
-19105.2
-603.226
-830.938
-1107.5
-1721.09
-2805.72
-3178.75
-3273.21
-3502.65
-3220.42
-3468.55
-4149.88
-4456.44
-2813.15
-2849.63
-8923.59
-2471.26
-1993.86
-3329.4
-5090.23
-5298.14
-4480.95
-5757.64
-9726.82
-9574.06
-8026.12
-7564.51
-9826.93
-11329.1
-26840.1
-28519.4
3074.19
3020.97
2112.95
1233.77
158.53
774.122
-21.6936
1227.48
2167.39
3014.05
4664.83
4084.25
5073.59
-12031.9
5083.6
-13120.1
-13781
-13668.7
-14492.6
-16774.3
-19011.5
-20200.5
-18676.2
-20203.9
-25921.7
-30083.3
-35814.8
-41753.6
-39999.9
-33162.7
-1301.3
-1844.88
-2388.39
-3101.3
-4039.53
-5194.72
-6827.73
-8756.78
-11728
-14824.6
-21396.3
-23441.2
-45799
-39518.6
-128802
-526.29
-692.024
-816.318
-1042.11
-1343.85
-1726.65
-2300.47
-2975.25
-4139.31
-5297.3
-8073.97
-10824.2
-13913.1
-23078.3
-15069.8
-356.239
-497.074
-628.748
-838.662
-1090.91
-1434.88
-1880.65
-2516.46
-3310.69
-4613.1
-6106.86
-9501.1
-11979.3
-23406.6
-4306.65
-540.323
-748.035
-951.979
-1237.71
-1599.78
-2086.71
-2719.33
-3560.6
-4586.6
-5925.71
-7651.42
-9806.6
-12105.1
-13622.3
-11898.1
-591.145
-814.208
-1034.45
-1334.28
-1718.38
-2215.82
-2841.52
-3607.42
-4461.78
-5561.98
-6810.53
-8830.6
-9801.14
-13731.9
-11769.1
-569.423
-784.401
-989.46
-1262.05
-1625.68
-2103.84
-2697.22
-3362.86
-4031.27
-4819.38
-5961.57
-7521.06
-8422.66
-9921.2
-6212.03
-729.972
-1005.97
-1281.64
-1631.64
-2092.92
-2649.4
-3263.41
-3723.63
-4066.24
-4922.68
-6307.16
-8322.31
-10044.9
-13771.6
-14233.8
-651.983
-884.546
-1105.34
-1381.45
-1779.62
-2277.99
-2697.72
-2890.89
-3394.67
-4314.91
-5575.68
-6131.52
-7273.76
-1644.96
411.481
-894.245
-1177.37
-1493.05
-1916.87
-2500.1
-3036.59
-3352.99
-3776.15
-4679.3
-6174.64
-7816.93
-10240.6
-12833.6
-21348.6
-29696.9
-722.906
-994.441
-1211.26
-1516.98
-2015.95
-2685.34
-3520.55
-5010.44
-6431.6
-7379.38
-8050.21
-8081.12
-8737.39
-6919.28
-17609.3
-1173.04
-1480.31
-1869.1
-2560.93
-3623.73
-4986.38
-6779.44
-8658.42
-8991.85
-8933.85
-8514.96
-9219.5
-8172.05
-7916.04
-28961.7
-603.929
-823.116
-1145.37
-2022.23
-2842.99
-2453.2
-2579.73
-2992.66
-1917.79
-2047.26
-3106.74
-4444.82
-2147.07
-3698.71
-17305.4
-2310.29
-3405.61
-5868.88
-7197.52
-7609.03
-7589.94
-5834.85
-5812.8
-6474.65
-9042.49
-10227.5
-10106.7
-12008.8
-26897.6
-34774.7
2734.38
2458.42
6.85424
83.6586
-576.053
-675.507
-295.762
290.023
1818.03
1063.99
1009.38
2981.72
6027.58
-10926.8
22641.6
-13053.9
-12894.4
-13335.1
-14153
-12880
-16008.3
-19458.4
-22178.8
-22183
-25843.8
-29877.8
-35210.6
-40493.5
-41928.4
-33255.9
-1301.99
-1846.13
-2390.55
-3104.88
-4045.42
-5202.86
-6837.34
-8771.99
-11748.5
-14852.1
-21407.8
-23483.8
-45843.1
-39512.8
-129032
-526.889
-693.25
-818.317
-1045.19
-1348.45
-1732.93
-2307.52
-2981.56
-4141.08
-5298.14
-8059.2
-10828.1
-13898.3
-23163.2
-14797.8
-357.175
-498.65
-630.891
-841.557
-1094.54
-1439.18
-1884.72
-2521.49
-3317.68
-4625.54
-6128.15
-9530.5
-12054.2
-23485.6
-4461.42
-540.547
-749.207
-954.476
-1242.56
-1607.27
-2096.59
-2729.42
-3571.8
-4595.55
-5942.76
-7672.05
-9826.4
-12117.2
-13567.9
-11877.4
-594.269
-820.008
-1042.73
-1345.44
-1731.11
-2229.52
-2855.26
-3627.96
-4483.05
-5614.11
-6880.46
-8955.46
-9915.14
-13784
-12137.9
-568.955
-786.093
-993.563
-1270.8
-1638.2
-2118.71
-2708.47
-3374.25
-4031.26
-4860.99
-5971.66
-7551.89
-8408.46
-9828.34
-6643.4
-738.982
-1023.96
-1308.01
-1665.92
-2125.78
-2676.87
-3292.89
-3783.43
-4121.11
-5060.53
-6358.46
-8556.19
-9893.88
-13525.7
-15067
-651.131
-889.493
-1114.18
-1392.84
-1789.27
-2286.26
-2713.53
-2889.08
-3421.52
-4430.01
-5538
-6472.45
-7057.69
-2982.63
-3474.29
-919.211
-1230.42
-1579.96
-2017.66
-2582.16
-3135.59
-3473.75
-4112.45
-5122.29
-6540.95
-7755.95
-10710.4
-11591
-22086.4
-30995.4
-719.791
-1003.63
-1261.64
-1556
-2037.64
-2701.35
-3846
-5683.53
-7103.07
-7757.73
-8257.37
-9558.08
-8426.95
-9891.57
-14168.1
-1220.04
-1783.34
-2403.46
-2960.26
-3826.3
-5237.31
-7446.54
-9890.48
-10748
-10467.3
-9897.79
-10794.7
-9049.91
-9579.7
-34571.4
-536.51
-823.379
-1201.21
-1600.32
-2587.64
-2731.79
-2889.06
-3277.42
-2148.36
-1150.81
-2217.79
-4361.55
-2161.98
-4918.14
-22059
-2526.36
-5667.68
-7876.18
-7733.79
-6933.13
-9130.82
-12469.7
-9766.37
-9012.15
-11241.3
-12424.6
-9766.81
-11214.3
-25927.7
-31659.7
2692.77
961.699
-889.574
-772.577
-1015.55
-1375.3
-1449.87
-1667.58
-1057.52
-594.584
-1784
-1497.18
5049.65
-9067.52
24957.5
-13124
-11750.1
-10415.5
-11490.8
-15303.1
-18572.6
-18233.7
-20416.6
-19662
-20544.6
-23509.3
-34894
-39131.1
-42316.9
-40308.3
-1302.68
-1847.36
-2392.66
-3108.34
-4051.19
-5211.41
-6847.62
-8785.45
-11767
-14885.1
-21442.5
-23528.9
-45914.4
-39551.7
-129394
-527.615
-694.663
-820.631
-1048.76
-1353.74
-1740.27
-2317.02
-2992.78
-4150.19
-5307.74
-8066.31
-10868.1
-13900.3
-23292.6
-14625.6
-358.323
-500.524
-633.488
-845.117
-1099.18
-1445.25
-1891.92
-2531.24
-3331.69
-4652.86
-6174.65
-9606.67
-12168.7
-23668.8
-4622.35
-540.956
-750.643
-957.411
-1247.98
-1615.51
-2107.82
-2742.31
-3589.55
-4619.83
-5992.14
-7740.17
-9916.7
-12198.4
-13584.3
-11894.8
-598.06
-826.84
-1052.61
-1358.74
-1747.16
-2249.26
-2879.77
-3670.52
-4545.39
-5734.16
-7036.9
-9196.14
-10113.4
-13954.8
-12580.9
-568.749
-788.368
-999.003
-1281.09
-1652.17
-2135.43
-2727.34
-3406.3
-4093.24
-5000.48
-6086.97
-7695.94
-8478.08
-9842.28
-7051.01
-750.078
-1045.72
-1337.94
-1701.59
-2161.67
-2718.03
-3359.5
-3956.41
-4350.37
-5384.79
-6620.13
-8922.83
-9814.15
-13434.1
-15668.9
-649.923
-895.657
-1126.79
-1409.82
-1800.03
-2297.63
-2772.21
-2969.92
-3536.85
-4748.81
-5737.61
-6908.53
-6983.38
-4512.2
-5609.96
-957.454
-1308.16
-1670.81
-2101.7
-2656.72
-3242.49
-3801.81
-4717.67
-6047.7
-7499.27
-8088.42
-11166.8
-10674.7
-21528.7
-29576.9
-720.18
-1015.27
-1251.24
-1529.6
-2054.88
-2711.93
-3903.46
-5966.71
-7746.04
-8572.33
-8554.5
-10432.7
-8594.8
-12044.9
-11500.3
-1437.32
-2122.53
-2488.03
-2942.96
-3866
-4803.65
-6873.5
-10178.4
-12391.4
-12799.3
-11141.1
-11857.2
-9622.44
-11732.5
-33666.4
-543.248
-774.269
-945.106
-1747.62
-2996.58
-2810.41
-3301.91
-4308.95
-3595.33
-2885.71
-2052.43
-4687.13
-2560.21
-5603.99
-17230.8
-3766.52
-6772.24
-6454.29
-5952.98
-5278.55
-6165.03
-9998.5
-13675
-11486.4
-13023.9
-11218.3
-11671.4
-9112.42
-25619.3
-23464.2
2093.72
56.6176
-458.293
-1063.4
-1253.65
600.881
-125.522
-1056.55
-2451.02
-1723.41
-1943.46
-4331.65
2996.23
-6352.54
11751.3
-12229.9
-9153.13
-9003.73
-13692.4
-20564.5
-23662.1
-24990.6
-24063.8
-25019.7
-21637.9
-20797.5
-28322.5
-39323.1
-41908.7
-46608.7
-1303.24
-1848.37
-2394.39
-3111.14
-4055.85
-5218.66
-6856.77
-8796.75
-11779.9
-14912.8
-21478.3
-23573.8
-45965.4
-39611.8
-129745
-528.224
-695.899
-822.711
-1051.99
-1358.48
-1746.75
-2325.42
-3004.12
-4160.94
-5320.33
-8075.37
-10914.7
-13898.5
-23378.7
-14405.4
-359.266
-502.085
-635.634
-848.021
-1102.89
-1450.22
-1897.9
-2539.92
-3344.78
-4679.06
-6219.82
-9677.76
-12272.4
-23842.9
-4740.14
-541.099
-751.646
-959.68
-1252.33
-1622.11
-2116.92
-2752.57
-3605.36
-4644.91
-6043.95
-7809.94
-9998.86
-12258
-13565.4
-11927.8
-601.412
-832.832
-1061.19
-1370.05
-1760.66
-2265.9
-2899.75
-3710.98
-4613.15
-5857.16
-7184.96
-9403.26
-10241.1
-14140.2
-13038.7
-568.133
-789.83
-1003.1
-1288.97
-1662.95
-2147.6
-2739.51
-3441.32
-4161.09
-5150.69
-6198.95
-7801.57
-8474.67
-9815.96
-7117.1
-760.685
-1065.74
-1364.82
-1731.36
-2190.29
-2745.18
-3402.3
-4129.23
-4654.19
-5716.54
-6846.55
-9211.55
-9742.44
-13517.1
-16251.1
-646.94
-897.965
-1133.26
-1418.83
-1809.5
-2296.84
-2803.58
-3121.14
-3621.67
-4902.99
-5845.37
-7189.46
-6952.24
-5555.35
-5070.44
-995.721
-1384.47
-1762.26
-2180.45
-2693.76
-3214.73
-3933.21
-5075.68
-6611.57
-8046.84
-8260
-11317.5
-10058.3
-20609.4
-27089.2
-708.777
-1005.89
-1260.24
-1573.82
-2090.57
-2619.82
-3514.32
-5521.49
-7471.59
-8193.67
-8052
-10397.1
-8491.29
-13669.8
-5700.15
-1624.77
-2329.22
-2665.65
-3096.26
-3586.58
-4043.57
-5678.85
-9390.78
-12932
-13658.9
-11512.1
-12221.1
-9816.29
-14049.9
-22858.1
-500.23
-798.216
-1320.11
-2063.57
-2280.27
-2220.54
-2673.11
-3225.98
-2889.4
-3402.12
-3259.16
-4640.39
-2763.43
-5652.66
-11416.7
-4658.69
-6299.34
-6032.33
-5544.03
-4140.88
-3937.55
-6280.9
-9829.79
-11889.5
-14926.5
-11787
-12743.1
-6677.48
-27476.8
-21253.9
1360.2
217.853
-414.315
-1731.15
1024.95
4368.98
3984.74
1919.46
-609.1
-4538.47
-3356.95
-5769.37
5455.1
-5922.47
10453.8
-10767.3
-7970.6
-8930.4
-15654.4
-20181.2
-21308.8
-24355.7
-27443.9
-29167.1
-26748.8
-21323.8
-25076.8
-39668.8
-40204.5
-53424.3
-1303.82
-1849.4
-2396.14
-3113.92
-4060.4
-5225.91
-6866.71
-8809.38
-11793.8
-14940.3
-21522.6
-23613
-46037.8
-39748.2
-130252
-529.01
-697.373
-825.182
-1055.88
-1364.27
-1754.8
-2336.23
-3019.26
-4179.85
-5346.33
-8113.76
-10998.1
-13924.8
-23453.5
-14251.7
-360.488
-504.053
-638.423
-851.87
-1108.03
-1457.28
-1907.28
-2553.48
-3365.89
-4717.31
-6284.78
-9789.77
-12409.8
-24127.7
-4890.9
-541.617
-753.125
-962.615
-1257.54
-1629.97
-2128.15
-2766.76
-3627.51
-4682.96
-6117.95
-7918.47
-10133.2
-12387.3
-13595.1
-11930.1
-605.382
-839.744
-1071.26
-1383.66
-1778.04
-2289.13
-2929.47
-3762.9
-4706.87
-6019.44
-7394.96
-9670.76
-10448
-14420.9
-13399.7
-568.31
-792.372
-1008.71
-1298.63
-1675.94
-2164.55
-2760.41
-3490.43
-4263.39
-5342.28
-6404.79
-8004.01
-8582.63
-9870.27
-6866.82
-772.158
-1086.3
-1391.23
-1760.07
-2222.42
-2787.91
-3457.77
-4276.96
-5019.43
-6190.01
-7223.6
-9542.41
-9830.92
-13618.2
-16013.9
-645.33
-902.133
-1141.43
-1430.15
-1817.1
-2301.65
-2831.16
-3315.36
-3882.52
-5236.57
-6123.48
-7430.2
-7098.91
-6025.7
-3661.85
-1037.14
-1450.58
-1817.37
-2186.26
-2689.64
-3241.88
-3908.5
-5199.28
-6996.92
-8386.79
-8346.78
-11091.9
-9574.78
-19030.6
-21156.2
-699.326
-992.785
-1271.56
-1582.88
-2022.45
-2544.64
-3187.46
-4882.83
-7294.79
-8637.77
-8341.39
-10169.9
-8177.6
-14165.3
-1706.84
-1829.5
-2629.99
-2727.02
-2805.84
-3185.67
-3749.29
-5136.44
-8464.83
-12216
-12745.6
-10471.9
-11763.5
-9540.32
-17126.4
-23402.5
-466.204
-888.534
-1447.09
-1630.71
-1688.19
-2162.95
-2500.12
-2458.63
-2640.03
-3237.87
-2639.55
-4634.87
-2115.67
-7154.24
-6258.63
-5335.91
-5845.88
-5178.48
-3864.32
-3537.87
-3559.1
-4600.44
-8386.31
-13696.6
-14650.3
-12699.8
-15831
-10580.1
-33315.6
-13253.8
1295.8
-49.14
-806.601
-1388.17
1977.86
4252.1
4608.22
5266.3
4442.3
-3595.21
-7323.15
-6252.87
8255.55
-8444
10997.1
-9317.3
-7221.81
-10074.4
-18142.2
-20277.5
-21492.1
-24117
-26428.5
-28471.8
-34386.2
-33724.9
-34190.5
-38385.7
-38801.4
-54519.2
-1304.16
-1850.01
-2397.18
-3115.53
-4062.97
-5230.06
-6872.56
-8817.33
-11801.3
-14956.1
-21548
-23637.2
-46078
-39832.8
-130525
-529.46
-698.278
-826.738
-1058.35
-1367.9
-1759.75
-2342.52
-3028.48
-4191.25
-5365.06
-8135.12
-11063
-13909
-23582.1
-13875.7
-361.12
-505.092
-639.852
-853.797
-1110.46
-1460.57
-1911.61
-2560.11
-3377.38
-4739.21
-6324.22
-9844.84
-12496.9
-24267.4
-5012.73
-541.697
-753.777
-964.094
-1260.34
-1634.13
-2134.14
-2774.23
-3639.85
-4705.98
-6164.62
-7984.81
-10209.3
-12432.3
-13568.1
-12013.7
-607.728
-843.761
-1076.92
-1391.15
-1787.03
-2301.02
-2944.26
-3789.44
-4759.56
-6116.96
-7515.01
-9815.45
-10520.7
-14563.1
-13724.9
-568.063
-793.501
-1011.39
-1303.61
-1681.94
-2172.18
-2770.42
-3519.37
-4332.33
-5467.62
-6519.6
-8086.59
-8578.2
-9831.48
-6550.94
-779.572
-1098.36
-1405.82
-1776.43
-2236.89
-2807.35
-3481.29
-4328.19
-5181.78
-6444.76
-7445.46
-9686.87
-9867.19
-13566.4
-15958.3
-643.617
-903.303
-1143.81
-1436.3
-1817.13
-2297.67
-2839.52
-3432.97
-4134.94
-5443.94
-6240.38
-7503.32
-7273.9
-5734.75
348.033
-1064.27
-1482.36
-1843.02
-2202.3
-2668.59
-3255.15
-3892.8
-4957.92
-6595.73
-8237.6
-8348.86
-10923.2
-9786.93
-18145.4
-19125.7
-683.831
-981.891
-1285.36
-1613.51
-2007.23
-2501.8
-3037.13
-4185.91
-6349.26
-8434.4
-9052.24
-10364.7
-9227.01
-13202.9
14183.9
-2071.58
-2646.43
-2575.74
-2643.62
-3034.35
-3627.37
-4850.13
-7830.08
-11365
-11613.5
-9940.84
-11549.8
-10687.1
-17151.5
-4808.51
-571.52
-1009.84
-1346.83
-1489.11
-1611.93
-2031.02
-2207.13
-1813.01
-2439.57
-3453.34
-3195.94
-5703.14
-2322.79
-10085.2
-17421.2
-5602.9
-5254.92
-4161.93
-2803.72
-3544.39
-3656.22
-4287
-8906.5
-15730.4
-13058.5
-13585.3
-24964.2
-18478.7
-41162
-18535.8
1378.99
109.596
-1218.89
-664.209
3631.56
5083.83
4761.63
5660.11
5250.92
280.099
-8328.98
-11837
4383.18
3801.27
42535
-8072.23
-7263.45
-11581.7
-20068.7
-20416.9
-21718.2
-24745.5
-27301.5
-28357.1
-39913.5
-49435.2
-45970.5
-39930.6
-38600.4
-50985.3
-1304.61
-1850.82
-2398.56
-3117.72
-4066.48
-5235.58
-6880.62
-8828.3
-11814.4
-14979.6
-21596.6
-23632.1
-46255.6
-40470.6
-131288
-530.25
-699.68
-829.101
-1062.11
-1373.68
-1768
-2353.79
-3044.34
-4212.63
-5400.28
-8201.45
-11190.6
-13785.4
-23163.6
-13444.2
-362.313
-507.005
-642.649
-857.753
-1115.91
-1468.02
-1921.83
-2574.64
-3400.6
-4780.19
-6394.94
-9979.57
-12630.7
-24746.2
-4647.82
-542.337
-755.229
-966.845
-1265.15
-1641.49
-2144.84
-2788.98
-3662.84
-4747.76
-6242.2
-8111.19
-10363.6
-12609.2
-13491.6
-11883.6
-611.314
-850.002
-1086.38
-1404.84
-1805.56
-2326.17
-2977.74
-3840.74
-4850.49
-6271.88
-7737.99
-10080.2
-10774
-14892.7
-13743.7
-568.902
-796.398
-1017.19
-1313.69
-1695.93
-2190.81
-2796.39
-3571.72
-4451.33
-5680.35
-6805.62
-8329.61
-8854.82
-9922.11
-5836.53
-788.655
-1114.64
-1429.31
-1810.68
-2281.45
-2864.12
-3557.76
-4449.35
-5424.17
-6826.01
-7942.1
-10017.8
-10372.4
-13321.4
-13877.8
-644.692
-911.579
-1158.75
-1458.3
-1837.02
-2311.21
-2857.75
-3537.33
-4443.91
-5883.65
-6738.95
-7788.81
-8038.59
-5583.56
1136.17
-1084.67
-1512.08
-1883.44
-2282.08
-2778.45
-3362.57
-4066.91
-5146.44
-6669.16
-8227.83
-8464.07
-10615.3
-10062.9
-15420
-12435.6
-708.583
-1059.59
-1372.88
-1692.42
-2030.82
-2439.54
-2922.81
-3709.96
-5114.81
-6814.34
-7680.67
-8844.12
-8639.86
-11160
-5348.12
-1996.91
-2352.98
-2326.73
-2539.57
-3064.59
-3658.04
-4691.45
-7336.26
-9842.97
-8786.92
-6951.87
-8750.1
-10684.8
-19353.3
-50202.7
-552.076
-844.756
-1157.08
-1197.68
-1253.34
-1757.62
-1671.07
-912.591
-1258.63
-1962.67
-2471.78
-3044.53
912.885
-6006.63
8085.23
-6428.63
-5388.17
-3959.3
-3137.98
-4086.26
-4028.39
-4508.08
-9902.55
-16782.7
-10523.1
-2415.97
-11615.8
-18666
-44102.2
19398
1523.57
96.3299
-637.547
2492.17
5317.74
5703.15
5051.85
6524.77
5434.24
4648.13
-3820
-6335.32
5392.17
21974
60625.2
-7593.94
-8135.93
-13718.6
-20600.2
-20230.7
-22258.9
-25928.1
-29304.5
-31126.5
-47407
-72594.9
-68942.6
-43128.3
-41945.3
-59139.6
)
;

boundaryField
{
    outletsourceFace
    {
        type            zeroGradient;
    }
    outletdestinationFace
    {
        type            zeroGradient;
    }
    outletFace
    {
        type            zeroGradient;
    }
    outletWall
    {
        type            fixedValue;
        value           uniform 0;
    }
    inletFace
    {
        type            zeroGradient;
    }
    inletWall
    {
        type            fixedValue;
        value           uniform 5;
    }
    inletsourceFace
    {
        type            zeroGradient;
    }
    inletdestinationFace
    {
        type            zeroGradient;
    }
}


// ************************************************************************* //
