/*--------------------------------*- C++ -*----------------------------------*\
| =========                 |                                                 |
| \\      /  F ield         | OpenFOAM: The Open Source CFD Toolbox           |
|  \\    /   O peration     | Version:  4.1                                   |
|   \\  /    A nd           | Web:      www.OpenFOAM.org                      |
|    \\/     M anipulation  |                                                 |
\*---------------------------------------------------------------------------*/
FoamFile
{
    version     2.0;
    format      ascii;
    class       volScalarField;
    location    "3";
    object      p;
}
// * * * * * * * * * * * * * * * * * * * * * * * * * * * * * * * * * * * * * //

dimensions      [0 2 -2 0 0 0 0];

internalField   nonuniform List<scalar> 
6750
(
-265.886
-135.547
-198.699
-192.595
-196.998
-192.986
-187.51
-182.175
-179.073
-176.183
-180.527
-182.149
-199.262
-188.969
-251.963
-264.991
-136.798
-198.317
-192.838
-197.088
-192.492
-186.153
-180.362
-176.502
-173.978
-179.686
-182.517
-199.674
-192.886
-243.205
-264.555
-137.343
-197.695
-192.875
-197.21
-192.261
-185.78
-179.47
-175.183
-173.127
-179.81
-182.8
-199.213
-193.693
-239.77
-263.846
-138.402
-197.329
-192.895
-197.219
-191.835
-185.132
-178.094
-173.636
-172.424
-179.96
-182.964
-199.098
-195.499
-234.176
-263.295
-139.207
-196.946
-192.887
-197.282
-191.544
-184.671
-176.939
-172.322
-171.913
-180.114
-183.192
-199.027
-196.223
-232.667
-262.69
-140.168
-196.811
-192.9
-197.343
-191.287
-184.288
-176.013
-171.294
-171.524
-180.16
-183.44
-199.448
-197.308
-229.657
-262.133
-140.978
-197.007
-192.936
-197.244
-191.091
-184.107
-175.482
-170.625
-171.28
-180.154
-183.646
-200.661
-198.342
-223.65
-261.864
-141.369
-197.576
-192.944
-196.913
-191.025
-184.034
-175.282
-170.387
-171.212
-180.156
-183.737
-201.447
-199.202
-219.761
-262.131
-140.963
-197.01
-192.937
-197.243
-191.094
-184.112
-175.489
-170.631
-171.288
-180.156
-183.643
-200.634
-198.299
-223.735
-262.685
-140.148
-196.815
-192.902
-197.343
-191.294
-184.299
-176.025
-171.305
-171.535
-180.165
-183.436
-199.426
-197.253
-229.758
-263.286
-139.183
-196.952
-192.891
-197.284
-191.556
-184.687
-176.956
-172.338
-171.926
-180.122
-183.186
-199.005
-196.155
-232.767
-263.834
-138.376
-197.337
-192.9
-197.223
-191.85
-185.151
-178.114
-173.656
-172.439
-179.971
-182.958
-199.076
-195.428
-234.268
-264.541
-137.316
-197.704
-192.882
-197.215
-192.278
-185.802
-179.493
-175.207
-173.144
-179.823
-182.795
-199.196
-193.622
-239.839
-264.975
-136.77
-198.327
-192.845
-197.094
-192.51
-186.176
-180.383
-176.523
-173.994
-179.703
-182.512
-199.659
-192.818
-243.264
-265.869
-135.519
-198.709
-192.604
-197.006
-193.007
-187.534
-182.196
-179.095
-176.206
-180.551
-182.147
-199.251
-188.902
-251.986
-413.034
-102.715
-186.45
-197.613
-194.063
-185.363
-181.025
-176.809
-173.473
-171.655
-186.86
-187.779
-189.264
-152.869
-475.712
-412.564
-103.187
-187.037
-197.846
-193.786
-184.729
-180.121
-175.599
-171.834
-170.294
-184.91
-188.142
-189.856
-160.314
-472.818
-412.401
-103.429
-187.205
-197.984
-193.801
-184.607
-179.699
-175.077
-171.487
-170.253
-185.067
-189.17
-190.637
-163.371
-471.786
-412.045
-103.915
-187.581
-198.24
-193.687
-184.034
-178.857
-174.296
-170.884
-169.713
-184.31
-189.811
-191.383
-167.898
-469.533
-411.76
-104.275
-187.812
-198.286
-193.382
-183.711
-178.461
-173.804
-170.413
-169.354
-183.823
-190.521
-191.993
-169.414
-468.241
-411.427
-104.734
-188.15
-198.334
-193.132
-183.432
-178.092
-173.371
-170.015
-168.959
-182.964
-190.931
-192.442
-171.548
-467.078
-410.932
-105.217
-188.219
-198.083
-192.815
-183.348
-177.95
-173.071
-169.656
-168.575
-181.946
-191.188
-192.695
-174.433
-466.492
-410.584
-105.528
-188.226
-197.856
-192.748
-183.342
-177.836
-172.892
-169.479
-168.39
-181.343
-191.19
-192.89
-177.065
-465.352
-410.907
-105.224
-188.214
-198.085
-192.818
-183.351
-177.954
-173.074
-169.657
-168.577
-181.944
-191.174
-192.695
-174.346
-466.456
-411.399
-104.736
-188.146
-198.336
-193.138
-183.44
-178.1
-173.375
-170.016
-168.963
-182.968
-190.918
-192.438
-171.455
-467.037
-411.723
-104.275
-187.807
-198.287
-193.391
-183.725
-178.472
-173.81
-170.416
-169.361
-183.833
-190.51
-191.983
-169.313
-468.199
-412.004
-103.915
-187.577
-198.243
-193.699
-184.051
-178.87
-174.303
-170.888
-169.722
-184.326
-189.805
-191.371
-167.8
-469.491
-412.357
-103.427
-187.201
-197.988
-193.816
-184.625
-179.715
-175.084
-171.492
-170.264
-185.089
-189.167
-190.622
-163.281
-471.743
-412.517
-103.184
-187.034
-197.852
-193.803
-184.749
-180.138
-175.607
-171.84
-170.305
-184.937
-188.142
-189.84
-160.228
-472.776
-412.984
-102.711
-186.446
-197.62
-194.082
-185.385
-181.043
-176.817
-173.478
-171.668
-186.896
-187.783
-189.249
-152.804
-475.665
-483.976
-95.5178
-136.543
-191.014
-182.337
-179.279
-175.945
-167.805
-162.996
-166.75
-177.528
-192.988
-184.619
-59.7366
-670.104
-483.93
-95.1388
-136.845
-191.247
-182.489
-179.654
-176.056
-168.304
-162.726
-166.533
-176.764
-191.435
-186.026
-61.6436
-669.827
-483.926
-95.0006
-136.97
-191.325
-182.55
-179.84
-176.024
-168.312
-161.726
-166.365
-176.74
-191.83
-187.108
-62.5419
-669.941
-483.889
-94.7161
-137.181
-191.468
-182.564
-179.905
-176.146
-168.863
-162.089
-166.254
-176.243
-191.412
-188.198
-64.0075
-669.601
-483.876
-94.5455
-137.381
-191.546
-182.66
-180.205
-176.454
-169.165
-162.178
-165.859
-176.109
-191.139
-188.956
-65.0145
-669.483
-483.858
-94.3024
-137.602
-191.62
-182.761
-180.377
-176.61
-169.362
-162.514
-165.53
-175.836
-190.388
-189.404
-65.956
-669.379
-483.881
-94.1661
-137.94
-191.631
-182.837
-180.557
-176.642
-169.285
-162.777
-165.032
-175.549
-189.309
-189.487
-67.3227
-669.726
-483.841
-94.1226
-138.131
-191.608
-182.82
-180.504
-176.49
-169.165
-162.851
-164.679
-175.301
-188.718
-189.542
-68.5788
-669.579
-483.83
-94.2122
-137.94
-191.63
-182.837
-180.557
-176.646
-169.288
-162.78
-165.034
-175.553
-189.309
-189.481
-67.4241
-669.585
-483.803
-94.3437
-137.597
-191.619
-182.763
-180.378
-176.614
-169.364
-162.515
-165.535
-175.846
-190.394
-189.393
-66.0344
-669.29
-483.801
-94.5881
-137.377
-191.546
-182.664
-180.207
-176.458
-169.164
-162.178
-165.866
-176.123
-191.153
-188.945
-65.065
-669.363
-483.808
-94.758
-137.175
-191.467
-182.568
-179.907
-176.148
-168.858
-162.084
-166.262
-176.261
-191.433
-188.184
-64.0523
-669.486
-483.839
-95.0361
-136.961
-191.322
-182.552
-179.842
-176.024
-168.301
-161.715
-166.372
-176.761
-191.856
-187.087
-62.575
-669.815
-483.84
-95.1715
-136.836
-191.244
-182.492
-179.655
-176.055
-168.292
-162.718
-166.542
-176.787
-191.467
-186.004
-61.6743
-669.7
-483.882
-95.5451
-136.531
-191.009
-182.338
-179.278
-175.941
-167.785
-162.981
-166.761
-177.555
-193.027
-184.593
-59.7675
-669.972
-526.716
-130.487
-118.601
-187.875
-169.576
-163.08
-156.963
-146.693
-136.473
-147.656
-158.891
-185.505
-149.657
-54.246
-780.701
-526.648
-130.3
-118.632
-188.071
-169.93
-163.702
-157.421
-148.406
-138.003
-146.955
-158.546
-184.327
-149.473
-53.049
-780.231
-526.666
-130.272
-118.691
-188.24
-170.168
-164.108
-157.328
-148.477
-136.675
-145.241
-158.151
-184.092
-149.491
-52.9273
-779.96
-526.624
-130.104
-118.71
-188.401
-170.436
-164.631
-157.842
-149.398
-137.318
-144.153
-157.402
-183.131
-149.251
-52.332
-779.304
-526.646
-130.078
-118.786
-188.577
-170.652
-165.01
-158.036
-149.761
-137.724
-143.181
-157.189
-182.818
-149.248
-52.4336
-778.783
-526.598
-129.939
-118.791
-188.651
-170.787
-165.277
-158.343
-150.321
-138.571
-142.622
-156.921
-182.381
-148.96
-51.9597
-778.189
-526.628
-129.915
-118.88
-188.724
-170.897
-165.449
-158.535
-150.838
-139.761
-142.251
-156.881
-182.218
-148.875
-51.7874
-778.102
-526.573
-129.836
-118.905
-188.687
-170.875
-165.442
-158.588
-151.057
-140.371
-142.066
-156.69
-182.025
-148.884
-51.6879
-777.593
-526.624
-129.908
-118.881
-188.722
-170.896
-165.445
-158.53
-150.831
-139.761
-142.257
-156.886
-182.228
-148.899
-52.0383
-777.876
-526.584
-129.932
-118.783
-188.643
-170.784
-165.27
-158.332
-150.306
-138.557
-142.622
-156.924
-182.39
-148.941
-52.1133
-778.131
-526.61
-130.081
-118.774
-188.569
-170.649
-165.001
-158.02
-149.74
-137.701
-143.177
-157.19
-182.837
-149.241
-52.5728
-778.659
-526.573
-130.118
-118.693
-188.389
-170.43
-164.618
-157.822
-149.372
-137.283
-144.146
-157.401
-183.15
-149.234
-52.4835
-779.195
-526.598
-130.286
-118.67
-188.225
-170.16
-164.092
-157.303
-148.445
-136.632
-145.231
-158.148
-184.113
-149.468
-53.0682
-779.826
-526.569
-130.319
-118.612
-188.054
-169.92
-163.684
-157.395
-148.371
-137.959
-146.943
-158.542
-184.349
-149.45
-53.1948
-780.095
-526.626
-130.502
-118.577
-187.853
-169.562
-163.058
-156.93
-146.653
-136.413
-147.644
-158.884
-185.525
-149.627
-54.3819
-780.556
-576.7
-152.039
-116.738
-191.685
-167.801
-158.97
-150.22
-136.356
-125.997
-132.912
-142.453
-192.024
-161.965
-85.9804
-916.617
-576.597
-152.026
-116.81
-191.963
-168.293
-159.817
-151.253
-138.57
-127.483
-133.184
-141
-190.849
-161.464
-85.3262
-915.489
-576.639
-152.126
-116.86
-192.175
-168.563
-160.233
-151.011
-138.46
-125.427
-131.029
-140.328
-190.717
-161.243
-85.6697
-915.083
-576.566
-152.11
-116.901
-192.402
-168.935
-160.944
-151.913
-139.666
-125.78
-130.09
-139.253
-189.894
-160.781
-85.5713
-913.748
-576.592
-152.278
-116.984
-192.646
-169.212
-161.383
-152.137
-140.054
-125.528
-129.223
-138.529
-189.491
-160.502
-86.3704
-912.783
-576.513
-152.263
-116.963
-192.779
-169.402
-161.786
-152.672
-140.886
-125.76
-129.208
-137.625
-188.738
-159.903
-86.3276
-911.689
-576.602
-152.37
-116.989
-192.921
-169.562
-162.029
-152.91
-141.586
-126.381
-129.665
-136.82
-187.914
-159.584
-86.732
-911.619
-576.522
-152.319
-116.971
-192.892
-169.537
-162.069
-153.055
-142.001
-126.833
-129.959
-136.367
-187.302
-159.73
-86.9224
-910.466
-576.576
-152.371
-116.998
-192.915
-169.559
-162.022
-152.901
-141.58
-126.381
-129.677
-136.832
-187.939
-159.698
-87.0854
-911.2
-576.458
-152.285
-116.953
-192.761
-169.395
-161.771
-152.653
-140.869
-125.745
-129.214
-137.631
-188.745
-159.878
-86.4627
-911.701
-576.445
-152.354
-116.98
-192.629
-169.203
-161.362
-152.11
-140.03
-125.505
-129.223
-138.533
-189.524
-160.5
-86.4966
-912.659
-576.386
-152.206
-116.893
-192.377
-168.92
-160.917
-151.878
-139.632
-125.748
-130.079
-139.25
-189.918
-160.75
-85.7395
-913.645
-576.462
-152.199
-116.84
-192.145
-168.544
-160.2
-150.969
-138.417
-125.388
-131.01
-140.321
-190.745
-161.203
-85.8294
-914.934
-576.416
-152.091
-116.788
-191.93
-168.271
-159.78
-151.208
-138.522
-127.444
-133.16
-140.992
-190.876
-161.421
-85.4991
-915.338
-576.513
-152.093
-116.707
-191.645
-167.773
-158.927
-150.165
-136.299
-125.942
-132.878
-142.441
-192.046
-161.913
-86.1401
-916.449
-633.737
-165.508
-119.999
-199.755
-172.91
-163.834
-154.97
-140.562
-133.816
-143.237
-155.958
-212.33
-195.989
-89.8352
-1091.2
-633.572
-165.499
-120.108
-200.067
-173.499
-164.883
-156.455
-143.338
-135.186
-143.545
-154.362
-211.617
-195.941
-89.5444
-1088.31
-633.634
-165.645
-120.155
-200.294
-173.794
-165.307
-156.065
-143.369
-132.104
-141.002
-153.526
-211.602
-195.302
-90.3476
-1087.57
-633.525
-165.61
-120.211
-200.553
-174.237
-166.172
-157.152
-144.929
-132.172
-139.782
-152.396
-211.141
-195.049
-90.7456
-1084.54
-633.595
-165.815
-120.311
-200.821
-174.555
-166.657
-157.365
-145.25
-131.29
-138.202
-151.449
-210.869
-194.508
-92.268
-1082.83
-633.421
-165.854
-120.313
-200.973
-174.783
-167.141
-157.99
-146.053
-131.241
-137.592
-150.472
-210.366
-193.832
-92.1981
-1081.28
-633.47
-166.07
-120.352
-201.138
-174.977
-167.426
-158.207
-146.596
-131.426
-137.379
-149.444
-209.619
-193.712
-93.1369
-1081.33
-633.352
-166.015
-120.316
-201.104
-174.957
-167.497
-158.394
-146.998
-131.767
-137.527
-148.929
-209.273
-194.951
-93.8876
-1078.23
-633.345
-166.148
-120.373
-201.132
-174.974
-167.416
-158.193
-146.583
-131.423
-137.389
-149.462
-209.669
-193.996
-93.6429
-1080.53
-633.241
-165.983
-120.304
-200.948
-174.772
-167.117
-157.961
-146.027
-131.219
-137.586
-150.47
-210.368
-193.804
-92.3142
-1081.45
-633.364
-165.952
-120.304
-200.799
-174.541
-166.624
-157.324
-145.213
-131.259
-138.189
-151.446
-210.917
-194.508
-92.3657
-1082.74
-633.315
-165.727
-120.185
-200.517
-174.212
-166.128
-157.099
-144.881
-132.129
-139.758
-152.38
-211.171
-194.998
-90.9384
-1084.47
-633.413
-165.738
-120.116
-200.251
-173.763
-165.253
-156.001
-143.307
-132.05
-140.968
-153.504
-211.639
-195.237
-90.5376
-1087.42
-633.349
-165.584
-120.065
-200.016
-173.462
-164.823
-156.385
-143.269
-135.128
-143.505
-154.335
-211.65
-195.868
-89.7613
-1088.15
-633.502
-165.577
-119.948
-199.694
-172.864
-163.764
-154.886
-140.479
-133.735
-143.186
-155.922
-212.354
-195.904
-90.0371
-1091.01
-698.392
-179.408
-127.01
-213.058
-183.808
-175.906
-169.352
-157.819
-156.496
-169.804
-185.196
-237.769
-243.23
-72.6077
-1321.83
-698.198
-179.363
-127.112
-213.342
-184.426
-177.045
-171.07
-160.903
-158.04
-170.465
-183.949
-237.361
-243.754
-72.7879
-1315.87
-698.274
-179.54
-127.167
-213.583
-184.746
-177.451
-170.56
-160.931
-154.626
-167.884
-182.958
-237.42
-242.369
-74.402
-1314.8
-698.155
-179.473
-127.209
-213.829
-185.221
-178.415
-171.717
-162.681
-154.713
-166.736
-182.152
-237.303
-242.375
-75.4553
-1309.21
-698.252
-179.7
-127.319
-214.108
-185.561
-178.905
-171.896
-162.906
-153.64
-165.038
-181.333
-237.141
-241.268
-77.7129
-1307.2
-698.066
-179.718
-127.311
-214.248
-185.803
-179.436
-172.573
-163.644
-153.614
-164.459
-180.747
-236.917
-240.479
-77.0103
-1306.05
-698.138
-179.957
-127.36
-214.411
-186.011
-179.739
-172.772
-163.998
-153.574
-164.049
-180.131
-236.205
-240.928
-78.7219
-1306.24
-698.014
-179.865
-127.307
-214.345
-185.988
-179.839
-172.998
-164.357
-153.844
-164.265
-180.02
-236.22
-244.507
-80.6681
-1298.57
-698.002
-180.04
-127.386
-214.4
-186.007
-179.725
-172.752
-163.979
-153.565
-164.06
-180.165
-236.284
-241.469
-79.4954
-1304.81
-697.85
-179.871
-127.299
-214.212
-185.783
-179.4
-172.529
-163.604
-153.577
-164.445
-180.739
-236.913
-240.472
-77.129
-1306.42
-697.956
-179.866
-127.305
-214.074
-185.535
-178.853
-171.832
-162.85
-153.588
-165.014
-181.316
-237.204
-241.272
-77.7619
-1307.18
-697.88
-179.614
-127.169
-213.772
-185.177
-178.345
-171.634
-162.606
-154.64
-166.694
-182.108
-237.339
-242.3
-75.6724
-1309.21
-697.979
-179.653
-127.114
-213.515
-184.692
-177.366
-170.461
-160.837
-154.535
-167.827
-182.9
-237.464
-242.274
-74.6257
-1314.64
-697.897
-179.467
-127.052
-213.263
-184.363
-176.95
-170.961
-160.8
-157.941
-170.398
-183.88
-237.398
-243.644
-73.0601
-1315.7
-698.075
-179.491
-126.937
-212.966
-183.731
-175.797
-169.223
-157.695
-156.366
-169.718
-185.108
-237.794
-243.102
-72.8633
-1321.61
-770.753
-195.995
-137.297
-232.202
-200.789
-194.639
-191.969
-184.825
-189.704
-206.294
-226.945
-269.15
-310.925
-42.5608
-1640.96
-770.536
-195.914
-137.375
-232.434
-201.387
-195.746
-193.716
-187.865
-191.7
-207.285
-225.921
-268.635
-311.834
-42.8705
-1629.16
-770.618
-196.112
-137.437
-232.689
-201.734
-196.128
-193.128
-187.726
-188.407
-204.595
-224.582
-268.834
-309.162
-45.4876
-1627.15
-770.481
-196.017
-137.456
-232.906
-202.216
-197.138
-194.327
-189.514
-188.646
-203.888
-224.068
-268.973
-309.105
-46.9654
-1617.31
-770.588
-196.262
-137.573
-233.19
-202.572
-197.611
-194.47
-189.608
-187.623
-202.271
-223.29
-268.88
-306.873
-49.8835
-1614.93
-770.385
-196.259
-137.546
-233.306
-202.812
-198.167
-195.179
-190.3
-187.675
-201.973
-223.13
-268.9
-306.11
-48.1379
-1614
-770.461
-196.515
-137.6
-233.461
-203.024
-198.465
-195.356
-190.502
-187.551
-201.553
-223.03
-268.008
-307.732
-51.7974
-1613.13
-770.326
-196.393
-137.526
-233.355
-202.982
-198.58
-195.609
-190.839
-187.798
-201.916
-223.492
-268.192
-315.781
-56.3809
-1595.56
-770.33
-196.576
-137.623
-233.439
-203.014
-198.444
-195.324
-190.474
-187.53
-201.567
-223.097
-268.108
-308.696
-52.9683
-1610.72
-770.128
-196.43
-137.528
-233.25
-202.779
-198.111
-195.111
-190.239
-187.615
-201.951
-223.124
-268.888
-306.21
-48.3028
-1614.72
-770.201
-196.48
-137.551
-233.134
-202.528
-197.531
-194.372
-189.521
-187.535
-202.232
-223.26
-268.965
-306.915
-49.8562
-1615.12
-770.128
-196.202
-137.399
-232.818
-202.147
-197.031
-194.201
-189.399
-188.525
-203.823
-223.989
-269.022
-309.025
-47.2178
-1617.53
-770.237
-196.256
-137.363
-232.585
-201.647
-195.998
-192.973
-187.581
-188.254
-204.503
-224.472
-268.892
-309.05
-45.765
-1627.11
-770.148
-196.046
-137.29
-232.315
-201.285
-195.6
-193.545
-187.705
-191.53
-207.178
-225.789
-268.683
-311.697
-43.233
-1629.09
-770.342
-196.099
-137.193
-232.064
-200.667
-194.471
-191.768
-184.633
-189.485
-206.157
-226.78
-269.18
-310.765
-42.912
-1640.81
-851.538
-216.371
-150.636
-257.374
-224.611
-220.522
-223.639
-220.542
-235.129
-250.888
-285.918
-308.03
-413.001
8.51087
-2046.39
-851.3
-216.255
-150.686
-257.558
-225.174
-221.512
-225.181
-223.295
-237.442
-251.929
-284.656
-306.76
-413.224
7.1157
-2027.25
-851.378
-216.465
-150.753
-257.819
-225.537
-221.87
-224.544
-222.981
-234.14
-249.194
-282.556
-307.029
-407.541
2.65461
-2025.23
-851.223
-216.345
-150.747
-258.007
-226.013
-222.873
-225.72
-224.648
-234.335
-249.063
-281.965
-307.162
-406.416
-0.239599
-2010.99
-851.331
-216.601
-150.866
-258.294
-226.376
-223.309
-225.783
-224.565
-233.297
-247.53
-280.892
-306.943
-401.642
-4.18796
-2010.5
-851.108
-216.583
-150.821
-258.382
-226.599
-223.856
-226.461
-225.197
-233.314
-247.567
-281.045
-306.918
-401.008
-1.56813
-2011.58
-851.174
-216.859
-150.878
-258.531
-226.808
-224.128
-226.578
-225.247
-233.139
-247.191
-281.506
-305.389
-404.797
-9.41866
-2009.61
-851.018
-216.718
-150.785
-258.39
-226.738
-224.236
-226.828
-225.568
-233.392
-247.755
-282.77
-305.323
-421.721
-19.3484
-1973.65
-851.052
-216.889
-150.889
-258.489
-226.784
-224.091
-226.525
-225.194
-233.098
-247.204
-281.638
-305.498
-406.567
-11.2347
-2005.43
-850.807
-216.764
-150.792
-258.296
-226.54
-223.767
-226.347
-225.09
-233.208
-247.529
-281.052
-306.886
-401.346
-1.88556
-2012.79
-850.837
-216.874
-150.835
-258.203
-226.295
-223.18
-225.619
-224.411
-233.137
-247.462
-280.84
-307.055
-401.778
-4.02529
-2010.96
-850.778
-216.573
-150.663
-257.874
-225.894
-222.702
-225.508
-224.451
-234.117
-248.95
-281.821
-307.222
-406.345
-0.504641
-2011.52
-850.897
-216.634
-150.644
-257.662
-225.39
-221.661
-224.286
-222.738
-233.864
-249.036
-282.348
-307.098
-407.417
2.3566
-2025.3
-850.807
-216.408
-150.562
-257.379
-225.004
-221.28
-224.895
-223.028
-237.134
-251.746
-284.406
-306.813
-413.066
6.68191
-2027.23
-851.011
-216.487
-150.486
-257.169
-224.411
-220.255
-223.305
-220.226
-234.745
-250.658
-285.607
-308.055
-412.815
8.08721
-2046.24
-941.093
-242.655
-167.351
-288.825
-255.586
-253.146
-264.416
-263.655
-293.118
-302.18
-365.289
-348.401
-554.978
85.3396
-2643.48
-940.856
-242.51
-167.377
-288.989
-256.16
-254.051
-265.614
-266.014
-295.713
-302.927
-363.926
-346.556
-557.448
79.3638
-2595.93
-940.936
-242.725
-167.449
-289.258
-256.533
-254.408
-265.026
-265.674
-292.58
-299.996
-360.775
-347.778
-545.716
73.2298
-2593.17
-940.778
-242.584
-167.423
-289.429
-257.019
-255.402
-266.135
-267.137
-292.736
-300.402
-360.022
-348.673
-543.177
69.2101
-2566.58
-940.885
-242.847
-167.548
-289.721
-257.388
-255.807
-266.106
-266.897
-291.662
-299.024
-358.482
-348.848
-533.676
63.4502
-2566.43
-940.652
-242.809
-167.482
-289.787
-257.596
-256.336
-266.71
-267.476
-291.644
-299.501
-359.252
-349.06
-535.628
65.8474
-2566.46
-940.717
-243.093
-167.536
-289.934
-257.799
-256.578
-266.756
-267.401
-291.457
-299.185
-360.692
-346.363
-544.109
47.0329
-2559.47
-940.551
-242.929
-167.423
-289.765
-257.701
-256.668
-266.978
-267.706
-291.754
-299.953
-363.517
-345.022
-586.368
22.3219
-2471.27
-940.635
-243.06
-167.523
-289.864
-257.752
-256.515
-266.667
-267.313
-291.377
-299.189
-360.954
-346.455
-547.577
44.3736
-2551.97
-940.397
-242.92
-167.418
-289.657
-257.489
-256.191
-266.523
-267.301
-291.449
-299.427
-359.313
-348.974
-536.619
65.0162
-2568.93
-940.351
-243.106
-167.487
-289.577
-257.238
-255.598
-265.832
-266.643
-291.369
-298.895
-358.411
-348.97
-534.033
63.8902
-2567.76
-940.243
-242.835
-167.301
-289.233
-256.815
-255.131
-265.782
-266.807
-292.34
-300.2
-359.782
-348.721
-543.157
68.9298
-2568.15
-940.354
-242.908
-167.29
-289.024
-256.284
-254.076
-264.594
-265.267
-292.083
-299.713
-360.402
-347.829
-545.601
72.914
-2594.01
-940.251
-242.672
-167.195
-288.723
-255.878
-253.685
-265.138
-265.565
-295.156
-302.603
-363.47
-346.572
-557.274
78.8549
-2596.61
-940.443
-242.768
-167.133
-288.52
-255.259
-252.725
-263.863
-263.13
-292.442
-301.778
-364.723
-348.369
-554.772
84.8468
-2644
-1036.55
-275.049
-186.724
-326.725
-295.3
-294.331
-318.533
-317.022
-372.856
-362.897
-486.307
-394.688
-787.163
185.457
-3343.8
-1036.33
-274.865
-186.712
-326.879
-295.926
-295.198
-319.208
-318.721
-374.741
-362.485
-482.723
-390.351
-777.547
192.021
-3292.27
-1036.42
-275.064
-186.787
-327.15
-296.288
-295.535
-318.674
-318.308
-371.581
-359.054
-476.357
-391.284
-751.297
173.347
-3288.29
-1036.27
-274.894
-186.732
-327.3
-296.774
-296.487
-319.534
-319.328
-371.24
-359.166
-473.514
-391.651
-741.225
163.087
-3251.42
-1036.37
-275.139
-186.851
-327.59
-297.132
-296.845
-319.345
-318.878
-369.785
-357.467
-470.128
-391.238
-720.482
153.59
-3260.36
-1036.15
-275.072
-186.758
-327.633
-297.314
-297.324
-319.775
-319.282
-369.538
-357.845
-471.308
-389.978
-724.933
151.237
-3267.27
-1036.22
-275.335
-186.804
-327.779
-297.506
-297.529
-319.712
-319.069
-369.236
-357.283
-474.264
-384.858
-741.59
108.608
-3250.7
-1036.06
-275.142
-186.67
-327.585
-297.374
-297.585
-319.87
-319.326
-369.6
-358.053
-480.542
-379.908
-831.94
55.1548
-3074
-1036.16
-275.234
-186.769
-327.677
-297.419
-297.425
-319.559
-318.932
-369.087
-357.257
-474.897
-384.685
-749.489
103.835
-3233.67
-1036
-275.009
-186.64
-327.441
-297.121
-297.092
-319.454
-319.003
-369.184
-357.698
-471.56
-389.683
-727.529
148.532
-3271.15
-1035.96
-275.196
-186.722
-327.361
-296.853
-296.506
-318.872
-318.461
-369.244
-357.223
-470.084
-391.293
-721.579
154.36
-3262.22
-1035.72
-275.038
-186.558
-327.013
-296.41
-296.053
-318.929
-318.783
-370.501
-358.797
-473.121
-391.638
-741.436
162.786
-3254.11
-1035.77
-275.188
-186.551
-326.807
-295.853
-295.005
-317.932
-317.628
-370.656
-358.544
-475.678
-391.255
-751.318
173.212
-3289.79
-1035.65
-274.971
-186.437
-326.484
-295.444
-294.612
-318.39
-317.959
-373.706
-361.903
-481.879
-390.272
-777.56
191.579
-3293.22
-1035.78
-275.101
-186.404
-326.269
-294.754
-293.66
-317.591
-316.137
-371.628
-362.184
-485.258
-394.531
-787.233
184.871
-3344.3
-1138.49
-318.875
-210.405
-371.51
-343.186
-341.451
-382.795
-375.721
-469.478
-423.732
-635.932
-413.844
-1040.22
395.81
-4560.07
-1138.35
-318.69
-210.378
-371.748
-344.034
-342.568
-383.241
-376.969
-470.856
-422.456
-632.788
-406.641
-1096.83
320.941
-4272.29
-1138.45
-318.873
-210.473
-372.046
-344.394
-342.898
-382.84
-376.757
-468.215
-419.747
-624.304
-416.277
-1011.88
349.355
-4343.01
-1138.33
-318.721
-210.403
-372.225
-344.97
-343.935
-383.563
-377.535
-467.83
-420.121
-621.78
-420.835
-995.062
338.461
-4271.48
-1138.44
-318.957
-210.513
-372.523
-345.341
-344.275
-383.295
-377.133
-466.383
-418.881
-617.302
-422.538
-947.183
323.947
-4289.7
-1138.27
-318.841
-210.403
-372.568
-345.548
-344.762
-383.619
-377.483
-466.355
-419.49
-622.257
-420.62
-974.678
308.915
-4289.55
-1138.38
-319.058
-210.446
-372.719
-345.737
-344.95
-383.49
-377.264
-466.23
-418.786
-628.419
-413.004
-988.083
229.105
-4296.91
-1138.24
-318.806
-210.29
-372.511
-345.577
-344.989
-383.591
-377.474
-466.907
-419.046
-643.881
-393.154
-1249.43
77.9862
-3858.58
-1138.35
-318.856
-210.374
-372.577
-345.578
-344.786
-383.224
-377.044
-465.956
-418.709
-629.843
-412.769
-1006.63
226.604
-4266.26
-1138.19
-318.558
-210.226
-372.306
-345.216
-344.406
-383.074
-377.03
-465.709
-419.197
-622.956
-419.793
-981.541
301.124
-4297.91
-1138.25
-318.594
-210.26
-372.17
-344.86
-343.749
-382.489
-376.445
-465.371
-418.388
-617.323
-422.263
-949.715
325.514
-4293.56
-1138.07
-318.398
-210.099
-371.78
-344.361
-343.262
-382.537
-376.637
-466.451
-419.386
-621.059
-420.428
-995.513
337.804
-4277.61
-1137.94
-318.697
-210.13
-371.534
-343.676
-342.077
-381.586
-375.632
-466.5
-418.745
-623.006
-415.82
-1011.93
349.184
-4347.32
-1137.68
-318.625
-209.99
-371.175
-343.246
-341.66
-381.862
-375.708
-468.935
-421.297
-631.141
-406.047
-1096.79
320.496
-4275.89
-1137.66
-318.765
-209.946
-370.848
-342.302
-340.413
-381.223
-374.263
-467.234
-422.313
-633.894
-413.091
-1040.07
395.872
-4564.65
-1234.27
-371.892
-238.597
-424.158
-405.737
-402.794
-472.71
-450.37
-614.252
-493.859
-895.994
-439.379
-1529.33
421.816
-5654.14
-1234.21
-371.686
-238.526
-424.455
-406.831
-404.173
-472.729
-450.743
-612.478
-490.069
-880.648
-429.96
-1443.21
423.862
-5503.6
-1234.33
-371.796
-238.601
-424.763
-407.162
-404.403
-472.129
-450.368
-608.909
-486.361
-863.841
-434.975
-1389.83
411.895
-5497.82
-1234.27
-371.6
-238.489
-424.96
-407.786
-405.439
-472.368
-450.461
-606.411
-484.309
-852.139
-432.436
-1370.28
385.578
-5381.44
-1234.4
-371.732
-238.556
-425.274
-408.151
-405.7
-471.729
-449.787
-603.364
-482.277
-838.867
-435.152
-1271.42
414.45
-5458.61
-1234.33
-371.529
-238.423
-425.319
-408.353
-406.133
-471.711
-449.766
-602.372
-481.487
-843.506
-426.739
-1293.88
368.793
-5552.56
-1234.46
-371.662
-238.455
-425.469
-408.529
-406.273
-471.364
-449.396
-601.685
-480.649
-850.712
-422.76
-1371.6
201.253
-5348.78
-1234.35
-371.381
-238.273
-425.234
-408.321
-406.27
-471.347
-449.446
-602.513
-479.787
-869.647
-389.263
-1582.54
63.1262
-4823.85
-1234.44
-371.383
-238.344
-425.267
-408.256
-406.015
-470.9
-449.037
-601.185
-480.375
-854.303
-416.313
-1445.17
173.92
-5201.5
-1234.28
-371.073
-238.193
-424.948
-407.804
-405.58
-470.77
-449.028
-601.169
-480.884
-845.485
-424.82
-1310.6
330.25
-5577.11
-1234.33
-371.061
-238.22
-424.752
-407.36
-404.877
-470.338
-448.655
-601.439
-481.314
-839.303
-433.438
-1279.16
416.325
-5459.79
-1234.17
-370.793
-238.063
-424.289
-406.783
-404.382
-470.598
-448.993
-603.796
-482.996
-850.992
-431.531
-1370.65
383.873
-5392.26
-1234.06
-371.007
-238.095
-423.973
-405.972
-403.106
-469.968
-448.518
-605.634
-484.591
-861.385
-433.882
-1389.29
414.072
-5506.11
-1233.79
-371.069
-237.954
-423.578
-405.523
-402.741
-470.351
-448.674
-608.808
-488.025
-877.462
-428.579
-1443.46
425.299
-5509.48
-1233.59
-371.333
-237.933
-423.16
-404.27
-401.156
-470.014
-447.971
-610.021
-491.352
-892.14
-437.652
-1531.21
421.89
-5658.12
-1332.43
-443.948
-272.768
-483.159
-473.629
-463.101
-565.71
-522.061
-768.322
-558.178
-1123.9
-446.771
-1596.09
1072.02
-8214.85
-1332.62
-443.826
-272.798
-483.762
-475.471
-465.654
-566.923
-522.991
-767.616
-555.185
-1117.53
-449.012
-1554.66
970.484
-7758.1
-1332.82
-443.868
-272.873
-484.163
-475.879
-465.767
-566.258
-522.659
-764.781
-552.339
-1098.01
-456.67
-1496.37
920.53
-7649.59
-1332.9
-443.678
-272.826
-484.554
-476.885
-467.239
-566.845
-523.017
-763.313
-552.289
-1098.55
-472.966
-1516.25
813.528
-7403.98
-1333.04
-443.802
-272.907
-484.95
-477.373
-467.468
-566.057
-522.441
-760.573
-552.967
-1088.03
-482.927
-1458.86
771.167
-7355.99
-1332.97
-443.635
-272.79
-485.069
-477.746
-468.013
-566.035
-522.505
-760.314
-553.77
-1105.3
-477.477
-1561.83
568.29
-7296.89
-1333.08
-443.781
-272.844
-485.245
-477.954
-468.1
-565.508
-522.148
-759.616
-554.659
-1115.62
-485.34
-1704.29
243.939
-6849.98
-1332.97
-443.485
-272.636
-484.985
-477.707
-468.084
-565.427
-522.104
-760.859
-553.15
-1140.05
-445.484
-1925.56
22.4435
-6168.44
-1333
-443.446
-272.704
-484.99
-477.547
-467.734
-564.726
-521.56
-758.582
-554.122
-1121.02
-476.894
-1821.79
187.34
-6615.99
-1332.79
-443.069
-272.512
-484.593
-476.953
-467.241
-564.464
-521.303
-757.944
-552.593
-1107.82
-474.42
-1590.49
487.638
-7323.89
-1332.71
-442.991
-272.487
-484.25
-476.228
-466.301
-563.745
-520.591
-756.866
-550.994
-1087.66
-478.779
-1471.91
768.248
-7349.77
-1332.45
-442.643
-272.273
-483.641
-475.424
-465.725
-563.912
-520.613
-758.338
-549.585
-1095.18
-469.348
-1518.08
811.665
-7411.71
-1332.24
-442.615
-272.167
-483.043
-474.12
-463.889
-562.689
-519.638
-758.593
-548.846
-1092.37
-452.568
-1495.92
925.783
-7667.05
-1331.99
-442.571
-271.998
-482.528
-473.538
-463.57
-562.997
-519.614
-760.687
-551.186
-1110.35
-444.782
-1552.7
977.583
-7780.23
-1331.77
-442.644
-271.829
-481.776
-471.468
-460.711
-561.284
-518.134
-760.466
-553.275
-1114.99
-441.943
-1593.52
1076.01
-8244.79
-1386.94
-543.891
-323.864
-548.247
-577.99
-558.697
-726.221
-624.115
-1034.97
-616.716
-1594.78
-421.882
-2512.64
1540.39
-12612.7
-1387.11
-543.498
-323.668
-548.828
-580.431
-562
-728.171
-625.486
-1033.24
-601.655
-1589.83
-308.723
-2751.26
891.971
-10716.2
-1387.45
-543.316
-323.838
-549.34
-580.905
-561.966
-726.663
-624.413
-1025.89
-596.561
-1530.43
-331.899
-2297.92
1165.71
-10573.9
-1387.55
-542.875
-323.668
-549.749
-582.107
-563.625
-726.811
-624.417
-1017.83
-590.335
-1462.3
-321.971
-2016.07
1119.31
-10284.5
-1387.62
-542.838
-323.762
-550.198
-582.604
-563.725
-725.036
-623.534
-1008.04
-591.43
-1392.32
-370.182
-1791.81
1200.89
-10126.3
-1387.57
-542.577
-323.604
-550.316
-582.985
-564.284
-724.516
-623.522
-1004.24
-593.792
-1388.83
-385.503
-1834.05
1141.79
-10017.7
-1387.58
-542.566
-323.689
-550.504
-583.12
-564.212
-723.3
-623.075
-1000.22
-597.146
-1381.83
-417.375
-1774.3
780.805
-9969.2
-1387.49
-542.24
-323.456
-550.172
-582.758
-564.072
-723.019
-622.897
-1002.62
-597.103
-1442.38
-389.51
-2387.76
116.9
-8676.64
-1387.49
-542.135
-323.514
-550.146
-582.476
-563.555
-721.886
-622.098
-997.89
-595.966
-1387.27
-416.875
-1825.9
738.4
-9832.17
-1387.34
-541.773
-323.221
-549.643
-581.749
-562.971
-721.745
-621.555
-999.268
-591.085
-1389.58
-381.354
-1848.61
1087.38
-10030.1
-1387.21
-541.726
-323.119
-549.162
-580.781
-561.774
-720.979
-620.501
-1000.49
-587.347
-1388.69
-363.183
-1797.43
1211.29
-10117.5
-1386.98
-541.556
-322.818
-548.4
-579.783
-561.146
-721.669
-620.512
-1007.92
-585.291
-1454.24
-315.617
-2019.94
1129.19
-10295.8
-1386.68
-541.801
-322.751
-547.653
-578.079
-558.926
-720.415
-619.52
-1013.6
-590.436
-1518.54
-325.037
-2310.4
1193.93
-10591.6
-1386.16
-541.926
-322.451
-546.947
-577.299
-558.654
-721.257
-620.054
-1019.33
-594.958
-1573.25
-300.705
-2761.54
929.155
-10750.9
-1385.82
-542.183
-322.46
-546.102
-574.421
-554.88
-718.477
-617.842
-1019.23
-609.371
-1576.33
-414.929
-2522.17
1569.84
-12676.4
-1520.15
-2095.5
-2693.28
-3432.51
-4290.13
-5247.15
-6461.22
-8065.68
-10144.7
-13155.3
-16035.4
-21228
-29783.9
-35707.3
-79008.4
-638.707
-770.243
-840.676
-1008.77
-1225.84
-1540.09
-1949.27
-2492.78
-3129.43
-4329.1
-5168.25
-7708.24
-2084.46
-8237.17
22922.2
-409.638
-515.684
-616.171
-809.117
-1027.45
-1324.34
-1674.4
-2149.87
-2747
-3638.26
-5027.02
-7235.04
-15447.1
-22875.7
-18266.9
-628.245
-825.033
-1026.84
-1310.88
-1641.41
-2065.71
-2572.32
-3229.11
-3991.81
-5034.56
-6208.02
-7909.07
-8561.29
-8333.48
5001.65
-666.153
-883.977
-1081.29
-1343.27
-1656.35
-2049.87
-2490.92
-3041.24
-3668.33
-4602.99
-5722.57
-7388.97
-9705.97
-11623.2
-12723.2
-623.252
-880.92
-1118.53
-1436.35
-1788.34
-2168.64
-2571.44
-3130.66
-3742.56
-4755.48
-5781.65
-7567.28
-8068.26
-8876.27
-4439.4
-838.905
-1164.66
-1403.64
-1673.43
-1984.19
-2324.48
-2659.38
-3203.11
-3891.98
-5168.04
-6220.37
-7844.86
-8353.89
-9486.02
-9476.97
-700.278
-1009.2
-1289.26
-1626.13
-1977.17
-2348.68
-2699.36
-3425.38
-4219.74
-5545.54
-6308.41
-8272.5
-7909.32
-9789.08
-7786.4
-1263.68
-1679.7
-1940.47
-2164.9
-2405.64
-2588.44
-2888.1
-3585.04
-4301.98
-5809.57
-6475.13
-8923.52
-7859.32
-10884.2
-8658
-779.859
-1094.62
-1464.3
-1855.35
-2020.34
-2297.29
-2826.46
-3771.11
-4698.77
-6525.48
-7115.11
-10068.6
-7277.62
-12487.1
-8354.48
-2076.73
-2628.4
-3043.42
-2910.41
-3119.12
-3490.79
-4148.86
-5018.35
-5971.21
-7984.85
-8447.04
-11469.5
-6963.5
-16489.8
-3216.14
-606.303
-738.544
-1532.58
-1255.25
-384.616
827.525
2612.06
890.933
-1774.33
-3223.41
-3619.97
-10931.5
-6681.4
-10081.1
4163.43
-5560.77
-6684.85
-6420.19
-6169.39
-11435
-17659.7
-18264.5
-18489.3
-14750.9
-17708.5
-33117
-24133.5
-7523.4
-14594.2
20263.7
-656.447
-215.688
-1343
4640.83
9648.23
8760.47
9755.87
7909.4
8890.51
16627.9
11368.7
8844.79
46754.2
-23739.3
54070.9
-9898.67
-8495.86
-22563.1
-32440.9
-20045.1
-26998.8
-42851.3
-62912.5
-93082.3
-108599
-93047.3
-193878
-261850
-299506
-332672
-1520.79
-2097.17
-2694.22
-3428.7
-4289.85
-5239.09
-6453.27
-8056.3
-10185.1
-13179
-16181.4
-21057.2
-30214.1
-33078.1
-68003.4
-638.943
-769.978
-842.133
-1009.23
-1231.24
-1547.06
-1960.05
-2516.35
-3171.14
-4331.78
-5229.36
-7647.68
-3403.63
-8125.93
10380.5
-409.629
-516.638
-618.418
-811.286
-1028.92
-1328.43
-1671.16
-2133.8
-2738.56
-3641.92
-5058.81
-7223.13
-15068
-22477.4
-17199.2
-629.844
-828.599
-1031.84
-1314.91
-1643.6
-2067.95
-2572.49
-3237.69
-4030.68
-5105.18
-6353.81
-7976.93
-8997.58
-8645.06
121.459
-670.98
-889.645
-1088.03
-1348.6
-1661.78
-2058.14
-2508.11
-3089.34
-3757.1
-4722.09
-5876.98
-7599.18
-10005.5
-12057.3
-14703.3
-630.274
-888.773
-1128.99
-1444.02
-1796.66
-2188.73
-2605.93
-3188.36
-3863.23
-4946.49
-6066.65
-7728.94
-8581.04
-9373.12
-7832.94
-847.66
-1174.62
-1416.62
-1689.89
-1999.25
-2344.73
-2710.68
-3315.73
-4054.9
-5245.43
-6261.43
-7856.37
-8744.46
-10127.5
-12160.4
-703.532
-1024.27
-1315.06
-1658.4
-1993.4
-2348.16
-2763.22
-3463.6
-4190.37
-5475.47
-6263.79
-8143.62
-8248.23
-10422.5
-10305.3
-1280.02
-1690.4
-1928.26
-2162.67
-2375.86
-2591.38
-2869.08
-3515.25
-4172.67
-5601.91
-6296.88
-8666.76
-8091.61
-11509.4
-10443
-731.766
-1086.15
-1437.19
-1834.22
-1951.76
-2125.42
-2566.29
-3422.14
-4299.66
-6148.75
-6747.5
-9574.42
-7437.81
-12955.2
-9547.58
-2241.86
-2764.26
-2975.32
-2875.09
-2521.07
-2809.77
-3488.49
-4466.73
-5455.24
-7862.04
-8212.69
-10956.4
-7625.31
-18477
-5594.43
-609.35
-896.09
-1409.44
-1562.85
-416.085
814.638
1657.19
916.274
66.6851
-1869.84
-2164.13
-9679.53
-5879.08
-7669.1
-5692.14
-4783.51
-5977.23
-6570.27
-5839.64
-8900.55
-15649.1
-18399.7
-19977.7
-23527.6
-30488
-30781.8
-21548.6
-20399.9
-40541.9
18183.1
-1158.7
-643.325
-3273.79
471.347
6254.51
4852.54
4366.69
4973.78
8499.43
11579.5
4567.68
9560.32
38190.3
-38191.2
18162
-7754.04
-5846.65
-17713.2
-30544.5
-29178.5
-34173.5
-46268.6
-61802.2
-76144
-82866.5
-97009.9
-188570
-217988
-218872
-322901
-1521.54
-2097.26
-2693.84
-3427.8
-4291.67
-5240.55
-6465.89
-8046.73
-10205
-13156.8
-16412.7
-20674.6
-31869.2
-30831.9
-67393.3
-638.751
-769.512
-842.62
-1009.94
-1232.54
-1548.1
-1964.99
-2521.56
-3187.59
-4319.22
-5333.27
-7543.18
-3737.65
-8505.6
3146.96
-409.938
-517.212
-618.579
-811.021
-1027.36
-1326.93
-1672.44
-2134.15
-2740.06
-3651.3
-5080.47
-7226.39
-14559.5
-22452
-16855.9
-630.731
-829.267
-1032.69
-1315.77
-1644.13
-2068.8
-2576.18
-3243.3
-4038.73
-5107.58
-6386.47
-7975.8
-9141.41
-8972.17
753.712
-671.731
-889.252
-1088.03
-1348.23
-1661
-2057.64
-2510.6
-3095.71
-3767.79
-4728.71
-5879.43
-7576.52
-9881.68
-12366.5
-13306.3
-629.896
-886.889
-1127.46
-1441.23
-1792.96
-2186.87
-2609.68
-3192.29
-3855.47
-4891.69
-5952.66
-7548.95
-8509.91
-9719.01
-5865.49
-845.13
-1170.78
-1412.61
-1688
-1998.32
-2344.18
-2708.9
-3281.15
-3931.78
-5044.74
-6055.59
-7678.17
-8594.67
-10470.8
-10174.3
-699.533
-1021.52
-1310.36
-1653.67
-1982.41
-2314.19
-2681.85
-3309.21
-3996.16
-5271.44
-6086.39
-7997.79
-8097.97
-10658.9
-8091.17
-1269.29
-1681.32
-1902.43
-2132.39
-2338.48
-2537.04
-2786.01
-3414.11
-4061.86
-5477.41
-6185.53
-8569.37
-7987.84
-11708.6
-8451.74
-725.242
-1093.18
-1446.83
-1866.11
-1954.75
-2051.43
-2479.47
-3373.83
-4235.71
-6051.68
-6635.92
-9406.05
-7399.15
-13033.5
-7777.61
-2199.86
-2788.03
-2873.92
-2736.9
-2429.49
-2655.89
-3529.65
-4747.77
-5643.57
-7867.55
-8326.84
-10650.2
-8000.52
-19645.5
-3474.45
-650.43
-1017.31
-1666.06
-2031.5
-1004.03
-685.226
-658.961
-1541.19
-1754.08
-3342.91
-3608.16
-8955.53
-5219.05
-6190.22
-4053.97
-4633.51
-5815.87
-6018.34
-3637.94
-4474.22
-7805.18
-10112.4
-12196.6
-15061.3
-20794.7
-24281.2
-22624.7
-40327.8
-41485.3
32341.1
-957.217
-546.016
-4196.33
255.651
9362.81
9080.89
9303.55
10862.8
13590.1
15816.3
6685.37
17602.2
30081.7
-22875.2
11885.9
-8572.51
-7160.72
-19549
-39402
-44660.3
-52119.2
-62889.6
-75629.6
-87849.1
-99920.7
-104752
-171093
-138697
-190231
-317610
-1522.75
-2098.39
-2693.94
-3425.12
-4290.9
-5233.9
-6470.56
-8048.09
-10255.4
-13131.4
-16666.9
-20153.9
-33343.6
-29268.6
-68968.5
-638.44
-769.272
-843.532
-1010.43
-1236.31
-1550.02
-1969.98
-2526.11
-3215.49
-4294.4
-5462.51
-7415.14
-4859.56
-8972.97
-1763.98
-410.055
-518.203
-620.178
-812.605
-1028.41
-1326.99
-1670
-2128.03
-2741.43
-3665.33
-5106.74
-7237.65
-13796.6
-22325.1
-16652.6
-631.666
-831.065
-1035.43
-1318.61
-1645.93
-2070.41
-2577.74
-3249.83
-4064.62
-5148.13
-6469.91
-8022.39
-9416.69
-9213.5
-70.265
-673.825
-891.636
-1091.57
-1351.88
-1664.41
-2062.47
-2520.95
-3120.49
-3813.68
-4788.37
-5951.74
-7667.07
-9903.57
-12750.9
-12654.2
-632.39
-889.757
-1131.28
-1443.63
-1795.64
-2195.06
-2626.52
-3220.4
-3899.15
-4937.37
-6012.63
-7605.03
-8686.36
-10004.6
-5318
-846.312
-1175.14
-1419.51
-1695.81
-2006.08
-2355.14
-2728.03
-3310.07
-3958.96
-5049.39
-6048.34
-7699.88
-8714.37
-10742.2
-9771.3
-698.575
-1025.33
-1316.28
-1656.95
-1976.04
-2298.45
-2672.42
-3298.41
-3958.95
-5196.36
-6018.19
-7950.96
-8194.58
-10854.7
-7810.58
-1263.12
-1689.07
-1908.47
-2136.67
-2333.99
-2532.82
-2774.16
-3361.03
-3964.32
-5338.76
-6032.76
-8455.35
-7998.71
-11959
-8335.01
-722.356
-1098.63
-1450.64
-1855.5
-1931.76
-1959.81
-2291.99
-3103.39
-3875.44
-5729.74
-6319.16
-9137.95
-7140.77
-13118.6
-7224.2
-2149.73
-2811.35
-2886.96
-2730.97
-2419.83
-2301.66
-2920.11
-4023.62
-4851.02
-7390.39
-7830.61
-10425.4
-7962.47
-21003.5
-1914.64
-626.291
-1071.99
-1766.94
-2062.55
-1084.29
-762.262
-657.653
-1748.14
-2008.61
-3848.35
-2751.17
-8711.21
-5333.96
-7361.96
-434.7
-4126.54
-5452.02
-6186.98
-3859.18
-4356.52
-7123.32
-11506.2
-15160.5
-19164.1
-36852.7
-32362.4
-20982.3
-35430.3
-44406
35915.8
-1020.1
-1280.81
-3468.54
649.627
11711.4
11809.4
9640.46
8765.38
12641.2
10089.6
48.1143
13282
31405.3
-20186.2
2104.19
-11090.1
-9493.07
-19411.3
-40575.2
-44672.6
-50304.3
-59443
-71266.5
-81050.9
-73925.2
-102168
-160272
-126093
-164778
-305096
-1523.27
-2099.08
-2694.09
-3423.4
-4289.93
-5230.28
-6474.97
-8037.58
-10293.1
-13093.8
-16908
-19662.8
-34636.3
-28158.8
-72704.2
-638.129
-769.087
-844.511
-1012.12
-1239.84
-1552.1
-1977.47
-2523.65
-3239.49
-4261.36
-5632.19
-7355.78
-5916.8
-9455.09
-5588.35
-410.196
-518.809
-620.911
-813.178
-1028.05
-1325.27
-1668.4
-2124.64
-2740.63
-3677.09
-5104.83
-7242.53
-12811.6
-22212.2
-16793.8
-632.316
-831.615
-1035.93
-1318.52
-1644.9
-2069.28
-2578.82
-3250.73
-4070.53
-5149.24
-6491.92
-7987.59
-9616.86
-9545.3
-2821.13
-674.551
-891.476
-1091.53
-1351.02
-1662.48
-2059.79
-2520.47
-3121.25
-3816.6
-4784.9
-5942.16
-7656.98
-9778.97
-13117.2
-13127.1
-632.183
-888.066
-1129.01
-1439
-1789.19
-2188.76
-2622.14
-3214.78
-3892.37
-4913.84
-5983.58
-7553.72
-8729.18
-10284.8
-6459.2
-843.106
-1172.72
-1417.77
-1694.71
-2004.4
-2352.51
-2723.57
-3293.47
-3916.85
-4967.03
-5942.83
-7631.53
-8691.26
-11029.2
-10686.9
-695.165
-1022.35
-1313.17
-1653.33
-1966.1
-2269.49
-2616.4
-3216.18
-3853.37
-5078.08
-5918.08
-7889.82
-8183.93
-11100.6
-8759.76
-1243.49
-1681.19
-1898.88
-2126.95
-2322.6
-2502.84
-2716.29
-3288.47
-3902.32
-5269.47
-5960.65
-8421.98
-7970.76
-12280
-9081.04
-723.209
-1101.17
-1447.95
-1853.19
-1912.27
-1817.04
-2105.15
-2943.23
-3747.52
-5566.01
-6193.63
-9093.3
-6961.46
-13242.2
-7278.39
-1981.78
-2766.14
-2859.23
-2731.41
-2358.78
-2187.35
-2905.99
-4221.46
-5207.84
-7427.84
-7695.44
-10456
-7917.1
-21246.2
-1454.9
-563.523
-1075.8
-1720.51
-2133.12
-1109.31
-996.443
-1072.78
-2045.61
-2391.13
-4171.47
-4142.15
-8853.82
-5928.05
-9310.37
-272.144
-3347.78
-5226.7
-5937.31
-3749.12
-2988.5
-3927.8
-6131.92
-8685.28
-11737.1
-19628.3
-18995
-21922.6
-26418.1
-49889.7
34363.1
21.5781
-1125.52
-3045.79
-172.893
11406.9
12926.4
11647.6
12237.8
14600.5
12429.8
8082.35
18519.1
31231.8
-17204.8
311.688
-12236.1
-10069.2
-19135
-41067.4
-47648.3
-52089.5
-62589.8
-75447.4
-88744.2
-102796
-130040
-152888
-140127
-151512
-291294
-1523.68
-2099.4
-2693.7
-3420.1
-4287.76
-5225.54
-6479.12
-8031.38
-10329.7
-13048.7
-17093.6
-19190
-35358.2
-27354.4
-77126.9
-637.855
-769.039
-845.454
-1013.27
-1242.22
-1551.58
-1983.82
-2518.4
-3265.59
-4208.41
-5771.51
-7260.51
-6502.48
-10124.3
-7568.69
-410.232
-519.244
-621.553
-813.659
-1028.23
-1323.6
-1665.28
-2121.04
-2738.57
-3688.43
-5079.43
-7243.34
-11778.1
-22222.2
-16871.7
-632.672
-832.113
-1036.81
-1319.25
-1644.9
-2068.66
-2578.84
-3250.99
-4080.25
-5156.73
-6516.66
-7968.59
-9766.73
-10125.7
-5979.96
-675.235
-892.06
-1093.16
-1352.87
-1663.51
-2060.34
-2523.1
-3127.88
-3832.2
-4800.38
-5949.77
-7676.4
-9648.74
-13565.2
-14037
-632.742
-888.128
-1129.36
-1438.05
-1787.55
-2188.93
-2626.39
-3222.49
-3904.12
-4913.83
-5981.19
-7547.6
-8787.66
-10675.4
-8228.46
-841.798
-1173.84
-1420.77
-1698.41
-2007.93
-2357.93
-2731.6
-3297.98
-3910.12
-4941.82
-5896.98
-7606.58
-8684.74
-11389.7
-11959.3
-693.378
-1021.02
-1311.34
-1648.93
-1957.21
-2256.87
-2599.47
-3191.44
-3802.83
-4990.5
-5811.53
-7799.78
-8154.16
-11358.7
-10012.9
-1232.03
-1682.08
-1904.32
-2136.54
-2336.95
-2525.64
-2735.6
-3259.12
-3808.61
-5104.97
-5733.67
-8245.8
-7853.43
-12509.2
-10031.6
-719.724
-1097.47
-1430.81
-1833.83
-1896.53
-1781.97
-1979.14
-2664.71
-3284.15
-4948.36
-5575.04
-8692.38
-6586.07
-13092.7
-7533.58
-1903.6
-2748.75
-2864.35
-2813.16
-2554.56
-2244
-2707.92
-3863.61
-4702.22
-6585.39
-6538.54
-9965.71
-7190.62
-20634.5
-1374.86
-533.183
-1101.17
-1649.7
-2294.38
-1210.94
-578.937
-171.076
-523.463
-41.2287
-1267.46
-2091.22
-7178.53
-5142.17
-10537
-996.505
-3098.05
-5158.21
-5598.62
-5630.06
-3573.46
-3162.75
-4844.91
-7170.28
-8901.64
-14652
-17403.3
-20747.1
-20509.2
-52300.5
32812
98.8768
-1198.42
-2937.25
-4886.32
-401.299
-614.006
-5008.21
-6294.86
-3760.53
-263.426
11392
19711.8
30144.5
-15745
291.268
-12681.8
-10241.7
-17331.1
-37618.6
-52192.9
-58655.8
-69444.1
-82858.6
-97976.6
-108285
-122800
-146476
-146409
-146860
-279276
-1523.98
-2098.97
-2692.3
-3416.45
-4287.08
-5224.17
-6484.69
-8025.41
-10368.1
-13031.9
-17261.6
-18815
-35596.9
-27042.3
-81433.2
-637.741
-769.544
-846.524
-1013.94
-1243.11
-1549.15
-1988.69
-2504.06
-3291.5
-4149.31
-5909.75
-7242.35
-7154.11
-11078.4
-8557.03
-410.345
-519.514
-621.568
-812.91
-1026.4
-1320.52
-1661.04
-2114.1
-2731.55
-3694.32
-5046.68
-7209.98
-10917.2
-21894.5
-15661.6
-632.893
-832.149
-1036.54
-1318.11
-1642.61
-2064.83
-2574.96
-3242.27
-4073.2
-5139.21
-6507.41
-7909.5
-9832.47
-10477.1
-8682.43
-675.369
-891.572
-1092.58
-1351.47
-1660.64
-2055.87
-2518.32
-3118.74
-3822.31
-4778.86
-5914.03
-7618.78
-9445.01
-13677.8
-15039.8
-632.381
-886.436
-1126.91
-1433.72
-1781.42
-2181.53
-2618.78
-3210.97
-3891.42
-4884.06
-5947.8
-7467.73
-8765.21
-10744.6
-10124.2
-839.428
-1171.75
-1418.67
-1695.69
-2003.85
-2353.55
-2726.49
-3285.35
-3888.09
-4899.04
-5836.04
-7529.52
-8619.21
-11416.4
-13269.3
-691.527
-1018.13
-1306.86
-1642.42
-1945.83
-2239.05
-2573.85
-3154.07
-3760.67
-4941.1
-5774.44
-7736.72
-8126.66
-11287.8
-11316.6
-1223.04
-1678.96
-1899.13
-2134.88
-2342.51
-2563.24
-2800.99
-3300.38
-3840.26
-5140.35
-5769.95
-8246.57
-7841.98
-12430.4
-10990.7
-719.273
-1097.5
-1415.88
-1803.79
-1869.6
-1760.19
-1919.47
-2548.09
-3137.97
-4834.18
-5671
-8783.23
-6492.54
-12652.3
-7930.67
-1893.5
-2764.55
-2871.18
-2921.07
-2816.29
-3043.25
-3757.75
-5367.09
-6507.39
-8409.99
-8153.72
-10913.4
-6820.06
-19451.4
-1729.06
-597.184
-1150.97
-1560.91
-2162.03
-1399.65
-753.435
-717.6
-1480.79
-1645.02
-3289.74
-4034.68
-6589.14
-4978.61
-11780.5
-3206.66
-3273.92
-5207.56
-5599.87
-6163.4
-6116.9
-8290.44
-10311.6
-12927.9
-15740.4
-20019.5
-17935.2
-21146.7
-18006.9
-53647.7
28438.3
-639.215
-1458.87
-2045.77
-4596.39
-5086.87
-8401.28
-13574
-16627
-17363.1
-17359.3
-13460
838.47
30935.7
-13787.8
-299.257
-12116.6
-9061.24
-13268
-28698.1
-41058.9
-43573.3
-49115.2
-60148.4
-76359.6
-92076.8
-123119
-155952
-151818
-141766
-268080
-1524.08
-2098
-2690.68
-3413.9
-4287.54
-5223.56
-6492.94
-8026.5
-10399.8
-12993.9
-17352.7
-18411.1
-35762.5
-26997.7
-85152.9
-637.597
-769.791
-846.575
-1012.49
-1242.2
-1542.7
-1989.16
-2486.1
-3309.37
-4093.82
-6020.67
-7309.85
-7991.68
-11907.9
-10292.8
-410.154
-519.087
-620.845
-811.542
-1024.44
-1317.77
-1657.77
-2114.08
-2741.18
-3701.98
-5035.32
-7140.26
-10319.8
-20648.6
-13296.8
-632.564
-831.667
-1035.86
-1317.06
-1641.08
-2061.74
-2571.27
-3235.06
-4068.65
-5113.43
-6491.85
-7802.46
-9865.39
-10138.6
-10576.4
-675.025
-891.113
-1092.24
-1351.15
-1659.97
-2053.67
-2514.99
-3110.52
-3814.76
-4754.06
-5877.89
-7511.67
-9218.44
-13207.8
-15494.3
-632.269
-885.889
-1126.28
-1432.72
-1779.76
-2178.81
-2615.21
-3203.24
-3882.72
-4853.71
-5910.72
-7340.26
-8681.77
-10284.7
-11476.9
-838.911
-1171.28
-1418.41
-1695.12
-2001.44
-2348.74
-2717.86
-3269.15
-3861.06
-4850
-5762.57
-7387.88
-8476.5
-10923.7
-13962.3
-690.984
-1016.22
-1303.59
-1636.81
-1937.42
-2233.39
-2564.46
-3123.46
-3696.1
-4840.93
-5636.42
-7529.63
-7974
-10644.6
-11961
-1223.28
-1676.49
-1898.11
-2131.56
-2328.85
-2533.87
-2721.09
-3163.55
-3671.16
-4945.66
-5484.47
-7963.23
-7627.08
-11661.1
-11241.2
-715.882
-1087.52
-1401.6
-1772.28
-1837.87
-1788.45
-1982.43
-2497.85
-3045.42
-4679.07
-5216.31
-8461.07
-6230.4
-11392.2
-7826.43
-1906.07
-2719.44
-2873.24
-2888.53
-2724.25
-2826.52
-2618.84
-3474.65
-4383.85
-6471.96
-6684.98
-11045.2
-6306.49
-17562.9
-1260.74
-478.456
-1064.01
-1509.94
-1935.55
-1364.52
-845.448
-709.578
-1007.58
-885.869
-1874.07
-474.551
-4128.84
-1949.02
-12544.9
-4417.59
-3831.41
-4885.73
-5687.95
-5731.7
-5601.92
-6198.84
-8698.51
-12167.2
-15036.4
-19299.6
-23001.9
-27754.1
-12228.7
-47534.1
25577.2
-1236.17
-1254.36
-1799.13
-2121.14
-3353.05
-4577.1
-6177.57
-7172.15
-6814.9
-6000.13
-9892.46
-11990
11065.5
-11600.2
4782.16
-10396.8
-8168.4
-11581.1
-23438.5
-34573.8
-35875
-38301.9
-45789.4
-56998.5
-69825.2
-95434.5
-134431
-173051
-157733
-262105
-1524.02
-2097.12
-2689.42
-3412.14
-4286.31
-5219.82
-6493.66
-8014.56
-10436.6
-12954.1
-17423.3
-18206.5
-36153.4
-27096.9
-88148.3
-637.631
-770.062
-846.594
-1011.53
-1241.73
-1538.31
-1990.78
-2466.54
-3332.87
-4087.29
-6122.43
-7342.54
-8652.87
-12524.5
-12012.8
-410.137
-518.966
-620.71
-811.265
-1024.64
-1317.23
-1658.9
-2111.48
-2746.61
-3707.21
-5030.53
-7027.62
-9961.33
-18707.1
-10969.4
-632.542
-831.386
-1034.9
-1315.32
-1639.29
-2058.66
-2568.49
-3226.42
-4061.08
-5086.38
-6469.57
-7628.59
-9838.18
-9100.97
-11687
-674.685
-890.18
-1089.9
-1347.76
-1656.33
-2048.12
-2507.55
-3094.25
-3795.41
-4712.51
-5823.89
-7338.07
-8950.64
-12141
-15056.4
-631.868
-884.794
-1123.85
-1429.56
-1774.94
-2169.62
-2601.07
-3180.81
-3858.45
-4806.89
-5859.86
-7161.02
-8527.75
-9370.53
-11967.6
-837.471
-1168.06
-1412.4
-1687.38
-1991.81
-2335.47
-2699.82
-3247.64
-3840.66
-4812.15
-5708.45
-7227.53
-8288.2
-10061.6
-13865.6
-690.254
-1014.43
-1300.04
-1633.12
-1930.31
-2217.47
-2542.3
-3108.55
-3700.59
-4828.97
-5620.78
-7388.65
-7834.67
-9741.99
-11931.9
-1218.53
-1669.68
-1883.92
-2117.75
-2315.97
-2527.47
-2743.46
-3239.52
-3772.07
-5017.62
-5567.45
-7892.08
-7495.01
-10760.1
-10967.2
-717.494
-1092.4
-1406.32
-1792.65
-1843.7
-1736.72
-1907.38
-2539.64
-3193.08
-4795.96
-5442.99
-8430.64
-6231.39
-10390.7
-7606.39
-1893.13
-2749.39
-2836.61
-2890.59
-2746.07
-3005.8
-3730.54
-5328.89
-6405.94
-7772.94
-7101.4
-10782
-5949.47
-16396
-461.93
-593.86
-1144.27
-1554.68
-2171.51
-1392.89
-750.186
-581.423
-1112.55
-1386.34
-2349.53
-874.4
-4008.4
964.054
-13164.1
-5914.05
-3280.4
-5194.68
-5554.99
-6189.9
-6113.12
-8561.71
-10310.3
-12289.3
-14934
-19737.1
-24985.1
-31678.8
-31290.1
-55334.7
27367.6
-611.475
-1439.31
-2036.31
-4660.79
-5081.02
-8118.35
-13134.5
-15464.2
-16300.1
-15187.7
-11779.3
-6379.7
7964.6
-18441.8
-4643.31
-12032.4
-9084.89
-13379.5
-28768.6
-40757.9
-42721.8
-47760.5
-56772.8
-67782.8
-79979.1
-97955.8
-119989
-131680
-149980
-264660
-1523.7
-2097
-2688.9
-3410.08
-4284.11
-5213.94
-6489.34
-7988.44
-10445.7
-12901.1
-17449.8
-18232.8
-36592.3
-27195.3
-90623.4
-637.381
-769.44
-846.115
-1010.44
-1240.94
-1534.65
-1992.41
-2450.19
-3350.8
-4075.98
-6209.9
-7264.38
-9131.26
-13123.6
-13309.8
-409.719
-518.303
-620.396
-810.906
-1025.74
-1318.63
-1663.74
-2109.01
-2742.81
-3679.53
-4986.73
-6871.48
-9766.94
-16918.3
-9433.41
-631.969
-830.685
-1033.94
-1314.14
-1638.95
-2057
-2566.11
-3214.1
-4046.74
-5044.82
-6431.37
-7425.49
-9787.97
-7935.74
-11768.2
-673.866
-889.341
-1088.16
-1345.7
-1654.68
-2044.06
-2499.97
-3075.87
-3773.34
-4665.25
-5765.57
-7141.06
-8695.28
-10893.1
-13765.5
-631.584
-884.768
-1123.24
-1429.18
-1773.73
-2164.36
-2590.15
-3159.48
-3832.16
-4752.76
-5796.75
-6960.35
-8356.25
-8373.41
-11626.3
-837.864
-1166.71
-1408.73
-1682.04
-1983.81
-2321.62
-2678.25
-3219.33
-3808.14
-4760.94
-5641.05
-7044.85
-8081.26
-9145.91
-13020
-690.674
-1013.79
-1298.17
-1630.56
-1926.38
-2211.74
-2532.53
-3089.6
-3669.54
-4767.63
-5525.38
-7175.1
-7630.82
-8818.16
-11202.1
-1223.05
-1664.41
-1875.42
-2102.18
-2283.43
-2452.77
-2631.74
-3128.8
-3657.86
-4873.02
-5410.74
-7685.88
-7249.37
-9839.51
-10033.5
-715.358
-1086.77
-1410.73
-1807.23
-1840.42
-1718.94
-1917.33
-2572.41
-3217.93
-4771.46
-5272.89
-8285.66
-5955.62
-9556.92
-6827.53
-1895.35
-2722.12
-2799.65
-2748.03
-2429.14
-2146.27
-2637.23
-3682.69
-4487.53
-6140.54
-6305.31
-10277.9
-5728.34
-15148.1
685.54
-527.091
-1085.88
-1628.87
-2283.05
-1183.02
-610.696
-417.19
-828.182
-1171.34
-2800.45
-3193.84
-6999.73
-1664.7
-13796.9
-7378.36
-3098.59
-5152.78
-5539.49
-5598.43
-3645.07
-3134.66
-4605.76
-6265.74
-7559.48
-10381.9
-14147.9
-20807.9
-21428.4
-58703.9
27018.5
88.4362
-1177.64
-2916.69
-4846.18
-85.0225
-467.819
-4950.86
-6538.66
-6282.41
-5217.25
-2076.09
5303.24
17779.6
-16945.2
-2696.03
-12665
-10235.6
-17449.8
-37696
-51585
-57727.1
-68411
-81043
-94485.7
-108615
-120636
-139758
-142539
-146462
-267743
-1522.98
-2096.71
-2689.09
-3409.59
-4283
-5211.31
-6491.94
-7969.81
-10448.5
-12834
-17428.6
-18261.3
-36977.3
-27265.6
-92447.4
-637.168
-768.631
-844.995
-1009.14
-1238.74
-1529.34
-1991.41
-2435.76
-3361.65
-4060.91
-6299.65
-7215.44
-9631.62
-13721.9
-13999.2
-409.33
-517.316
-619.32
-809.174
-1024.41
-1317.18
-1666.55
-2112.03
-2752.05
-3660.05
-4943.98
-6720.79
-9654.47
-15711.6
-8707.57
-631.173
-829.375
-1031.8
-1311.07
-1636.18
-2052.56
-2561.82
-3199.98
-4027.5
-4984.19
-6366.38
-7207.48
-9707.9
-7092.12
-11339.7
-672.434
-887.357
-1084.31
-1340.57
-1649.36
-2035.5
-2486.98
-3048.6
-3735.91
-4593.73
-5678.88
-6925.61
-8433.53
-9824.57
-12283.4
-630.276
-882.953
-1119.96
-1425.6
-1768.46
-2153.04
-2570.86
-3125.79
-3789.64
-4680.18
-5716.26
-6761.51
-8166.82
-7587.36
-10973.3
-837.249
-1162.29
-1400.29
-1670.78
-1969.22
-2299.76
-2646.42
-3178.35
-3768.35
-4707.31
-5569.37
-6865.89
-7852.58
-8458.5
-12084.7
-690.925
-1011.68
-1294.07
-1625.82
-1920.43
-2201.8
-2516
-3064.2
-3645.47
-4726.99
-5471.23
-7011.6
-7441.15
-8233.63
-10568.3
-1230.06
-1655.58
-1857.91
-2075.92
-2244.04
-2393.05
-2559.13
-3075.74
-3648.26
-4864.86
-5422.08
-7595.25
-7084.85
-9335.66
-9412.92
-716.151
-1085.19
-1416.86
-1811.43
-1832.53
-1722.32
-1982.14
-2743.43
-3504.93
-5035.14
-5491.62
-8312.19
-5874.64
-9247.09
-6414.45
-1966.71
-2726.62
-2769.59
-2628.38
-2184.56
-1944.35
-2516.56
-3536.94
-4363.62
-5971.12
-6280.38
-9976.25
-5307.04
-14379.2
1049.67
-558.602
-1053.49
-1679.97
-2099.72
-1045.42
-982.798
-1249.51
-2316.12
-3575.15
-5274.78
-5567.77
-8777.87
-3261.16
-14659.7
-7547.07
-3342.19
-5205.14
-5821.1
-3658.18
-2805.53
-3463.81
-5124.6
-6545.8
-8480.23
-11737
-16274.8
-18906
-22090.8
-61575
24370.7
27.9387
-1101.55
-3013.1
-182.569
11312.5
13028.5
11848.9
12232.3
13576.6
15146.6
10233.8
12077.3
23594
-17303.7
3349.04
-12178.1
-10050.9
-19300.6
-41226.3
-47542.2
-51280.8
-61498.7
-73569
-84117.4
-96498
-108685
-131801
-141792
-141289
-266901
-1522.16
-2095.77
-2689.21
-3410.13
-4282.82
-5207.13
-6493.05
-7955.41
-10467.3
-12769.6
-17399.5
-18197.7
-37259.3
-27286.7
-93652.1
-637.133
-767.936
-843.049
-1006.18
-1235.14
-1522.51
-1987.32
-2420.23
-3371.07
-4055.66
-6375.9
-7207.12
-10075
-14223.5
-14540.2
-408.916
-516.232
-618.103
-807.593
-1024.34
-1317.16
-1668.75
-2112.46
-2761.47
-3655.5
-4920.16
-6605.04
-9591.39
-14957.2
-8085.32
-630.121
-828.101
-1030.25
-1309.27
-1635.09
-2049.57
-2556.87
-3184.5
-4011.65
-4935.27
-6322.87
-7028.2
-9714
-6560.68
-10347.9
-671.04
-886.33
-1082.55
-1338.66
-1647.69
-2031
-2476.99
-3026.62
-3711.87
-4542.57
-5628.09
-6738.9
-8283.7
-8976.75
-10490
-629.781
-883.144
-1119.67
-1425.99
-1768.42
-2148.75
-2560.09
-3104.48
-3765.6
-4630.66
-5669.94
-6611.15
-8107.49
-6976.18
-9765.97
-838.74
-1161.7
-1397.23
-1665.09
-1960.93
-2287.13
-2628.27
-3159.49
-3765.76
-4709.5
-5577.84
-6784.79
-7787.26
-7873.73
-10757.1
-693.008
-1011.53
-1292.11
-1621.69
-1917.51
-2209.17
-2539.98
-3105.54
-3703.45
-4767.35
-5482.94
-6933.94
-7390.11
-7737.76
-9565.94
-1245.31
-1656.02
-1856.4
-2070.61
-2232.34
-2392.27
-2584.47
-3112.05
-3671.04
-4860.22
-5416.17
-7551.72
-6973.74
-8923.09
-8536.71
-712.977
-1078.06
-1410.21
-1804.05
-1832.72
-1832.26
-2122.85
-2846.18
-3601.83
-5125.74
-5575.16
-8382.1
-5736.11
-9073.13
-5613
-2125.63
-2751.42
-2769.16
-2588.88
-2181.93
-1973.27
-2430.44
-3213.54
-3981.88
-5641.34
-6254.71
-10173.7
-4912.51
-13636.2
1251.2
-620.504
-1049.34
-1717.31
-2021.36
-1012.62
-815.713
-1087.82
-2556.42
-4401.95
-6245.73
-7058.76
-9688.34
-3059.77
-15656.6
-7252.59
-4122.85
-5426.51
-6033.67
-3703.49
-3984.08
-6215.01
-9122.74
-10549.5
-11596.8
-14639.7
-23367.4
-19002
-20133.7
-54345
20270.3
-985.276
-1219.88
-3417.26
638.268
11678.9
11946.8
9900.74
8792.37
9270.26
12876.3
3662.31
3545.45
13907.9
-18073.5
14579
-10993.7
-9518.27
-19751.4
-41022
-44921.2
-49917.8
-60242.2
-73627.1
-84971.2
-95753.6
-88270.3
-133909
-153608
-161046
-265279
-1520.62
-2094.39
-2688.94
-3412.32
-4284.69
-5207.2
-6493.96
-7926.91
-10461.8
-12681.2
-17357
-18140.1
-37532.2
-27319
-93925.3
-637.13
-767.469
-841.043
-1003.83
-1230.11
-1516.64
-1984.8
-2399.6
-3363.95
-4049.52
-6447.01
-7229.67
-10550
-14608
-15418
-408.515
-514.724
-615.795
-804.765
-1022.49
-1314.54
-1671.74
-2115.08
-2772.12
-3637.74
-4901.66
-6433.5
-9483.26
-14547.2
-7962.16
-628.73
-825.467
-1026.31
-1304.46
-1631.05
-2043.13
-2551.65
-3165.06
-3980.06
-4846.96
-6227.87
-6764.02
-9662.71
-6352.63
-9858.31
-668.269
-882.733
-1077.21
-1332.29
-1640.77
-2019.14
-2458
-2984.38
-3649.21
-4434.52
-5509.45
-6473.58
-8071.17
-8365.4
-9132.77
-626.508
-878.753
-1113.31
-1419.42
-1759.64
-2130.75
-2530.58
-3052.89
-3696.03
-4520.87
-5557.83
-6396.93
-7987.22
-6574.27
-8923.3
-835.859
-1154.35
-1385.93
-1651.01
-1943.93
-2261.72
-2587.19
-3095.32
-3691.8
-4621.77
-5488.31
-6582.94
-7639.62
-7464.78
-9824.9
-692.54
-1004.75
-1281.34
-1610.72
-1910.52
-2201.3
-2513.04
-3059.43
-3664.91
-4724.6
-5432.17
-6760.92
-7293.13
-7377.5
-9164.22
-1247.32
-1641.56
-1840.64
-2053.09
-2214.25
-2358.71
-2537.89
-3090.1
-3671.87
-4854.05
-5414.78
-7431.73
-6814.91
-8624.33
-8373.92
-713.981
-1068.14
-1399.7
-1803.76
-1829.51
-1868.48
-2235.66
-3003.5
-3793.42
-5284.98
-5728.71
-8329.51
-5725.78
-9353.79
-5617.4
-2164.75
-2710.61
-2735.42
-2551.76
-2100.59
-2205.61
-2857.7
-3590.56
-4210.31
-5764.41
-6407.33
-9799.96
-4738.72
-14207.1
481.881
-638.648
-994.482
-1596.82
-1983.81
-877.317
-659.715
-1027.38
-2279.75
-4212.28
-6099.7
-6837.08
-8509.47
-1355.41
-16591
-8632.09
-4618
-5781.55
-5826.73
-3336.78
-3685.05
-6661.3
-8084.79
-7969.05
-9317.4
-12349.8
-16868.8
-16964.9
-38335
-62853.1
21100.2
-891.698
-455.597
-4161.56
429.719
10104.5
10234.9
10081.3
11292.8
12173.4
12319.5
10044.2
13483.1
9900.88
-25965.9
-47.1851
-8542.26
-7269.84
-20074.4
-40167.9
-44937.1
-50990.2
-62056.3
-74466.7
-80997.3
-90884.6
-104449
-135635
-113700
-157976
-272734
-1519.6
-2094.17
-2689.16
-3412.91
-4284.17
-5195.71
-6483.59
-7915.7
-10489.8
-12612.1
-17353.7
-18089.8
-37641.9
-27329.6
-92941.4
-637.129
-767.415
-839.986
-1001.94
-1228.99
-1515.24
-1982.48
-2385.92
-3368.18
-4063.1
-6502.84
-7302.42
-10742.8
-14836.1
-15977.2
-408.06
-513.877
-615.323
-804.471
-1024.49
-1315.78
-1671.76
-2115.3
-2782.06
-3644.73
-4901.26
-6360.38
-9389.82
-14360.7
-7901.03
-627.577
-824.306
-1024.8
-1302.59
-1629.61
-2039.61
-2545.98
-3151.44
-3970.53
-4817.35
-6193.43
-6632.16
-9646.88
-6674.54
-9762.14
-667.095
-882.407
-1076.18
-1331.25
-1639.78
-2016.02
-2448.94
-2963.06
-3626.67
-4396.89
-5490.72
-6396.57
-7983.7
-8299.91
-8576.86
-626.433
-879.745
-1113.25
-1419.71
-1759.8
-2126.04
-2516.28
-3029.52
-3682.8
-4520.71
-5614.38
-6435.91
-8067.24
-6730
-8533.42
-837.375
-1156.27
-1387.02
-1648.73
-1938.8
-2251.6
-2571.74
-3103.87
-3794.83
-4794.89
-5680.15
-6709.94
-7735.09
-7771.69
-9172.88
-695.95
-1005.92
-1282.78
-1610.16
-1912.28
-2217.86
-2575.31
-3199.38
-3842.01
-4890.97
-5582.79
-6897.2
-7459.99
-7876.62
-8694.08
-1255.85
-1645.93
-1860.19
-2074.69
-2236.04
-2390.98
-2602.02
-3174.6
-3764.46
-4952.11
-5496.5
-7526.17
-6835.31
-9016.6
-7988.8
-720.598
-1058.85
-1388.33
-1770.2
-1814.52
-1909.29
-2275.65
-3002.97
-3810.86
-5339
-5773.62
-8467.05
-5555.83
-9783.92
-4642.56
-2202.25
-2655.6
-2814.19
-2656.3
-2125.28
-2251.15
-2663.91
-3154.13
-3958.67
-5681.25
-6439.07
-10044.7
-4090.11
-13901.9
441.096
-599.517
-857.733
-1348.47
-1515.98
-298.958
978.076
1404.17
-425.773
-4118.79
-6263.99
-7001.63
-8713.56
789.762
-19162.1
-6403.81
-4764.18
-5928.04
-6325.97
-5480.08
-8126.42
-13931.9
-14719
-12553.8
-8987.76
-12004.5
-16320.6
-18027.4
-40175.2
-66675.6
24387.6
-1100.81
-584.171
-3155.12
751.536
7051.5
6420.79
5565.84
3417.55
7520.86
12043.4
12169.2
15467.5
12677.7
-29266.8
-5813.57
-7788.86
-6105.05
-18573.3
-31856.5
-29770.8
-33209.1
-47087.1
-64709.5
-83320.4
-94323.2
-105363
-132326
-99753.3
-151079
-277389
-1518.65
-2092.36
-2687.84
-3416.62
-4282.37
-5195.91
-6496.04
-7906.16
-10479.4
-12513.6
-17411.3
-17838.4
-37945.3
-27733
-92725.1
-636.604
-767.144
-837.653
-1000.4
-1222.18
-1505.55
-1972.12
-2341.04
-3329.61
-4025.72
-6636.76
-7341.76
-10837.2
-13886.3
-17354.9
-407.815
-512.528
-612.449
-801.352
-1022.47
-1308.45
-1675.48
-2128.21
-2802.94
-3621.5
-4920.72
-6207.36
-9157.49
-13467.5
-8369.65
-625.658
-820.077
-1018.88
-1297.21
-1625.92
-2033.21
-2543.26
-3128.17
-3927.75
-4683.35
-6044.93
-6265.8
-9435.05
-5191.19
-11679.3
-661.762
-875.759
-1068.05
-1324.01
-1631.7
-2001.97
-2425.2
-2897.17
-3516.51
-4213.55
-5279.06
-5865.08
-7520.72
-6161.97
-9592.75
-618.737
-870.588
-1100.68
-1408.7
-1746.7
-2097.49
-2471.03
-2944.67
-3518.76
-4207.35
-5225.6
-5788.67
-7738.98
-4312.7
-10455.9
-827.233
-1143.6
-1369.74
-1626.24
-1915.33
-2216.39
-2492.48
-2930.16
-3534.64
-4524.58
-5477.34
-6233.15
-7374.35
-5345.5
-10437.6
-691.375
-988.258
-1252.66
-1570.73
-1882.43
-2187.66
-2455.31
-3081.3
-3793.95
-4814.39
-5501.84
-6542.6
-7170.06
-5676.07
-10515.4
-1235.82
-1627.32
-1860.9
-2061.08
-2241.8
-2343.96
-2581.57
-3187.84
-3797.9
-4990.67
-5546.79
-7334.75
-6695.76
-7284.07
-9510.29
-766.236
-1064.5
-1412.42
-1791.5
-1865.33
-2021.99
-2476.36
-3251.44
-4044.67
-5503.61
-5975.97
-8400.32
-5918.19
-9323.94
-6285.12
-2026.17
-2526.99
-2850.51
-2625.76
-2495.23
-2762.1
-3175.37
-3517.84
-4124
-5740.65
-6631.66
-9875.71
-5199.95
-14022.1
568.408
-584.781
-690.264
-1515.15
-1318.5
-349.675
1043.64
2030.79
-1019.99
-4561.07
-6381.97
-7006.01
-8036.55
2753.2
-21136.9
191.987
-5537.83
-6509.96
-6058.22
-5165.77
-10077.3
-15672.1
-13965.7
-10525
-7915.44
-11908.9
-16507.6
-19349.8
-47806.9
-71709.2
37196
-623.595
-127.495
-1335.42
5085.8
10609.7
10427.7
10280.3
6306.27
9536.48
13195
13153.3
23137.1
13658.5
-27699.1
584.228
-9999.8
-8923.19
-23526.8
-35254.1
-21390
-25819.1
-42829.3
-62806.8
-83217.8
-89295.5
-101447
-125137
-87853.9
-159416
-291631
)
;

boundaryField
{
    outletsourceFace
    {
        type            zeroGradient;
    }
    outletdestinationFace
    {
        type            zeroGradient;
    }
    outletFace
    {
        type            zeroGradient;
    }
    outletWall
    {
        type            fixedValue;
        value           uniform 0;
    }
    inletFace
    {
        type            zeroGradient;
    }
    inletWall
    {
        type            fixedValue;
        value           uniform 5;
    }
    inletsourceFace
    {
        type            zeroGradient;
    }
    inletdestinationFace
    {
        type            zeroGradient;
    }
}


// ************************************************************************* //
