/*--------------------------------*- C++ -*----------------------------------*\
| =========                 |                                                 |
| \\      /  F ield         | OpenFOAM: The Open Source CFD Toolbox           |
|  \\    /   O peration     | Version:  4.1                                   |
|   \\  /    A nd           | Web:      www.OpenFOAM.org                      |
|    \\/     M anipulation  |                                                 |
\*---------------------------------------------------------------------------*/
FoamFile
{
    version     2.0;
    format      ascii;
    class       volScalarField;
    location    "27";
    object      p;
}
// * * * * * * * * * * * * * * * * * * * * * * * * * * * * * * * * * * * * * //

dimensions      [0 2 -2 0 0 0 0];

internalField   nonuniform List<scalar> 
6750
(
-86.1115
-43.6451
-104.977
-107.759
-124.862
-131.479
-137.32
-140.906
-143.082
-142.023
-143.36
-137.542
-143.107
-69.0057
-151.541
-85.9692
-43.2088
-104.622
-107.622
-125.091
-131.788
-137.707
-140.965
-143.05
-142.007
-143.39
-137.697
-142.945
-68.4982
-151.495
-85.8368
-42.8007
-104.358
-107.586
-125.304
-132.038
-138.018
-140.967
-143.016
-142.006
-143.436
-137.688
-142.821
-68.0136
-151.498
-85.6696
-42.2526
-104.005
-107.531
-125.57
-132.339
-138.337
-141.019
-142.973
-142.024
-143.488
-137.55
-142.771
-67.6717
-151.358
-85.5162
-41.655
-103.671
-107.508
-125.825
-132.604
-138.623
-141.177
-143.059
-142.134
-143.481
-136.957
-142.666
-67.3954
-151.214
-85.3903
-41.0538
-103.344
-107.483
-126.057
-132.866
-139.034
-141.48
-143.051
-142.209
-143.406
-137.196
-142.663
-67.0792
-151.054
-85.3285
-40.5609
-103.082
-107.452
-126.205
-133.068
-139.293
-141.452
-143.051
-142.281
-143.252
-137.648
-142.607
-66.7846
-150.893
-85.3413
-40.4258
-103.01
-107.449
-126.261
-133.157
-139.454
-141.576
-143.03
-142.23
-143.334
-137.876
-142.569
-66.5378
-150.797
-85.4137
-40.6937
-103.173
-107.502
-126.233
-133.132
-139.422
-141.617
-143.078
-142.241
-143.36
-137.688
-142.544
-66.6942
-150.565
-85.5541
-41.2496
-103.496
-107.575
-126.117
-132.99
-139.157
-141.56
-143.116
-142.268
-143.386
-137.105
-142.489
-66.9289
-150.364
-85.7453
-41.8968
-103.878
-107.644
-125.925
-132.753
-138.783
-141.361
-143.176
-142.313
-143.599
-137.06
-142.427
-67.13
-150.189
-85.9512
-42.516
-104.251
-107.702
-125.698
-132.511
-138.493
-141.255
-143.196
-142.324
-143.659
-137.61
-142.467
-67.3283
-150.032
-86.1578
-43.0704
-104.634
-107.789
-125.458
-132.234
-138.214
-141.265
-143.329
-142.459
-143.699
-138.081
-142.509
-67.6127
-149.939
-86.3146
-43.4799
-104.919
-107.847
-125.261
-132
-137.945
-141.332
-143.385
-142.597
-143.699
-138.214
-142.617
-68.072
-149.764
-86.4764
-43.9102
-105.289
-108.004
-125.048
-131.704
-137.564
-141.306
-143.491
-142.73
-143.642
-138.141
-142.748
-68.5478
-149.638
-117.264
-30.8775
-107.774
-107.356
-125.472
-131.802
-137.683
-141.07
-143.507
-142.105
-144.029
-136.783
-149.822
-52.0256
-212.03
-117.101
-30.4552
-107.371
-107.155
-125.72
-132.137
-138.133
-141.154
-143.465
-142.085
-144.046
-136.918
-149.614
-51.5008
-212.052
-116.966
-30.1296
-107.127
-107.099
-125.929
-132.356
-138.436
-141.149
-143.427
-142.082
-144.085
-136.847
-149.423
-51.0402
-212.196
-116.795
-29.6552
-106.753
-106.996
-126.197
-132.65
-138.772
-141.206
-143.37
-142.075
-144.142
-136.729
-149.366
-50.6491
-211.998
-116.658
-29.1533
-106.4
-106.946
-126.447
-132.889
-139.041
-141.323
-143.468
-142.138
-144.158
-136.121
-149.203
-50.3393
-211.809
-116.565
-28.6402
-106.025
-106.891
-126.676
-133.129
-139.437
-141.623
-143.438
-142.172
-144.1
-136.372
-149.206
-49.9904
-211.585
-116.55
-28.2139
-105.699
-106.845
-126.815
-133.305
-139.687
-141.57
-143.503
-142.234
-143.988
-136.713
-149.135
-49.6928
-211.358
-116.593
-28.0962
-105.605
-106.835
-126.866
-133.382
-139.83
-141.699
-143.411
-142.212
-143.965
-136.915
-149.04
-49.4342
-211.277
-116.655
-28.321
-105.813
-106.893
-126.841
-133.359
-139.792
-141.721
-143.44
-142.233
-144.01
-136.801
-149.026
-49.5439
-210.815
-116.781
-28.7918
-106.199
-106.98
-126.728
-133.238
-139.536
-141.679
-143.472
-142.25
-143.997
-136.288
-148.91
-49.7187
-210.411
-116.973
-29.3369
-106.628
-107.078
-126.54
-133.021
-139.171
-141.487
-143.544
-142.297
-144.202
-136.171
-148.782
-49.8939
-210.05
-117.188
-29.8502
-107.015
-107.162
-126.315
-132.804
-138.889
-141.385
-143.519
-142.282
-144.217
-136.662
-148.812
-50.0676
-209.712
-117.414
-30.329
-107.419
-107.298
-126.072
-132.532
-138.59
-141.37
-143.628
-142.371
-144.254
-137.071
-148.839
-50.3359
-209.506
-117.582
-30.6556
-107.68
-107.376
-125.878
-132.327
-138.321
-141.434
-143.665
-142.456
-144.26
-137.205
-148.993
-50.7291
-209.057
-117.773
-31.0745
-108.099
-107.6
-125.649
-132.007
-137.88
-141.376
-143.816
-142.59
-144.245
-137.177
-149.139
-51.1618
-208.724
-170.44
-4.60742
-110.852
-106.821
-126.458
-132.603
-138.611
-141.525
-144.301
-142.327
-145.309
-134.854
-161.822
-14.2243
-322.14
-170.245
-4.30588
-110.43
-106.515
-126.695
-132.945
-139.105
-141.65
-144.252
-142.309
-145.293
-134.935
-161.496
-13.6587
-322.186
-170.111
-4.15969
-110.225
-106.424
-126.88
-133.11
-139.363
-141.633
-144.205
-142.309
-145.305
-134.8
-161.085
-13.1699
-322.488
-169.951
-3.87195
-109.824
-106.235
-127.125
-133.385
-139.702
-141.701
-144.134
-142.289
-145.346
-134.725
-161.022
-12.7227
-322.097
-169.874
-3.58874
-109.433
-106.138
-127.347
-133.575
-139.926
-141.757
-144.208
-142.292
-145.367
-134.159
-160.754
-12.4022
-321.772
-169.865
-3.26616
-108.97
-106.034
-127.547
-133.782
-140.262
-142.009
-144.133
-142.275
-145.299
-134.384
-160.738
-12.0054
-321.364
-169.95
-2.96061
-108.521
-105.969
-127.659
-133.916
-140.472
-141.942
-144.205
-142.294
-145.211
-134.528
-160.608
-11.663
-320.934
-170.028
-2.86279
-108.374
-105.952
-127.695
-133.976
-140.577
-142.058
-144.106
-142.313
-145.132
-134.682
-160.335
-11.3237
-320.834
-170.039
-3.01233
-108.673
-106.014
-127.682
-133.955
-140.536
-142.052
-144.111
-142.338
-145.19
-134.627
-160.408
-11.3884
-319.949
-170.112
-3.31143
-109.181
-106.118
-127.591
-133.865
-140.317
-142.042
-144.133
-142.355
-145.131
-134.285
-160.208
-11.493
-319.171
-170.282
-3.63494
-109.706
-106.266
-127.43
-133.68
-139.998
-141.877
-144.202
-142.393
-145.296
-134.126
-159.967
-11.6132
-318.434
-170.5
-3.90823
-110.124
-106.396
-127.228
-133.506
-139.745
-141.793
-144.107
-142.363
-145.237
-134.508
-159.964
-11.7008
-317.703
-170.758
-4.19184
-110.55
-106.621
-127.009
-133.25
-139.43
-141.735
-144.133
-142.382
-145.244
-134.791
-159.925
-11.8994
-317.265
-170.945
-4.33834
-110.766
-106.732
-126.836
-133.094
-139.186
-141.784
-144.11
-142.392
-145.233
-134.9
-160.252
-12.2506
-316.313
-171.185
-4.64413
-111.203
-107.067
-126.62
-132.769
-138.698
-141.663
-144.227
-142.473
-145.236
-134.929
-160.445
-12.5817
-315.616
-226.271
19.8591
-109.103
-108.249
-127.567
-134.427
-140.352
-142.693
-145.506
-143.116
-146.926
-133.807
-172.603
30.9655
-450.433
-226.085
19.9799
-108.766
-107.884
-127.729
-134.721
-140.797
-142.842
-145.464
-143.113
-146.882
-133.845
-172.078
31.5534
-450.492
-225.991
19.9532
-108.605
-107.775
-127.866
-134.836
-140.981
-142.812
-145.406
-143.111
-146.855
-133.765
-171.252
32.1609
-450.999
-225.901
19.98
-108.234
-107.532
-128.041
-135.069
-141.275
-142.881
-145.348
-143.103
-146.867
-133.706
-171.24
32.6009
-450.292
-225.971
19.9852
-107.829
-107.415
-128.204
-135.211
-141.44
-142.895
-145.363
-143.063
-146.872
-133.274
-170.866
32.9193
-449.718
-226.144
20.0511
-107.297
-107.289
-128.338
-135.379
-141.68
-143.051
-145.241
-142.995
-146.766
-133.385
-170.774
33.3572
-448.969
-226.357
20.0943
-106.731
-107.235
-128.402
-135.474
-141.824
-142.99
-145.238
-142.954
-146.678
-133.341
-170.499
33.835
-448.174
-226.441
20.0744
-106.528
-107.221
-128.415
-135.519
-141.882
-143.049
-145.119
-142.969
-146.562
-133.465
-169.852
34.4269
-447.96
-226.35
20.0541
-106.913
-107.278
-128.429
-135.501
-141.845
-143.029
-145.116
-142.988
-146.601
-133.358
-170.121
34.4843
-446.37
-226.297
20.0787
-107.529
-107.372
-128.384
-135.439
-141.684
-143.05
-145.152
-143.031
-146.526
-133.202
-169.854
34.4606
-444.918
-226.387
20.1337
-108.128
-107.544
-128.287
-135.29
-141.436
-142.931
-145.197
-143.036
-146.634
-133.081
-169.437
34.447
-443.506
-226.565
20.2087
-108.562
-107.691
-128.139
-135.16
-141.235
-142.876
-145.082
-143.011
-146.52
-133.33
-169.299
34.5145
-442.068
-226.82
20.1904
-108.961
-107.973
-127.991
-134.943
-140.944
-142.791
-145.021
-142.968
-146.489
-133.461
-169.016
34.5586
-441.166
-227.01
20.2093
-109.128
-108.103
-127.861
-134.834
-140.756
-142.824
-144.957
-142.934
-146.472
-133.449
-169.671
34.2067
-439.304
-227.27
20.0529
-109.476
-108.502
-127.724
-134.557
-140.311
-142.663
-145.002
-142.93
-146.463
-133.427
-169.903
34.1708
-437.953
-293.151
26.8971
-104.938
-113.621
-129.723
-137.825
-143.466
-145.148
-147.911
-145.075
-149.541
-136.22
-184.844
71.4324
-611.291
-293.012
27.0315
-104.752
-113.268
-129.795
-138.057
-143.817
-145.292
-147.851
-145.094
-149.469
-136.286
-184.155
72.0608
-611.107
-292.974
27.0063
-104.665
-113.164
-129.885
-138.14
-143.926
-145.249
-147.764
-145.083
-149.412
-136.37
-182.988
72.6321
-611.572
-293.04
27.0324
-104.409
-112.928
-129.972
-138.322
-144.147
-145.3
-147.714
-145.1
-149.398
-136.291
-182.998
73.3569
-610.47
-293.293
26.964
-104.072
-112.825
-130.067
-138.43
-144.25
-145.294
-147.664
-145.044
-149.367
-135.962
-182.538
73.8347
-609.467
-293.552
26.7819
-103.602
-112.715
-130.12
-138.558
-144.402
-145.356
-147.468
-144.928
-149.175
-135.944
-182.281
74.3569
-608.076
-293.823
26.4225
-103.078
-112.682
-130.132
-138.627
-144.481
-145.293
-147.36
-144.836
-149.008
-135.832
-181.77
74.9477
-606.585
-293.928
26.1881
-102.888
-112.678
-130.123
-138.655
-144.498
-145.287
-147.185
-144.797
-148.84
-135.986
-180.704
75.7517
-605.814
-293.81
26.3313
-103.262
-112.741
-130.173
-138.648
-144.47
-145.274
-147.161
-144.789
-148.837
-135.743
-181.002
76.4065
-603.411
-293.638
26.6708
-103.836
-112.821
-130.185
-138.609
-144.359
-145.317
-147.248
-144.886
-148.846
-135.647
-180.658
76.6107
-601.003
-293.628
27.0371
-104.37
-112.985
-130.172
-138.499
-144.179
-145.241
-147.294
-144.861
-148.901
-135.586
-180.046
76.6459
-598.525
-293.762
27.3673
-104.738
-113.116
-130.09
-138.401
-144.035
-145.21
-147.203
-144.842
-148.776
-135.773
-179.745
76.616
-595.808
-293.988
27.4555
-105.042
-113.395
-130.033
-138.237
-143.797
-145.118
-147.072
-144.716
-148.663
-135.832
-179.12
76.6353
-593.795
-294.16
27.473
-105.145
-113.519
-129.95
-138.158
-143.67
-145.141
-147.003
-144.66
-148.622
-135.663
-179.959
76.2662
-590.633
-294.409
27.253
-105.356
-113.915
-129.907
-137.946
-143.312
-144.981
-147.015
-144.575
-148.582
-135.489
-180.09
76.6004
-588.301
-374.617
11.8493
-102.394
-124.806
-133.931
-143.428
-148.797
-149.708
-152.809
-149.32
-155.085
-145.085
-207.004
92.5062
-816.296
-374.569
12.1719
-102.325
-124.505
-133.941
-143.605
-149.042
-149.807
-152.657
-149.306
-154.862
-145.111
-206.158
93.3739
-815.62
-374.68
12.368
-102.307
-124.407
-133.999
-143.672
-149.087
-149.744
-152.478
-149.246
-154.688
-145.341
-204.928
94.0515
-815.716
-374.822
12.5849
-102.188
-124.208
-134.022
-143.809
-149.228
-149.758
-152.383
-149.268
-154.6
-145.173
-204.733
95.6915
-814.032
-375.058
12.5514
-102.02
-124.119
-134.071
-143.902
-149.279
-149.749
-152.269
-149.21
-154.529
-144.895
-204.022
96.8934
-812.22
-375.298
12.3106
-101.76
-124.034
-134.071
-144.001
-149.367
-149.757
-151.959
-149.036
-154.186
-144.796
-203.497
97.8206
-809.706
-375.54
11.7772
-101.453
-124.027
-134.055
-144.057
-149.405
-149.693
-151.738
-148.904
-153.881
-144.699
-202.713
98.6786
-806.772
-375.649
11.4485
-101.35
-124.051
-134.037
-144.077
-149.399
-149.643
-151.483
-148.791
-153.632
-144.905
-201.382
99.4964
-804.529
-375.591
11.6322
-101.619
-124.131
-134.121
-144.099
-149.389
-149.659
-151.451
-148.776
-153.597
-144.569
-201.316
100.99
-800.703
-375.505
12.0406
-101.984
-124.217
-134.182
-144.086
-149.318
-149.713
-151.618
-148.931
-153.723
-144.417
-200.783
101.345
-796.53
-375.558
12.4063
-102.303
-124.379
-134.24
-144.018
-149.195
-149.67
-151.717
-148.922
-153.78
-144.399
-200.075
101.089
-792.075
-375.691
12.6828
-102.522
-124.505
-134.217
-143.944
-149.102
-149.651
-151.67
-148.892
-153.653
-144.558
-199.651
100.627
-787.305
-375.904
12.6424
-102.713
-124.759
-134.237
-143.834
-148.935
-149.579
-151.522
-148.722
-153.507
-144.565
-198.741
100.375
-783.513
-376.052
12.5608
-102.767
-124.881
-134.191
-143.774
-148.864
-149.613
-151.499
-148.711
-153.566
-144.372
-199.56
99.992
-778.245
-376.283
12.1761
-102.892
-125.239
-134.221
-143.624
-148.602
-149.496
-151.518
-148.594
-153.523
-143.989
-199.479
101.064
-774.232
-468.359
-13.8647
-104.976
-142.557
-141.801
-152.401
-157.715
-157.454
-161.921
-157.277
-166.93
-162.367
-250.88
100.18
-1079.98
-468.354
-13.5231
-104.935
-142.315
-141.776
-152.543
-157.871
-157.515
-161.638
-157.246
-166.591
-162.476
-249.625
102.033
-1077.59
-468.476
-13.3271
-104.928
-142.224
-141.815
-152.615
-157.876
-157.449
-161.348
-157.145
-166.269
-162.715
-248.415
103.072
-1076.12
-468.591
-13.1061
-104.894
-142.067
-141.816
-152.728
-157.949
-157.437
-161.174
-157.122
-165.943
-162.542
-247.37
105.914
-1072.73
-468.808
-13.1227
-104.866
-141.995
-141.85
-152.823
-157.969
-157.453
-160.993
-157.085
-165.704
-162.31
-245.939
107.752
-1069.18
-469.018
-13.2649
-104.812
-141.945
-141.845
-152.907
-158.016
-157.461
-160.552
-156.885
-165.162
-162.268
-244.793
109.422
-1064.14
-469.261
-13.5723
-104.773
-141.971
-141.84
-152.966
-158.043
-157.42
-160.22
-156.723
-164.676
-162.253
-243.48
110.546
-1058.87
-469.425
-13.7269
-104.798
-142.036
-141.845
-152.992
-158.032
-157.353
-159.876
-156.583
-164.42
-162.665
-241.989
111.419
-1053.71
-469.523
-13.59
-104.938
-142.136
-141.963
-153.066
-158.064
-157.416
-159.881
-156.562
-164.301
-162.203
-240.886
113.394
-1047.78
-469.615
-13.3399
-105.079
-142.246
-142.067
-153.098
-158.039
-157.49
-160.175
-156.79
-164.562
-162.078
-240.1
114.079
-1041.19
-469.751
-13.2293
-105.221
-142.433
-142.182
-153.085
-157.978
-157.451
-160.365
-156.776
-164.687
-162.022
-239.353
114.05
-1034.02
-469.878
-13.1906
-105.33
-142.588
-142.219
-153.042
-157.944
-157.441
-160.424
-156.81
-164.802
-162.142
-239.407
112.915
-1025.57
-470.074
-13.405
-105.48
-142.845
-142.305
-152.984
-157.848
-157.376
-160.244
-156.611
-164.826
-162.397
-239.177
111.413
-1017.16
-470.187
-13.5405
-105.539
-142.983
-142.305
-152.935
-157.824
-157.408
-160.278
-156.586
-164.926
-162.063
-240.088
109.343
-1007.7
-470.4
-13.9633
-105.677
-143.319
-142.405
-152.844
-157.647
-157.327
-160.337
-156.446
-164.854
-161.331
-240.159
110.157
-1000.77
-571.498
-41.3913
-113.025
-165.93
-155.238
-166.064
-172.133
-169.551
-178.108
-170.317
-190.84
-186.084
-327.835
109.552
-1430.37
-571.559
-41.1341
-112.983
-165.745
-155.175
-166.178
-172.182
-169.586
-177.474
-170.13
-189.78
-186.366
-324.708
114.72
-1425.2
-571.777
-40.9693
-112.962
-165.664
-155.193
-166.259
-172.151
-169.552
-176.99
-170.133
-189.306
-187.661
-322.81
117.483
-1419.92
-571.951
-40.7953
-112.97
-165.554
-155.19
-166.375
-172.168
-169.583
-176.714
-170.206
-188.489
-187.34
-319.712
121.28
-1411.29
-572.226
-40.7869
-113.019
-165.517
-155.23
-166.494
-172.183
-169.688
-176.47
-170.246
-187.852
-187.752
-316.738
124.572
-1403.48
-572.477
-40.7981
-113.093
-165.524
-155.26
-166.594
-172.219
-169.77
-175.884
-170.137
-187.016
-188.124
-314.313
127.131
-1393.86
-572.775
-40.8801
-113.214
-165.606
-155.305
-166.687
-172.285
-169.814
-175.505
-170.09
-186.473
-188.452
-312.124
128.77
-1383.29
-573.024
-40.8965
-113.309
-165.724
-155.377
-166.756
-172.316
-169.763
-175.076
-170.006
-186.369
-189.434
-310.243
129.607
-1372.72
-573.242
-40.882
-113.377
-165.866
-155.557
-166.919
-172.471
-169.951
-175.299
-170.098
-186.34
-189.156
-308.42
130.799
-1362.43
-573.408
-40.8757
-113.425
-166.025
-155.732
-167.044
-172.56
-170.094
-175.784
-170.349
-186.708
-189.028
-307.868
130.196
-1349.58
-573.592
-40.9992
-113.543
-166.262
-155.936
-167.128
-172.635
-170.106
-176.256
-170.489
-187.326
-188.893
-308.161
127.338
-1335.3
-573.738
-41.1098
-113.655
-166.469
-156.07
-167.156
-172.711
-170.093
-176.473
-170.514
-187.946
-189.284
-309.09
124.773
-1320.83
-573.948
-41.4058
-113.831
-166.767
-156.266
-167.18
-172.749
-170.033
-176.402
-170.223
-188.334
-188.666
-309.792
123.506
-1310.07
-574.054
-41.544
-113.924
-166.941
-156.349
-167.179
-172.824
-170.105
-176.747
-170.349
-189.202
-188.143
-312.914
120.945
-1295.32
-574.277
-41.9262
-114.103
-167.289
-156.571
-167.187
-172.811
-170.102
-177.097
-170.368
-189.719
-187.289
-314.87
123.676
-1283.56
-685.52
-70.4148
-125.169
-194.747
-176.823
-187.018
-196.021
-188.44
-206.797
-190.408
-236.838
-213.242
-449.91
141.673
-1872.11
-685.678
-70.2082
-125.147
-194.62
-176.711
-187.081
-195.866
-188.458
-205.552
-190.157
-234.297
-212.645
-443.431
147.067
-1865.88
-686.023
-70.0343
-125.13
-194.56
-176.699
-187.155
-195.749
-188.445
-204.555
-190.097
-232.431
-214.511
-439.172
154.919
-1858.62
-686.289
-69.8811
-125.186
-194.522
-176.691
-187.284
-195.654
-188.555
-203.886
-190.457
-230.526
-217.108
-430.964
161.723
-1845.51
-686.669
-69.8441
-125.283
-194.56
-176.751
-187.45
-195.672
-188.859
-203.566
-190.808
-228.753
-217.787
-422.865
164.879
-1830.84
-687.008
-69.798
-125.428
-194.658
-176.842
-187.608
-195.705
-189.062
-202.788
-190.859
-227.431
-219.748
-418.58
167.641
-1810.64
-687.393
-69.8242
-125.625
-194.827
-176.993
-187.789
-195.863
-189.265
-202.397
-191.074
-226.628
-220.756
-413.6
169.002
-1793.01
-687.717
-69.842
-125.786
-195.01
-177.192
-187.964
-196.009
-189.268
-201.971
-191.177
-227.037
-222.924
-411.84
170.417
-1775.44
-688.023
-69.9509
-125.9
-195.213
-177.491
-188.273
-196.43
-189.694
-202.68
-191.499
-227.284
-222.418
-409.729
170.772
-1755.59
-688.271
-70.0839
-125.986
-195.438
-177.798
-188.556
-196.804
-190.043
-203.684
-191.989
-228.495
-222.59
-412.415
170.692
-1735.65
-688.546
-70.3298
-126.145
-195.752
-178.163
-188.809
-197.182
-190.154
-204.61
-192.105
-230.166
-221.644
-416.395
172.803
-1718.71
-688.754
-70.5149
-126.279
-196.034
-178.464
-188.985
-197.534
-190.188
-205.329
-192.209
-232.266
-219.244
-424.726
172.707
-1695.48
-689.033
-70.8461
-126.486
-196.408
-178.854
-189.176
-197.904
-190.21
-205.916
-192.252
-235.409
-219.695
-433.964
169.479
-1669.07
-689.169
-70.9912
-126.597
-196.633
-179.077
-189.291
-198.205
-190.337
-206.789
-192.165
-236.879
-217.847
-441.329
163.01
-1626.1
-689.439
-71.3665
-126.806
-197.027
-179.499
-189.498
-198.549
-190.451
-207.726
-192.008
-237.871
-214.241
-443.567
167.898
-1604.29
-808.807
-102.98
-139.483
-228.161
-205.883
-215.285
-231.578
-214.456
-253.012
-214.049
-311.247
-219.577
-607.245
222.433
-2588.14
-809.087
-102.794
-139.497
-228.097
-205.729
-215.291
-231.047
-214.491
-250.482
-214.531
-305.256
-227.314
-589.472
223.715
-2528.81
-809.578
-102.599
-139.495
-228.085
-205.699
-215.371
-230.788
-214.685
-248.759
-215.737
-302.149
-231.605
-589.405
219.475
-2488.42
-809.967
-102.459
-139.602
-228.148
-205.697
-215.54
-230.48
-214.971
-247.027
-216.584
-296.857
-236.023
-578.327
229.093
-2439.63
-810.483
-102.424
-139.743
-228.296
-205.815
-215.8
-230.487
-215.662
-246.433
-218.098
-293.578
-245.855
-562.485
235.417
-2412.49
-810.946
-102.399
-139.939
-228.519
-206.021
-216.101
-230.575
-216.205
-245.557
-218.952
-290.844
-250.177
-550.887
240.151
-2374.46
-811.448
-102.494
-140.184
-228.822
-206.35
-216.463
-230.921
-216.742
-245.267
-219.755
-290.151
-254.445
-543.032
241.858
-2344.55
-811.884
-102.607
-140.407
-229.126
-206.746
-216.84
-231.346
-216.952
-245.085
-220.341
-291.409
-256.93
-544.255
242.39
-2310.08
-812.323
-102.823
-140.62
-229.437
-207.246
-217.381
-232.262
-217.836
-246.796
-221.323
-292.955
-258.435
-545.745
247.281
-2290.86
-812.7
-103.027
-140.802
-229.758
-207.768
-217.905
-233.177
-218.499
-248.699
-221.771
-295.706
-256.423
-560.455
242.816
-2250.59
-813.104
-103.343
-141.046
-230.183
-208.396
-218.433
-234.164
-218.867
-250.786
-222.142
-300.192
-251.605
-575.015
215.849
-2186.81
-813.406
-103.579
-141.236
-230.561
-208.95
-218.856
-235.074
-219.027
-252.583
-222.465
-305.49
-252.809
-577.037
205.301
-2137.03
-813.769
-103.982
-141.505
-231.049
-209.635
-219.341
-236.09
-219.136
-254.25
-221.46
-308.897
-242.594
-581.786
208.604
-2117.73
-813.944
-104.176
-141.64
-231.343
-210.055
-219.656
-236.858
-219.431
-256.391
-221.211
-314.946
-237.835
-628.003
218.036
-2091.07
-814.261
-104.623
-141.902
-231.835
-210.765
-220.203
-237.921
-219.897
-258.832
-221.089
-320.376
-238.701
-671.647
221.193
-2064.32
-940.877
-145.365
-157.786
-269.875
-246.217
-254.486
-285.019
-252.57
-328.052
-247.696
-438.306
-200.157
-963.206
381.665
-3409.85
-941.298
-145.219
-157.827
-269.897
-246.04
-254.451
-283.86
-252.297
-322.071
-247.085
-414.486
-209.063
-764.672
403.115
-3434.81
-941.962
-144.997
-157.847
-269.971
-246.02
-254.559
-283.315
-252.551
-318.283
-248.973
-401.953
-241.18
-743.636
404.939
-3335.65
-942.52
-144.867
-158.014
-270.156
-246.071
-254.829
-282.734
-253.111
-315.052
-251.339
-395.412
-256.659
-727.297
380.803
-3244.4
-943.206
-144.858
-158.211
-270.438
-246.319
-255.263
-282.725
-254.229
-313.464
-253.523
-388.634
-263.404
-714.043
382.549
-3175.39
-943.84
-144.89
-158.467
-270.822
-246.721
-255.818
-283.002
-255.386
-312.477
-256.031
-385.624
-278.164
-708.186
380.841
-3105.57
-944.506
-145.079
-158.777
-271.303
-247.326
-256.487
-283.769
-256.517
-312.605
-257.886
-384.581
-283.911
-699.704
380.799
-3051.69
-945.109
-145.292
-159.085
-271.786
-248.028
-257.187
-284.799
-257.233
-313.4
-259.913
-389.984
-289.699
-714.415
376.007
-3002.61
-945.721
-145.615
-159.427
-272.284
-248.857
-258.064
-286.556
-258.734
-316.725
-261.091
-394.582
-284.133
-767.924
348.206
-2906.84
-946.254
-145.916
-159.738
-272.768
-249.727
-258.922
-288.479
-259.971
-321.181
-262.637
-403.522
-281.029
-800.319
303.09
-2763.03
-946.796
-146.354
-160.113
-273.366
-250.764
-259.833
-290.552
-260.733
-325.588
-263.029
-410.235
-281.682
-763.378
330.195
-2763.6
-947.2
-146.705
-160.4
-273.879
-251.691
-260.596
-292.498
-261.108
-329.601
-262.448
-418.082
-246.67
-836.843
369.787
-2763.06
-947.646
-147.249
-160.781
-274.536
-252.819
-261.519
-294.81
-261.834
-335.026
-262.495
-445.863
-236.713
-1088.02
358.634
-2745.78
-947.867
-147.535
-160.967
-274.92
-253.516
-262.114
-296.483
-262.628
-340.017
-262.451
-460.662
-204.587
-1341.22
258.236
-2416.2
-948.228
-148.113
-161.331
-275.564
-254.638
-263.13
-298.864
-263.901
-345.919
-262.177
-469.22
-178.204
-1307.45
319.984
-2334.48
-1074.85
-196.744
-177.101
-316.404
-292.87
-297.882
-350.12
-297.671
-431.73
-277.114
-647.938
-120.293
-1555.71
185.484
-4430.77
-1075.45
-196.654
-177.186
-316.55
-292.728
-297.937
-348.353
-297.53
-421.332
-280.441
-598.421
-134.897
-1360.26
259.277
-4633.85
-1076.32
-196.403
-177.242
-316.741
-292.787
-298.154
-347.521
-297.967
-413.839
-284.642
-549.529
-175.701
-1016.57
430.207
-4583.14
-1077.1
-196.306
-177.484
-317.086
-292.964
-298.63
-346.616
-298.856
-406.418
-290.262
-515.26
-260.153
-951.149
507.427
-4291.07
-1078
-196.345
-177.76
-317.547
-293.437
-299.362
-346.785
-300.802
-404.305
-296.122
-514.104
-293.926
-928.453
483.247
-4205.67
-1078.86
-196.455
-178.108
-318.132
-294.14
-300.286
-347.462
-302.733
-402.704
-299.9
-508.648
-297.545
-909.386
507.331
-4044.56
-1079.75
-196.746
-178.53
-318.835
-295.14
-301.408
-349.002
-304.864
-403.943
-304.36
-508.272
-317.705
-886.552
523.533
-3982.41
-1080.58
-197.078
-178.966
-319.555
-296.285
-302.568
-351.021
-306.269
-406.021
-306.813
-515.249
-321.263
-919.869
515.584
-3899.88
-1081.4
-197.558
-179.473
-320.329
-297.619
-303.911
-354.088
-308.805
-412.754
-310.489
-530.576
-319.113
-989.182
444.683
-3691.29
-1082.12
-198.031
-179.945
-321.065
-299.01
-305.204
-357.485
-310.748
-420.208
-311.997
-533.456
-306.787
-925.049
497.338
-3695.4
-1082.82
-198.671
-180.498
-321.926
-300.642
-306.62
-361.203
-312.163
-428.104
-311.977
-544.314
-272.017
-1101.39
534.832
-3711.56
-1083.36
-199.203
-180.924
-322.637
-302.092
-307.806
-364.72
-312.996
-436.537
-311.458
-578.671
-253.394
-1439.89
401.858
-3640.72
-1083.91
-199.943
-181.474
-323.529
-303.837
-309.273
-368.815
-314.514
-446.092
-309.605
-600.661
-179.505
-1557.28
270.185
-3186.7
-1084.2
-200.356
-181.744
-324.032
-304.901
-310.172
-371.619
-315.768
-453.597
-307.778
-612.421
-155.757
-1273.16
259.13
-3031.03
-1084.63
-201.102
-182.267
-324.884
-306.587
-311.737
-375.696
-318.042
-463.089
-307.708
-623.281
-176.853
-1010.18
321.591
-3045.2
-1211.66
-268.944
-206.15
-376.564
-361.377
-359.723
-441.521
-359.937
-556.616
-308.556
-819.609
-133.155
-1723.37
268.043
-5363.21
-1212.44
-268.941
-206.3
-376.907
-361.433
-360.19
-440.109
-361.248
-547.488
-317.194
-785.014
-102.798
-1703.33
206.524
-5322.07
-1213.51
-268.679
-206.41
-377.277
-361.718
-360.763
-439.792
-362.987
-541.172
-329.775
-732.93
-151.345
-1572.48
365.142
-5633.67
-1214.53
-268.651
-206.749
-377.868
-362.213
-361.73
-439.505
-365.249
-532.85
-340.67
-678.617
-244.039
-1255.9
599.631
-5382.59
-1215.66
-268.769
-207.134
-378.584
-363.098
-362.989
-440.566
-368.619
-531.106
-354.633
-665.84
-333.587
-1191.56
659.206
-5169.98
-1216.78
-268.995
-207.621
-379.448
-364.312
-364.539
-442.601
-372.37
-533.189
-363.542
-679.474
-350.132
-1148.66
699.269
-5103.98
-1217.91
-269.419
-208.21
-380.436
-365.918
-366.276
-445.622
-375.561
-536.819
-369.505
-679.509
-349.658
-1194.04
756.436
-5025.77
-1218.99
-269.913
-208.836
-381.449
-367.766
-368.036
-449.664
-378.163
-544.749
-375.526
-712.13
-358.444
-1267.2
763.715
-4879.17
-1220.04
-270.586
-209.567
-382.552
-369.902
-369.91
-454.72
-381.449
-554.805
-380.329
-711.826
-343.989
-1231.46
817.982
-4825.05
-1220.96
-271.267
-210.259
-383.579
-372.126
-371.656
-460.547
-384.155
-569.444
-383.126
-746.211
-347.603
-1608.21
803.662
-4828.08
-1221.84
-272.127
-211.06
-384.74
-374.658
-373.552
-466.689
-385.974
-581.913
-380.501
-764.993
-294.923
-1950.64
629.453
-4469.96
-1222.52
-272.855
-211.692
-385.666
-376.891
-375.086
-472.499
-387.094
-595.439
-377.728
-789.872
-222.651
-1766.23
544.072
-4081.35
-1223.2
-273.793
-212.483
-386.811
-379.501
-377.018
-478.949
-389.136
-610.292
-376.509
-821.945
-243.805
-1472.46
533.757
-3931.67
-1223.57
-274.341
-212.885
-387.428
-381.071
-378.1
-483.086
-390.377
-619.024
-374.615
-816.401
-261.124
-1177.48
583.879
-3983.34
-1224.06
-275.254
-213.636
-388.498
-383.498
-380.103
-489.056
-393.047
-630.917
-375.045
-812.142
-269.155
-1104.97
718.962
-3901.43
-1334.26
-350.786
-235.992
-437.593
-429.381
-414.33
-523.914
-416.728
-659.06
-352.54
-919.548
-220.403
-1157.8
-116.17
-10105.4
-1335.23
-350.923
-236.236
-438.204
-429.815
-415.343
-524.08
-418.928
-661.448
-356.179
-969.546
-182.645
-1874.63
-375.985
-7900.24
-1336.54
-350.706
-236.416
-438.811
-430.439
-416.349
-524.92
-421.579
-660.77
-368.896
-944.786
-127.253
-1882.99
39.2553
-7135.47
-1337.82
-350.81
-236.881
-439.731
-431.417
-417.94
-526.21
-425.079
-657.938
-382.585
-898.187
-197.21
-2026.49
161.19
-6883.05
-1339.22
-351.068
-237.406
-440.781
-432.854
-419.823
-528.754
-429.296
-658.049
-399.524
-850.985
-270.892
-1724.62
402.369
-6789
-1340.62
-351.481
-238.075
-442.016
-434.759
-422.138
-532.789
-434.826
-665.834
-420.044
-879.249
-399.673
-1756.52
702.789
-6569.86
-1342.04
-352.111
-238.883
-443.386
-437.178
-424.616
-538.142
-439.538
-677.43
-432.661
-928.139
-393.373
-1863.87
752.684
-6532.33
-1343.4
-352.843
-239.758
-444.79
-440.009
-427.136
-545.22
-443.696
-694.43
-441.439
-986.751
-399.009
-1880.45
989.226
-6374.54
-1344.72
-353.779
-240.774
-446.306
-443.259
-429.677
-553.058
-447.679
-708.668
-449.684
-967.219
-394.525
-2272.78
732.239
-6313.07
-1345.9
-354.728
-241.757
-447.708
-446.698
-432.088
-562.791
-451.93
-737.908
-452.471
-1053.94
-287.63
-2772.61
474.424
-5485.18
-1347.01
-355.869
-242.883
-449.247
-450.509
-434.624
-572.587
-454.827
-758.484
-447.83
-1063.39
-245.901
-2365.83
540.396
-5266.22
-1347.88
-356.85
-243.79
-450.453
-453.883
-436.656
-582.101
-457.476
-783.553
-450.318
-1131.61
-313.77
-2035.42
625.604
-5351.71
-1348.71
-358.052
-244.904
-451.912
-457.698
-439.173
-591.937
-460.508
-805.533
-452.133
-1157.07
-332.757
-1966.87
691.334
-5252.89
-1349.19
-358.778
-245.487
-452.682
-460.016
-440.489
-598.383
-462.162
-821.349
-455.609
-1172.49
-354.332
-2104.3
690.23
-5055.13
-1349.78
-359.922
-246.54
-454.016
-463.483
-443.021
-607.369
-465.705
-842.682
-460.973
-1211.74
-358.381
-2393.2
680.557
-4885.46
-1433.39
-492.518
-296.743
-518.994
-559.982
-519.02
-690.901
-523.993
-828.801
-430.359
-1003.36
-142.393
-1648.26
2517.01
-12959.6
-1434.44
-492.877
-297.076
-519.973
-560.865
-521.182
-693.768
-530.166
-846.349
-448.08
-1126.58
-125.807
-2081.22
559.121
-11762.4
-1435.8
-492.824
-297.327
-520.904
-561.945
-523.086
-697.099
-535.278
-863.039
-456.183
-1253.03
-90.1965
-2604.55
181.147
-9358.11
-1437.24
-493.163
-297.889
-522.255
-563.562
-525.864
-701.353
-542.61
-875.888
-482.321
-1248.26
-130.685
-2732.85
664.362
-7939.84
-1438.77
-493.668
-298.544
-523.705
-565.752
-528.704
-706.868
-549.1
-890.461
-510.479
-1253.3
-293.051
-2705.8
657.744
-8134.24
-1440.33
-494.38
-299.41
-525.345
-568.588
-531.91
-713.823
-556.035
-901.821
-525.968
-1202.24
-324.652
-2657.51
1066.24
-8190.43
-1441.91
-495.302
-300.488
-527.076
-572.176
-535.057
-722.949
-562.36
-927.665
-555.719
-1379.36
-522.088
-3032.32
1101.12
-7756.87
-1443.44
-496.338
-301.708
-528.781
-576.482
-537.977
-735.128
-567.05
-961.604
-563.42
-1471.01
-430.732
-3369.43
1137.62
-7173.02
-1444.91
-497.559
-303.155
-530.555
-581.473
-540.66
-748.128
-569.891
-985.6
-578.103
-1419.2
-517.388
-3488.73
1266.14
-6894.82
-1446.24
-498.788
-304.612
-532.11
-586.889
-542.816
-765.043
-571.033
-1044.03
-562.994
-1605.12
-417.828
-3050.72
967.479
-7188.59
-1447.47
-500.175
-306.283
-533.781
-592.826
-544.994
-781.816
-569.937
-1084.14
-541.949
-1634.1
-377.488
-2873.99
1237.2
-7269.13
-1448.46
-501.379
-307.688
-535.011
-598.19
-546.51
-798.808
-569.798
-1142.3
-532.2
-1856.92
-408.759
-3659.59
1473.29
-6857.41
-1449.36
-502.759
-309.368
-536.539
-604.065
-548.671
-815.834
-570.303
-1190.45
-524.427
-1991.11
-411.088
-4325.48
1490.29
-6269.98
-1449.92
-503.624
-310.299
-537.262
-607.748
-549.45
-827.259
-568.912
-1225.02
-518.804
-2079.03
-431.45
-4772.92
1359.67
-5713.55
-1450.52
-504.889
-311.881
-538.661
-612.949
-551.725
-842.655
-570.129
-1273.39
-511.449
-2209.56
-372.858
-5214.41
1305.43
-5415.56
-1577.73
-2237.56
-2890.25
-3760.92
-4888.8
-6297.01
-8226.25
-10531.7
-13967.4
-17639.3
-24894.1
-27494.2
-52821.4
-43198.6
-139854
-613.28
-807.244
-948.951
-1217.54
-1571.88
-2028.22
-2680.65
-3444.11
-4700.37
-5975.45
-9024.48
-11781.5
-15910.6
-26308
-19504.5
-397.83
-559.896
-710.136
-953.948
-1243.22
-1633.93
-2125.05
-2819.75
-3679.73
-5132.1
-6705.89
-10446.1
-12633.2
-26162.4
-2436.8
-595.977
-835.031
-1069.76
-1412.02
-1848.03
-2435.72
-3164.98
-4147.28
-5342.36
-7022.34
-8990.49
-11497.4
-14002.4
-15264.9
-13264.9
-652.97
-919.03
-1184.08
-1560.99
-2031.65
-2630.45
-3331.56
-4235.87
-5259.54
-6658.38
-7880.66
-9959.11
-10022.5
-13637.5
-10064
-573.666
-810.339
-1033.23
-1372.9
-1833.71
-2421.87
-3092.98
-3945.45
-4891.87
-6118.96
-7143.19
-9071.43
-9162.01
-12864.9
-10274.2
-789.729
-1154.2
-1532.26
-2088.01
-2706.68
-3372.9
-4075.81
-4914.22
-5788.04
-6772.86
-7443.85
-8432.65
-7737.12
-9195.71
-5806.16
-584.8
-835.499
-1032.86
-1401.91
-1922.91
-2529.51
-3130.04
-3847.79
-4573.6
-5065.79
-5510.28
-6641.43
-5725.98
-12393.3
-7607.7
-942.696
-1449.97
-2045.39
-3241.74
-3980.76
-4560.74
-5244.91
-5879.69
-6371.21
-6670.12
-7363.7
-7419.39
-7940.86
-11043.5
861.502
-512.813
-707.661
-586.422
-1253.34
-1967.28
-2806.92
-3688.03
-4237.08
-4713.63
-3325.49
-3664.97
-306.677
-2017.62
13532.9
12969.4
-1415.78
-2164.27
-3557.26
-6475.52
-7181.61
-7788.52
-8523.79
-7927.34
-6378.6
-5195.15
-7248.45
-5090.51
-9303.65
4482.62
-9096.45
-396.185
116.674
1198.65
-718.32
-1547.23
-2220.32
-1556.14
-1449.19
-2424.14
-595.371
555.753
-219.056
150.653
5831.92
-4844.33
-2152.87
-1513.31
-4674.84
-13122.6
-12834.9
-12563.6
-13571
-10388
-3510
-3289.32
-12410.6
-19374.2
-22341.5
-14826.2
12937
4314.09
4976.59
1769.55
988.635
650.946
1704.48
7357.52
217.283
4922.02
5229.21
-9326.75
-3101.92
-2086.75
-2339.7
-35642.3
-18269.3
-17608.8
-12919.7
-8828.86
-12977.2
-17044.8
-15504.1
-18348.5
-21849.3
-19330.6
-13855.7
-7531.05
-5827.53
-27916.6
-68683.9
-1578.91
-2239.55
-2892.8
-3764.5
-4892.43
-6301.3
-8224.35
-10524.7
-13952.7
-17612.7
-24853.8
-27464.4
-52515.9
-43027.8
-136565
-613.877
-808.126
-949.873
-1218.27
-1571.32
-2025.13
-2673.62
-3429.7
-4672.77
-5932.45
-8953.64
-11697.9
-15909.7
-25763.2
-19885.8
-398.167
-560.147
-709.971
-952.746
-1240.22
-1627.99
-2113.69
-2801.02
-3649.1
-5091.32
-6649.65
-10378.7
-12617.8
-25921.4
-4159.84
-597.419
-837.252
-1072.74
-1414.51
-1847.55
-2428.41
-3144.07
-4109.53
-5281.08
-6948.56
-8887.01
-11408.6
-13845.7
-15275.6
-13583.2
-653.747
-918.98
-1181.67
-1552.48
-2014.37
-2599.96
-3278.44
-4158.76
-5153.13
-6544.67
-7731.33
-9833.59
-9855.57
-13547.3
-9822.61
-576.619
-815.063
-1040.26
-1377.21
-1828.96
-2393.42
-3023.32
-3836.77
-4748.07
-5989
-6987.51
-9044.29
-9028.63
-13123.4
-10268
-791.094
-1152.17
-1519.66
-2045.81
-2636.87
-3265.4
-3908.71
-4709.04
-5568.56
-6595.21
-7222.58
-8321.58
-7254.38
-9103.28
-3043.39
-590.101
-845.382
-1047.59
-1406.03
-1911.81
-2443.69
-2929.79
-3595.42
-4324.95
-4912.27
-5368.15
-6802.77
-5420.66
-13397.8
-9260.57
-943.891
-1449.75
-2000.43
-3083.44
-3777.02
-4256.55
-4814.98
-5479.47
-6103.6
-6548.51
-7325.02
-7524.62
-7494.31
-10635.4
18686.5
-516.182
-751.323
-675.505
-1306.47
-1996.57
-2765.09
-3397.41
-3983.55
-4578.55
-3433.03
-4151.23
-380.69
-3538.6
14926.5
12376.9
-1507.37
-2324.39
-3277.9
-6106.39
-7104.74
-7677.51
-8474.3
-8181.55
-6728.01
-5454.96
-7594.33
-4447.87
-10032.4
5156.51
-29957.7
-164.165
-313.434
434.611
-1082.17
-1921.68
-2641.96
-2224.07
-3197.04
-2709.22
-885.76
-1076.93
-4296.68
-7273.18
6225.01
-15920.2
-3005.5
-3156.17
-4191.14
-12002.5
-12555
-12165.3
-13127
-10103.2
-2043.83
-3920
-13235
-17913.1
-22231.8
-16014.5
347.53
252.817
-183.221
1492.77
2306.46
1240.41
2095.21
6680.54
1628.64
5900.58
2583.84
-11427.9
-1534.25
2018.07
3591.62
-31019.5
-18036.7
-17714.5
-13600
-8649.42
-12585
-17258
-15960
-18415.6
-21068.3
-19292.1
-13820.4
-8082.22
-6644.26
-23658
-69493.4
-1580.38
-2242.02
-2896.04
-3769.19
-4897.31
-6307.81
-8224.84
-10521.5
-13942.4
-17594.9
-24817.8
-27443.1
-52454
-42923.6
-137158
-613.994
-808.221
-949.718
-1217.66
-1569.54
-2021.25
-2668.65
-3420.13
-4654.4
-5907.35
-8907.27
-11635
-15850.8
-25655.1
-19184.5
-398.463
-560.407
-710.006
-952.132
-1238.61
-1624.46
-2107.1
-2790.29
-3632.27
-5070.8
-6620.13
-10341.5
-12566
-25858
-3633.37
-598.787
-839.358
-1075.53
-1417.01
-1847.95
-2424.27
-3131.63
-4087.76
-5245.93
-6909.99
-8830.86
-11366
-13760.8
-15293.3
-13205.6
-654.894
-919.767
-1181.02
-1547.67
-2004.4
-2582.15
-3247.31
-4116.01
-5095.85
-6491.86
-7657.14
-9792.43
-9769.02
-13515.6
-9376.28
-579.158
-819.355
-1046.89
-1381.48
-1826.81
-2377.01
-2985.63
-3784.35
-4682.06
-5945.78
-6922.84
-9077.96
-8970.67
-13303.9
-10230.8
-793.722
-1152.78
-1512.57
-2015.69
-2598.28
-3211.83
-3821.46
-4611.9
-5472.87
-6543.9
-7134.18
-8380.99
-7036.4
-9290.65
-3264.72
-593.357
-853.455
-1061.2
-1408.68
-1906.18
-2392.72
-2841.98
-3521.1
-4264.86
-4915.92
-5313.27
-6953.91
-5131.02
-14061.1
-9245.34
-947.137
-1452.5
-1956.02
-2933.32
-3712.49
-4203.62
-4687.41
-5416.34
-6101.23
-6635.76
-7485.5
-7962.4
-7551.43
-11532
18195.9
-484.605
-770.853
-729.442
-1311.15
-1970.68
-2691.66
-3311.34
-3969.7
-4653.18
-3649.34
-4184.63
-882.44
-3518.02
12972.1
5407.73
-1708.81
-2302.34
-2791.92
-5532.64
-7144.62
-8367.29
-9545.04
-8948.26
-7037.12
-5590.16
-8090.55
-5817.87
-9137.42
2181.95
-34244.7
70.6581
-174.682
129.088
-1045.47
-2115.1
-3393.44
-3198.18
-3929.99
-2536.33
-709.143
-559.154
-2533.16
-7333.71
5327.87
-19645
-4274.28
-4220.8
-3046.04
-10893.7
-12900.8
-12095.4
-13439.6
-10314.4
-1729.67
-4236.36
-10708.1
-15752.9
-21351.1
-17923
-5783.88
-1290.41
-2169.19
-85.3963
3338.03
1884.68
1810.25
5834.2
3523.63
6777.28
1772.19
-9984.76
-2239.87
1912.3
6878.93
-27252.2
-12453.6
-13745.7
-15417.2
-9773.03
-13001.4
-18344.3
-17826.7
-19794.7
-21030.2
-20296.1
-12639.7
-8363.1
-9159.49
-18477.3
-67818.1
-1582
-2244.81
-2899.68
-3774.36
-4902.76
-6315.46
-8226.46
-10516.7
-13926
-17564.9
-24768.3
-27381.4
-52294.9
-42854.9
-136703
-614.588
-809.081
-950.494
-1218.12
-1568.36
-2016.51
-2661.15
-3405.42
-4627.74
-5868.32
-8845.78
-11543.6
-15759.3
-25377.9
-18580.6
-399.105
-561.133
-710.446
-951.592
-1236.22
-1618.89
-2095.85
-2771.63
-3603.09
-5031.45
-6567.22
-10266.5
-12499.3
-25606.5
-3431.4
-600.713
-842.432
-1079.62
-1420.78
-1848.37
-2416.92
-3110.49
-4050.33
-5186.3
-6838.62
-8730.76
-11274.8
-13614
-15165.3
-13055.5
-656.666
-921.05
-1179.76
-1539.96
-1986.83
-2549.13
-3191.35
-4037.76
-4991.52
-6384.65
-7514.95
-9687.87
-9580.17
-13369.2
-9022.72
-583.024
-825.954
-1056.26
-1388.06
-1822.03
-2346.26
-2917.69
-3684.89
-4554.1
-5837.52
-6781.74
-9059.67
-8800.87
-13465.7
-10277.6
-798.45
-1153.38
-1498.18
-1966.74
-2516.54
-3083.06
-3639.65
-4407.92
-5265.79
-6389.16
-6925.93
-8398.63
-6557.19
-9617.23
-3335.55
-601.453
-867.281
-1082.36
-1414.94
-1888.87
-2297.37
-2679.66
-3350.53
-4095.33
-4830.99
-5162.92
-7061.94
-4567.95
-15073.4
-10267.2
-965.892
-1440.89
-1870.9
-2685.7
-3438.5
-3718.46
-4210.68
-5097.07
-5959.5
-6659.04
-7628.87
-8326.57
-7428.25
-13752.3
17779.7
-497.208
-744.062
-819.975
-1280.08
-1875.21
-2758.05
-3332.62
-4055.66
-4872.89
-3915.35
-4402.3
-1003.44
-3197.33
9923.39
2526.39
-1708.38
-2599.79
-2627.57
-4884.57
-6959.04
-7803.99
-8995.99
-10053.1
-7768.03
-6517.71
-8954.61
-7292.35
-8988.34
-3211.1
-32443.6
207.67
-347.989
-145.311
-937.986
-2074.78
-3140.22
-3021.63
-3943.27
-2218.2
-737.761
-900.794
-2962.67
-5982.12
3147.79
-19544
-3960.49
-3188.35
-2712.69
-9671.6
-12456.9
-13833.6
-15619.8
-11730.5
-2561.11
-5713.02
-11105.8
-14124.1
-19749.5
-19059.8
-8377.51
102.397
-709.877
77.2937
3480.07
2504.34
1114.23
2947.25
2608.88
6234.96
-380.282
-9845.19
-2303.02
2023.43
6816.83
-19144.8
-8824.44
-11225.2
-15189.2
-10702.3
-13570.6
-18623.9
-18118.3
-19287.7
-20320.9
-21074.7
-11346.3
-8435.74
-11934.5
-16793.9
-63562.8
-1583.72
-2247.76
-2903.66
-3779.94
-4908.37
-6324.37
-8232.69
-10514.1
-13911.5
-17536.4
-24720.6
-27322.3
-52185.7
-42731.6
-136327
-615.343
-810.161
-951.527
-1218.96
-1567.6
-2012.3
-2655.18
-3394.69
-4608.56
-5841.54
-8801.38
-11474.4
-15698.6
-25224.8
-18658.5
-399.911
-562.125
-711.364
-951.849
-1234.82
-1614.78
-2087.75
-2757.59
-3581.57
-5002.5
-6530.06
-10210.4
-12449.8
-25442.5
-3500.84
-602.75
-845.685
-1084.11
-1425.41
-1850.16
-2412.06
-3095.31
-4022.73
-5142.73
-6787.29
-8658.35
-11207.1
-13505.8
-15058
-13070.7
-659.273
-923.713
-1181.08
-1536.55
-1974.72
-2523.44
-3147.36
-3976.22
-4911.76
-6305.29
-7411.66
-9619.86
-9436.67
-13235.9
-8760.34
-586.838
-832.223
-1066.01
-1397.85
-1820.76
-2323.74
-2869.98
-3615.54
-4466.9
-5770.35
-6695.2
-9066.29
-8637.9
-13610.5
-10292.3
-804.879
-1159.36
-1498.87
-1941.04
-2450.01
-2971.21
-3476.51
-4220.73
-5081.7
-6252.17
-6738.67
-8441.74
-6054.37
-10080.2
-3286.32
-608.268
-879.922
-1100.9
-1438.01
-1877.23
-2218.93
-2574.6
-3230.02
-3968.27
-4781.81
-5063.19
-7161.16
-3999.04
-16279.7
-11352.9
-979.733
-1479.73
-1909.99
-2604.15
-3084.91
-3302.72
-3748.25
-4713.45
-5787.99
-6660.13
-7751.03
-8474.83
-7307.37
-17527.8
21192.3
-551.511
-851.487
-947.175
-1320.4
-1949.09
-2645.98
-3006.92
-3981.96
-4973.05
-4206.04
-4636.91
-513.624
-3341.18
5890.79
6034.48
-1495.73
-2391.89
-2788.04
-4660.51
-6540.82
-6841.49
-7069.97
-9043.14
-8215.94
-7797.5
-9720.06
-7585.91
-9884.88
-9718.69
-27296.4
31.962
-210.873
-127.737
-1068.03
-1815.84
-1558.45
-1181.12
-4447.85
-2536.79
-934.818
-1263.66
-2089.61
-4061.14
220.55
-15639.2
-4577.63
-4480.79
-3381.48
-8811.53
-14323.6
-14212.9
-14360
-11123.1
-4300.68
-7901.43
-10567.7
-11866.3
-16907.2
-19540.7
-8647.73
-446.01
-518.284
-617.523
3730.3
2823.32
2050.16
2310.49
3987.97
6086.42
-1883
-8432.28
-1322.83
2508.88
5729.57
-10699.3
-8994.37
-9326.98
-14941.1
-11501.5
-12417.4
-16038.4
-16191.7
-20429.1
-20576.9
-22045.7
-10579.8
-9219.18
-14469.4
-17655
-59383.7
-1585.48
-2250.81
-2907.92
-3786.18
-4914.38
-6333.22
-8242.21
-10510.7
-13894
-17504.8
-24666.8
-27260.8
-52050.3
-42608.3
-135955
-616.345
-811.653
-953.065
-1220.5
-1567.65
-2009.11
-2648.98
-3385.62
-4590.98
-5815.5
-8754.03
-11405.2
-15598
-25066.5
-18410.4
-401.003
-563.499
-712.727
-952.682
-1233.83
-1610.46
-2079.61
-2742.3
-3557.83
-4967.12
-6487.68
-10138.7
-12405.8
-25254.1
-3503.3
-605.012
-849.4
-1089.32
-1430.96
-1852.54
-2406.76
-3079.16
-3991.87
-5094.72
-6724.69
-8574.87
-11110.4
-13380
-14888.8
-13053.2
-662.74
-927.473
-1183.49
-1533.72
-1961.04
-2493.49
-3098.13
-3905.31
-4819.29
-6203.25
-7289.77
-9515.3
-9274.27
-13016.3
-8558.89
-591.252
-839.641
-1077.98
-1408.34
-1815.66
-2293.73
-2814.68
-3534.71
-4365.35
-5676.37
-6581.86
-9009.62
-8405.72
-13614.2
-10192.7
-813.24
-1164.7
-1495.92
-1903.36
-2361.19
-2833.79
-3299.17
-4003.87
-4838
-6028.44
-6475.6
-8383.26
-5499.26
-10535.9
-3322.93
-618.206
-895.837
-1136.25
-1459.45
-1827.23
-2104.4
-2451.23
-3080.83
-3798.26
-4674.18
-4956.37
-7167.4
-3626.75
-17669
-11867
-996.861
-1468.93
-1860.08
-2327.76
-2666.86
-2937.04
-3403.3
-4281.34
-5425.04
-6426.2
-7551.78
-8245.59
-6777.25
-20908.9
28480.7
-590.05
-899.306
-1055.02
-1311.95
-1873.49
-2550.01
-3062.58
-3901.86
-4963.27
-4593.56
-4959.7
-716.039
-3904.37
6165.93
16718.7
-1546.54
-2343.13
-2701.92
-3965.83
-5515.68
-6097.99
-6794.34
-8076.95
-8287.85
-8796.27
-10166.2
-8124.21
-11686.1
-14137.9
-23631.4
-409.287
-510.895
-289.893
-997.951
-1972.29
-2059.78
-3186.1
-4752.98
-2729.17
-1478.96
-1940.6
-2700.17
-2214.1
-3715.9
-10904.4
-3821.74
-4828.24
-5222.62
-5964.22
-12690.2
-16574.2
-15734.1
-10247.1
-6393.39
-10025.2
-10660
-12890
-16114.3
-21461
-9139.84
526.105
365.606
-716.457
2024.98
4979.12
3761.04
3825.87
6180.51
5417.84
-2218.65
-6167.6
-348.19
2843.63
4897.84
-4072.82
-10574.6
-9527.97
-11551.6
-14310.6
-14747.3
-14932.8
-16108.1
-20874.4
-20343.2
-21672.5
-12049.3
-11546.5
-17036.2
-20029.5
-54619.6
-1587.29
-2253.86
-2912.17
-3792.75
-4921.18
-6341.77
-8253.45
-10514.8
-13881
-17479.6
-24620.3
-27200.4
-51926.4
-42494.4
-135723
-617.563
-813.509
-955.079
-1222.7
-1568.73
-2007.96
-2643.61
-3378.65
-4582.17
-5800.57
-8724.65
-11357
-15515.9
-24967.3
-18122
-402.41
-565.36
-714.761
-954.568
-1234.6
-1608.44
-2075.67
-2733.26
-3543.74
-4942.58
-6464.98
-10085.3
-12388.1
-25114.3
-3515.52
-607.321
-853.252
-1094.79
-1437.33
-1856.96
-2405.66
-3071.44
-3974.13
-5067.22
-6683.03
-8523.35
-11028.5
-13294.8
-14722.7
-12988.9
-667.353
-933.251
-1189.13
-1536.45
-1956.21
-2477.25
-3070.03
-3862.02
-4763.76
-6134.42
-7219.9
-9430.01
-9196.52
-12793.8
-8450.02
-595.296
-846.562
-1089.14
-1419.95
-1816.55
-2278.12
-2784.99
-3490.65
-4312.29
-5617.92
-6519.51
-8928.86
-8230.08
-13422.6
-9898.4
-824.957
-1177.34
-1504.76
-1889.91
-2309.93
-2744.63
-3170.4
-3839.89
-4650.87
-5834.04
-6290.38
-8274.08
-5227.12
-10646.8
-3337.51
-624.779
-907.917
-1159.85
-1475.81
-1789.78
-2012.21
-2366.68
-3000.99
-3725.52
-4645.96
-4946.64
-7060.1
-3575.53
-17514
-10599.5
-1023.85
-1496.8
-1862.25
-2205.1
-2384.98
-2633.21
-3071.36
-3906.52
-4980.2
-5904.05
-6953.8
-7672.37
-6309.29
-22422
33578.1
-620.665
-972.305
-1171.89
-1391.93
-1823.78
-2294.51
-2765.27
-3643.1
-4612.5
-4491.49
-4973.57
-1125.9
-4105.63
10390.8
26713.2
-1524.16
-2263.63
-2406.25
-3244.79
-4367.02
-5021.88
-5831.95
-7173.73
-7826.61
-8678.04
-9555.31
-9384.87
-12781.3
-15011.3
-26439.3
-489.803
-1075.29
-513.621
-1309.29
-1864.17
-2481.62
-3547.75
-4210.6
-2556.25
-1215.9
-1197.34
-2206.45
-459.261
-6714.46
-6205.22
-4034.63
-4826.92
-4697.26
-5258.85
-9274.45
-13799.9
-14158.3
-9127.73
-9706.71
-9666.57
-9956.24
-14403.4
-15417.6
-22271.7
-11087.7
1160.96
1045.25
187.793
2650.83
4723.08
5269.31
6683.97
7226.41
5089.02
-1352.92
-4312.33
-845.91
2833.77
4453.92
1990.65
-10388.5
-10624
-11603.5
-13816.6
-15986.5
-17326.8
-18376.6
-21353.7
-21284.7
-21662.1
-15325
-13636
-18650.6
-21964.5
-50210.5
-1589.06
-2256.89
-2916.33
-3799.28
-4928.49
-6349.61
-8262.78
-10531.4
-13875.8
-17457.9
-24576.2
-27141.2
-51790.2
-42386.3
-135533
-618.908
-815.644
-957.55
-1225.58
-1570.89
-2008.3
-2637.13
-3366.96
-4578.52
-5792.31
-8703.51
-11327
-15431.7
-24878.4
-17781.3
-404.067
-567.647
-717.38
-957.217
-1236.49
-1607.45
-2071.96
-2724.57
-3534.58
-4919.56
-6447.59
-10031.4
-12380.1
-24966.4
-3482.53
-609.546
-857.18
-1100.5
-1444.2
-1862.47
-2406
-3065.56
-3957.96
-5044.91
-6640.31
-8478.37
-10931
-13216.5
-14505.2
-12838.2
-673.123
-941.039
-1197.48
-1542.97
-1955.99
-2464.82
-3045.02
-3821.37
-4715.78
-6065.45
-7168.3
-9326.43
-9172.32
-12549.8
-8413.77
-598.995
-853.678
-1100.63
-1432.23
-1817.14
-2259.46
-2749.76
-3433.93
-4250.21
-5537.33
-6457.87
-8766.89
-8104.58
-12947.6
-9244.58
-841.559
-1197.91
-1523.96
-1890.28
-2270.57
-2652.36
-3032.3
-3685.92
-4501.31
-5671.65
-6172.97
-8087.13
-5304.33
-10934
-4359.68
-629.804
-917.561
-1180.76
-1487.87
-1725.7
-1917.06
-2287.19
-2929.56
-3679.67
-4606.31
-4917.33
-6723.32
-3801.85
-16343.4
-5932.53
-1062.59
-1547.94
-1913.87
-2110
-2137.63
-2451.01
-2962.19
-3792.79
-4728.73
-5459.7
-6313.41
-6977.58
-6672.44
-24172.8
20531.8
-609.088
-951.406
-1251.85
-1330.6
-1681.6
-2189.46
-2677.39
-3537.91
-4251.05
-4213.63
-4590.3
-1079.84
-4483.58
15342.3
6782.61
-1837.54
-2511.11
-2378.33
-2757.26
-3970.98
-4756.27
-5499.49
-6932.6
-7470.32
-8018.83
-7870.37
-8749.95
-11746.6
-13715.5
-35965.6
-572.047
-1429.84
-1120.28
-1653.28
-2614.02
-3220.34
-3253.74
-3571.06
-1671.32
-463.845
-83.7002
-666.517
980.139
-2448.13
-4677.57
-4513.48
-3469.43
-3932.97
-5676.81
-8196.62
-10072
-9589.13
-9161.52
-11007.6
-7967.81
-9123.51
-15335
-15120.9
-18093.9
-18374.2
812.164
1454.7
952.369
4828.37
5918.74
6412.93
7291.43
7113.8
4845.27
1314.99
-4996
-1368.22
3535.33
6194.69
8600.23
-9314.05
-11340.1
-13454.9
-13788.5
-15119.4
-16564.1
-19282.4
-21672.2
-21022.1
-24061.8
-20701.2
-16278.9
-20605.9
-23409.7
-48609.5
-1590.78
-2259.87
-2920.44
-3805.7
-4936.14
-6357.96
-8270.18
-10551
-13885.2
-17440.3
-24539.1
-27083.9
-51661.6
-42294.3
-135426
-620.426
-818.071
-960.499
-1229.27
-1574.36
-2011.03
-2634.47
-3358.7
-4583.29
-5797.27
-8701.67
-11323.9
-15377.8
-24834.3
-17465.9
-406.051
-570.463
-720.82
-961.131
-1240.46
-1609.9
-2073.38
-2723.15
-3539.71
-4913.08
-6451
-9998.59
-12409.8
-24858.3
-3467.7
-611.732
-861.143
-1106.33
-1451.6
-1870.01
-2411.85
-3071.65
-3961.81
-5054.38
-6629.26
-8473.18
-10852.3
-13185.6
-14263.8
-12631.1
-680.006
-950.978
-1209.43
-1555.95
-1967.49
-2474.99
-3059.41
-3836.49
-4738.32
-6063.76
-7192.7
-9261.12
-9258.74
-12310.3
-8602.72
-601.964
-860.209
-1111.14
-1444.48
-1825.66
-2266.97
-2769.02
-3465
-4290.87
-5539.19
-6461.96
-8599.87
-8085.51
-12286
-8628.67
-860.595
-1224.74
-1554.63
-1920.47
-2292.03
-2697.86
-3126.47
-3782.83
-4577.89
-5684.38
-6225.97
-8050.65
-5882.69
-12478.2
-8138.82
-632.005
-925.589
-1198.19
-1499.99
-1727.69
-1934.76
-2335.82
-2998.98
-3751.38
-4619.98
-4929.87
-6399.86
-3422.91
-14617.4
-203.933
-1105.38
-1604.94
-1987.28
-2169.89
-2110.6
-2460.8
-3063.16
-3927.62
-4754.9
-5263.72
-5937.77
-6585
-7347.05
-29571.2
-10233.9
-634.771
-1002.96
-1293.08
-1269.83
-1475.1
-1998.84
-2695.61
-3555.22
-4050.81
-3927.02
-4337.54
-1401.84
-6168.79
13494
-34389
-1622.82
-2368.18
-2467.09
-2477.49
-3480.96
-4656.9
-5900.47
-7258.35
-7508.95
-7417.62
-6590.46
-8737.92
-12480.5
-17104.8
-44037.7
-483.637
-1204.37
-1258
-1913.46
-2645.77
-3348.52
-3750.17
-3470.85
-1181.07
381.698
770.707
-1991.03
-2514.97
-1010.82
-11438.9
-4288.74
-4278.56
-5562.56
-7863.53
-9435.86
-9817.17
-10190.3
-9223.81
-9025.51
-7524.79
-9829.2
-19760
-19048.4
-19429.9
-26003.4
586.492
1489.38
2369.59
3351.38
4458.46
6655.51
7419.66
7481.41
4743.65
2454.1
-5528.04
-3799.36
1567.56
6615.08
11374
-9537.12
-10795.4
-12325.1
-13787.6
-15539.2
-16999.8
-18942.9
-22367
-24563.4
-27711.7
-25785.4
-20325.6
-22794.9
-23439.7
-51363.4
-1592.33
-2262.57
-2924.25
-3811.69
-4943.51
-6366.85
-8277.19
-10564.1
-13900.3
-17450.2
-24505.2
-27076.7
-51543.5
-42216.1
-135368
-621.952
-820.574
-963.621
-1233.27
-1578.31
-2015
-2635.93
-3356.87
-4582.12
-5791.66
-8701.77
-11296
-15330.9
-24797.1
-17085
-408.123
-573.459
-724.544
-965.482
-1245.26
-1613.92
-2077.57
-2724.81
-3547.35
-4907.56
-6460.9
-9960.72
-12461
-24758.7
-3454.02
-613.599
-864.825
-1111.87
-1458.77
-1878.02
-2419.25
-3080.69
-3969.26
-5069.03
-6619.97
-8476.07
-10756.1
-13161.7
-13956.3
-12410.4
-687.743
-962.526
-1223.44
-1571.86
-1983.8
-2490.52
-3078.75
-3855.09
-4766.41
-6062.22
-7230.16
-9172.97
-9391.79
-12050.2
-8917.4
-604.271
-866.684
-1121.08
-1455.97
-1835.75
-2273.68
-2780.77
-3478.81
-4317.19
-5514.77
-6469.03
-8342.15
-8245.49
-11445.8
-8018.58
-886.687
-1262.91
-1596.44
-1966.95
-2337.53
-2745.96
-3200.07
-3861.99
-4662.61
-5688.17
-6335.23
-7862.75
-6931.41
-12381
-10217.3
-634.04
-935.659
-1211.91
-1508.2
-1730.59
-1903.92
-2281.83
-2952.25
-3751.89
-4593.64
-5041.76
-5851.44
-3732.6
-8092.2
2458.85
-1206
-1738.3
-2121.1
-2339.92
-2223.6
-2538.22
-3119.82
-3984.68
-4842.93
-5318.6
-5876.57
-6439.98
-8812.64
-29372.1
-36449.3
-633.699
-999.336
-1336.35
-1301.48
-1497.07
-1957.23
-2411.8
-3138.57
-3766.75
-3903.52
-4445.27
-1629.41
-4735.56
10013.9
-34682.5
-2084.83
-2742.01
-2895.31
-3050.86
-4441.31
-5673.03
-6796.67
-8476.98
-8776.05
-8198.3
-6552.35
-7583.49
-11676.1
-17753
-33533.6
-579.646
-1253.68
-1664.55
-2649.12
-3720.76
-3774.64
-3204.03
-3101.65
-3113.43
-1577.51
-306.954
-3307.87
-4005.88
-6098.37
-14831.7
-4112.77
-5473.77
-7265.37
-9601.22
-11275.3
-11212.2
-10697.2
-11011.6
-9997.09
-7454.71
-8884.9
-19600.2
-18666.5
-23541.5
-18171.2
972.45
1339.92
1540.1
2765.87
2118.51
3031.41
5446.45
6995.97
5455.52
4024.81
-1532.74
-3353.77
3310.16
8589.97
11252.9
-10415.4
-10907
-12165.1
-12457.8
-14282.5
-17423.2
-19958.1
-22204.1
-26169.3
-30833.7
-30004.8
-26549.7
-30121.8
-21937.8
-57736.1
-1593.79
-2265.06
-2927.78
-3817.33
-4950.72
-6376.24
-8286.32
-10576.3
-13918
-17487.8
-24489.4
-27120.8
-51471.3
-42171.4
-135443
-623.616
-823.323
-967.163
-1237.98
-1583.38
-2020.9
-2641.63
-3362.36
-4580.53
-5781.2
-8710.09
-11253.8
-15301.6
-24797.1
-16710.3
-410.478
-576.888
-728.913
-970.818
-1251.73
-1620.93
-2086.59
-2733.36
-3562.64
-4912.46
-6485.92
-9942.52
-12544.8
-24737.8
-3485.38
-615.487
-868.548
-1117.53
-1466.33
-1887.75
-2431.44
-3099.16
-3991.84
-5102.79
-6635.5
-8505.28
-10689.7
-13163.6
-13647.9
-12181.4
-696.253
-975.593
-1240.12
-1592.4
-2009.19
-2522.6
-3124.42
-3909.89
-4836.44
-6107.09
-7309.9
-9148.91
-9559.59
-11960.8
-9393.84
-606.12
-872.71
-1130.65
-1467.74
-1852.89
-2302.12
-2831.49
-3543.76
-4397.27
-5539.94
-6518.18
-8123.89
-8389.15
-10875.6
-8083
-913.904
-1305.24
-1645.26
-2030.23
-2427.49
-2873.83
-3386.71
-4069.85
-4859.87
-5780.08
-6507.26
-7761.7
-7810.61
-11659.1
-11718
-629.785
-938.902
-1223.96
-1519.77
-1767.34
-1989.46
-2399.33
-3075.72
-3885.86
-4645.25
-5223.49
-5287.14
-4521.79
-2811.72
-3344.31
-1311.38
-1907.37
-2261.67
-2577.27
-2578.5
-2950.35
-3675.13
-4580.7
-5268.23
-5542.45
-5792.63
-6126.05
-9107.09
-24876
-55144.1
-587.062
-1007.86
-1359.66
-1337.71
-1372.4
-1931.45
-2724.08
-3625.43
-4025.08
-3999.89
-4504.56
-1790.44
-3225.97
9466.5
11763.2
-2490.88
-3263.3
-3203.93
-3311.41
-5170.06
-7115.75
-9515.36
-11754.5
-11137.5
-9238.96
-6380.14
-6477.77
-9923.2
-15116.3
-14992.8
-597.185
-1370.16
-1669.39
-2221.25
-2374.46
-2431.5
-3308.97
-3609.21
-4027.98
-2923.77
-956.092
-1973.12
-2501.3
-10851.5
-10357.3
-6039.46
-6799.83
-7046.69
-8040.32
-10074
-11720.9
-12711.5
-15438
-14089.7
-7814.23
-6661
-13695.1
-16807
-23157.2
-4169.41
1104.98
467.219
-75.6976
242.489
469.087
1746.75
3400.76
6418.66
7455.92
7023.97
5312.84
5302.29
7287.8
10051.2
8086.99
-8650.02
-8150.25
-9927.78
-12987.7
-14315.8
-14313.3
-16246.8
-18610.8
-22476.3
-27668.9
-27395.6
-26691.1
-32255.4
-24785.2
-66150.4
-1594.98
-2267.1
-2930.6
-3821.82
-4956.64
-6384.43
-8294.35
-10585.7
-13930.2
-17518
-24483.8
-27154
-51403.2
-42145.1
-135560
-625.08
-825.83
-970.487
-1242.41
-1588.16
-2026.61
-2647.54
-3368.38
-4580.18
-5777.3
-8711.09
-11223.8
-15249.3
-24776.9
-16241.4
-412.546
-579.926
-732.766
-975.43
-1257.39
-1627.39
-2095.34
-2741.67
-3575.96
-4920.51
-6509.1
-9933.06
-12631.3
-24753
-3540.84
-616.85
-871.508
-1122.1
-1472.42
-1895.91
-2442.6
-3116.63
-4013.42
-5132.96
-6651.02
-8523.91
-10629
-13126.3
-13329.1
-11990.8
-704.052
-987.429
-1254.89
-1610.34
-2032.16
-2552.71
-3166.42
-3959.9
-4897.6
-6147.48
-7362.5
-9150.5
-9636.86
-12104.3
-10141.9
-607.26
-877.487
-1137.65
-1475.47
-1866.56
-2329.51
-2878.51
-3600.16
-4461.63
-5551.28
-6523.88
-7951.28
-8314.31
-10575.9
-8621.34
-939.945
-1341.15
-1683.52
-2079.55
-2511.39
-2994.87
-3546.38
-4240.76
-5017.04
-5844.58
-6593.44
-7715.17
-8046.36
-12188.9
-13926.6
-625.601
-942.437
-1228.07
-1521.46
-1799.77
-2093.63
-2518.19
-3146.18
-3924.45
-4604.59
-5319.19
-4884.29
-5147.25
-2750.58
-7799.34
-1399.44
-1983.18
-2320.72
-2721.23
-3058.15
-3455.04
-4124.64
-4883.84
-5489.1
-5739.8
-5735.15
-5619.04
-8976.43
-21280.8
-58394.5
-559.677
-1023.24
-1371.98
-1423.07
-1526.33
-2172.69
-2775.19
-3119.69
-3497.67
-4058.38
-4713.15
-1699.24
-4280.96
8146.4
51189.2
-2809.45
-3214.46
-3309.21
-4084.04
-6064.49
-8137.27
-10297.2
-12199
-11964
-10726.7
-7158.15
-6469.01
-8780.91
-10390.6
-6401.55
-587.587
-1398.01
-1710.7
-2943.65
-4409.33
-3898.87
-2132.89
-1685.71
-3684.49
-4089.05
-2404.83
-1381.44
343.094
-10054.4
-2738.37
-6449.72
-5676.01
-5231.25
-6505.26
-10275.9
-12477.7
-12739.3
-14262
-12864.6
-7346.91
-5462.45
-7926.21
-15402.2
-27258.2
5135.49
505.48
588.116
14.7677
-835.556
-1001.45
-31.5172
434.34
1909.63
5078.97
7564.8
6950.3
10056
4228.88
8290.49
6765.08
-7163.05
-8478.36
-12128.5
-16580.4
-17054
-16711.1
-17721.8
-18411.8
-20366
-25673
-24720.9
-26134.6
-34065.2
-24990.5
-71743.2
-1596.09
-2269
-2933.2
-3825.87
-4962.07
-6392.55
-8303.31
-10597.2
-13942.9
-17547.2
-24499.5
-27179
-51373.1
-42193.2
-135877
-626.677
-828.535
-974.197
-1247.63
-1594.19
-2034.47
-2656.7
-3380.44
-4590.94
-5788.56
-8724.75
-11221.8
-15202.2
-24756.6
-15764
-414.914
-583.425
-737.324
-981.079
-1264.45
-1636.19
-2107.5
-2755.64
-3596.44
-4940.32
-6547
-9965.18
-12727.3
-24884.2
-3629.42
-618.487
-874.749
-1127.11
-1479.31
-1905.66
-2457.3
-3139.92
-4044.78
-5175.79
-6688.99
-8567.04
-10623.4
-13118.1
-13068.1
-11648.3
-712.417
-1000.35
-1271.96
-1631.83
-2060.56
-2591.81
-3221
-4028.06
-4981.13
-6223.1
-7447.64
-9228.73
-9732.93
-12403.3
-10823.3
-608.983
-882.749
-1145.71
-1485.35
-1884.55
-2367.53
-2943.69
-3684.11
-4557.93
-5608.8
-6575.93
-7890.79
-8197.69
-10213.1
-8812.62
-965.41
-1378.93
-1729.91
-2137.78
-2605.03
-3136.32
-3731.27
-4442.02
-5214.21
-5968.8
-6719.54
-7750.2
-8011.12
-13224.7
-14540.4
-623.567
-946.06
-1231.85
-1523.7
-1833.42
-2209.07
-2689.03
-3309.9
-4029.53
-4613.12
-5462.2
-4749.93
-5601.8
-4107.43
-5057.14
-1470.26
-2071.48
-2419.54
-2847.16
-3428.56
-4015.66
-4685.86
-5336.14
-5695.22
-5871.37
-5787.41
-5278.53
-8853.01
-17699.9
-39036.7
-551.48
-994.98
-1324.12
-1453.41
-1594.86
-2256.73
-2998.82
-3588.29
-3521.53
-3901.89
-4982.83
-1815.15
-5604.1
4778.39
47343.7
-2855.77
-3311.82
-3296.54
-4209.68
-6610.87
-9182.23
-10550.8
-11215.4
-9499.14
-10097.5
-8500.74
-6625.32
-7747.24
-6491.04
-5705.69
-551.143
-1246.53
-1418.31
-2075.67
-3442.66
-3937.47
-3339.08
-2989.75
-3170.7
-3565.85
-3207.45
-541.362
3996.67
-3804.58
11139.1
-6462.03
-5537.15
-4345.63
-5747.34
-8544.71
-10063.2
-11090.1
-14873
-15059.7
-9678.17
-3988.78
-3837.96
-12252
-27881.4
11962.1
474.793
157.379
-608.351
1099.37
1762.93
1722.51
1316.36
1085.98
2477.32
5240.12
8315.21
11795.8
847.286
1629.8
448.206
-6424.9
-8106.51
-13886.2
-17593.3
-18866.7
-20805.9
-21117.9
-19878
-19976.8
-24231.6
-26082.3
-26840.9
-35712.3
-26628
-71948.3
-1596.78
-2270.18
-2934.81
-3828.26
-4965.18
-6397.41
-8308.72
-10604.2
-13949.1
-17561.9
-24506.3
-27229.3
-51243.9
-42214.5
-136021
-627.722
-830.356
-976.743
-1251.2
-1598.28
-2039.64
-2662.49
-3388.46
-4597.87
-5796.48
-8710.55
-11239.5
-15219.2
-24857.1
-15101.1
-416.331
-585.526
-740.037
-984.317
-1268.46
-1641.09
-2114.64
-2763.77
-3608.67
-4950.86
-6567.85
-9971.32
-12838.6
-24932.1
-3764.39
-619.248
-876.542
-1129.99
-1483.27
-1911.34
-2466.12
-3154.09
-4064.05
-5201.11
-6709.88
-8582.3
-10606.5
-13085.1
-12929.7
-11419.8
-717.832
-1008.62
-1282.5
-1644.8
-2077.28
-2614.5
-3252.28
-4068.01
-5028.17
-6265.32
-7480.34
-9280.57
-9739.95
-12613.3
-11184.9
-609.42
-885.557
-1149.86
-1490.41
-1893.89
-2388.12
-2979.82
-3732.35
-4606.6
-5632.06
-6564.84
-7869.6
-7911.57
-9959.08
-8024.34
-983.108
-1404.57
-1758.27
-2173.05
-2653.75
-3204.09
-3819.23
-4549.09
-5315.08
-6029
-6726.34
-7792.37
-7588.72
-15794
-15266.9
-621.352
-949.039
-1232.13
-1525.22
-1844.57
-2253.84
-2770.65
-3406.5
-4058.77
-4512.72
-5478.9
-4621.32
-5304.81
-6211.36
635.535
-1528.41
-2144
-2482.04
-2929.14
-3515.91
-4128.03
-4789.44
-5507.93
-5847.51
-5866.65
-5670.17
-4695
-8015.91
-14849.5
-6126.93
-559.666
-991.327
-1269.22
-1452.61
-1654.68
-2173.67
-2846.43
-3721.04
-3768.63
-3890.21
-5083.88
-2272.18
-5989.65
7798.72
29906.9
-2847.93
-3408.77
-3287.02
-4092.69
-5666.65
-7217.81
-9055.17
-11283.3
-10245.5
-10484.3
-9756.92
-7189.25
-7059.03
-2345.93
-11915.8
-464.905
-1229.22
-1277.45
-1499.59
-2277.59
-2321.58
-1938.47
-2052.5
-3007.55
-3517.87
-3789.87
-393.913
7387.91
2865.63
13380.2
-6668.46
-5351.83
-3519.91
-5669.48
-7761
-8432.17
-10586.5
-15426.1
-14538.7
-9721.2
-4269.54
-1697.47
-8143.65
-24815
4014.37
125.494
-213.601
-114.859
3938.14
4990.02
5357.56
4766.97
4652.22
5714.01
4590.8
8645.16
13272.5
72.4068
-2199.68
10946.1
-6042.5
-8346.65
-14506.4
-15694
-16821
-19145.8
-20242.5
-19759.4
-20766.4
-23712.8
-27076
-27845.1
-35525.6
-25780.3
-61441.6
-1597.53
-2271.49
-2936.65
-3831.05
-4968.81
-6403.2
-8315.82
-10614.2
-13959.7
-17581.1
-24537.5
-27215.8
-51274.8
-42829.6
-136772
-629.131
-832.709
-980.058
-1256.12
-1604.35
-2048.16
-2672.65
-3403.26
-4613.52
-5817.65
-8735.58
-11318.5
-15036.4
-24279.3
-14217.9
-418.511
-588.798
-744.391
-989.883
-1275.36
-1649.99
-2126.59
-2779.05
-3629.2
-4975.85
-6606.72
-10052.1
-12937.5
-25257.7
-3087.11
-620.689
-879.271
-1134.27
-1489.44
-1920.37
-2480.5
-3176.42
-4096.13
-5244.36
-6757.91
-8640
-10642.1
-13151.6
-12565.6
-10846.5
-725.214
-1020.35
-1298.43
-1665.6
-2105.08
-2653.19
-3303.82
-4135.67
-5110.45
-6356.84
-7574.03
-9391.26
-9866.93
-12636.3
-11450.8
-611.024
-890.274
-1157.39
-1501.31
-1913.55
-2426.87
-3041.77
-3822.85
-4712.58
-5734.8
-6639.2
-7908.11
-7752.16
-9954.95
-8609.44
-1006.55
-1441.11
-1803.72
-2235.29
-2745.91
-3333.86
-3974.71
-4736.79
-5507.59
-6227.53
-6865.43
-7922.27
-7452.46
-16038.6
-16850.3
-617.717
-952.959
-1236.82
-1537.49
-1885.97
-2341.25
-2899.36
-3617.29
-4268.7
-4667
-5481.44
-4464.22
-4685.43
-4111.09
1547.38
-1607.38
-2247.55
-2596.14
-3123.34
-3810.53
-4512.26
-5183.28
-5931.64
-6165.77
-6046.63
-5748.16
-4530.12
-5638.23
-8672.01
16477.6
-559.174
-989.781
-1226.16
-1416.14
-1725.2
-2283.52
-2853.73
-3717.61
-3925.46
-4038.47
-5050.54
-3141.34
-5378.16
10737.4
6643.46
-2946.36
-3591.91
-3535.81
-4594.17
-6152.51
-7416.38
-8706.79
-10280.7
-9170.11
-9058.11
-8780.69
-7467.99
-6939.37
-4341.64
-15312.1
-261.56
-1023.68
-1097.41
-1273.39
-1979.71
-1939.33
-1141.32
-131.955
-357.486
-2012.51
-2789.03
-169.927
10699.1
10902.3
31434.4
-6884.98
-5319.65
-3359.28
-6625.41
-8742.82
-8831.35
-10963.3
-15455
-13760.6
-7735.43
-2470.83
-1055.61
-3696.88
-14174
7461.5
103.066
-237.72
677.126
4853.23
5607.87
7769.83
8722.68
9130.35
6982.09
5292.35
10402.6
12780.1
213.911
1764.86
4838.02
-6298.69
-9012.27
-15067
-14918.9
-16451
-18598.8
-19321.5
-18887.2
-21439.3
-27166.4
-30711.7
-29243.5
-34564.4
-25982.9
-52996.4
)
;

boundaryField
{
    outletsourceFace
    {
        type            zeroGradient;
    }
    outletdestinationFace
    {
        type            zeroGradient;
    }
    outletFace
    {
        type            zeroGradient;
    }
    outletWall
    {
        type            fixedValue;
        value           uniform 0;
    }
    inletFace
    {
        type            zeroGradient;
    }
    inletWall
    {
        type            fixedValue;
        value           uniform 5;
    }
    inletsourceFace
    {
        type            zeroGradient;
    }
    inletdestinationFace
    {
        type            zeroGradient;
    }
}


// ************************************************************************* //
