/*--------------------------------*- C++ -*----------------------------------*\
| =========                 |                                                 |
| \\      /  F ield         | OpenFOAM: The Open Source CFD Toolbox           |
|  \\    /   O peration     | Version:  4.1                                   |
|   \\  /    A nd           | Web:      www.OpenFOAM.org                      |
|    \\/     M anipulation  |                                                 |
\*---------------------------------------------------------------------------*/
FoamFile
{
    version     2.0;
    format      ascii;
    class       volScalarField;
    location    "4";
    object      p;
}
// * * * * * * * * * * * * * * * * * * * * * * * * * * * * * * * * * * * * * //

dimensions      [0 2 -2 0 0 0 0];

internalField   nonuniform List<scalar> 
6750
(
-419.589
-275.66
-370.276
-362.331
-361.097
-357.533
-348.528
-331.5
-313.47
-288.418
-262.447
-254.423
-265.884
-278.214
-299.071
-418.644
-277.607
-370.026
-362.575
-361.563
-358.079
-349.265
-332.325
-314.414
-289.525
-263.487
-254.635
-268.469
-279.513
-281.444
-418.211
-278.79
-369.462
-362.84
-361.963
-358.252
-349.21
-332.189
-314.505
-290.62
-265.381
-257.914
-267.223
-277.734
-275.266
-417.531
-280.461
-369.218
-362.984
-362.33
-358.555
-349.319
-332.147
-314.707
-292.021
-268.306
-260.659
-265.309
-277.28
-268.613
-417.059
-281.751
-369.043
-363.074
-362.627
-358.764
-349.341
-332.005
-314.68
-293.245
-270.869
-262.36
-263.903
-276.253
-264.068
-416.559
-283.103
-369.118
-363.131
-362.896
-358.857
-349.25
-331.79
-314.603
-294.289
-272.755
-264.087
-263.108
-275.582
-261.035
-416.14
-283.862
-370.196
-362.958
-362.489
-358.765
-349.236
-331.767
-314.553
-294.975
-274.194
-265.354
-262.49
-274.546
-259.961
-415.979
-283.921
-371.047
-362.609
-362.012
-358.515
-349.125
-331.673
-314.438
-295.211
-274.738
-265.916
-262.264
-273.613
-260.061
-416.139
-283.824
-370.2
-362.958
-362.489
-358.764
-349.24
-331.768
-314.557
-294.992
-274.225
-265.39
-262.51
-274.589
-259.903
-416.553
-283.051
-369.123
-363.134
-362.894
-358.853
-349.254
-331.793
-314.615
-294.32
-272.809
-264.148
-263.136
-275.629
-260.999
-417.049
-281.686
-369.046
-363.08
-362.625
-358.755
-349.342
-332.006
-314.696
-293.289
-270.942
-262.437
-263.939
-276.315
-264.035
-417.517
-280.389
-369.228
-362.991
-362.325
-358.541
-349.319
-332.149
-314.727
-292.076
-268.392
-260.741
-265.348
-277.351
-268.6
-418.196
-278.713
-369.476
-362.847
-361.959
-358.234
-349.208
-332.189
-314.525
-290.678
-265.468
-258.012
-267.263
-277.809
-275.282
-418.627
-277.529
-370.043
-362.579
-361.561
-358.06
-349.263
-332.326
-314.438
-289.59
-263.569
-254.737
-268.515
-279.591
-281.487
-419.572
-275.582
-370.298
-362.336
-361.096
-357.514
-348.528
-331.503
-313.495
-288.484
-262.534
-254.535
-265.926
-278.275
-299.19
-607.73
-201.786
-335.119
-360.883
-354.856
-345.619
-326.688
-302.524
-284.827
-273.234
-285.082
-291.75
-285.602
-249.096
-512.338
-607.187
-202.893
-336.232
-361.624
-355.456
-345.954
-327.07
-303.114
-285.57
-274.145
-285.821
-293.762
-289.354
-259.633
-504.772
-607.088
-203.477
-337.002
-362.191
-355.793
-346.025
-327.155
-303.292
-285.751
-275.147
-288.097
-297.441
-292.699
-263.474
-499.376
-606.73
-204.417
-337.832
-362.635
-356.238
-346.252
-327.218
-303.363
-286.213
-276.16
-289.641
-301.476
-295.677
-268.359
-490.937
-606.495
-205.123
-338.477
-362.911
-356.508
-346.397
-327.133
-303.131
-285.969
-276.696
-290.891
-305.234
-297.863
-271.622
-486.428
-606.15
-205.927
-339.094
-363.042
-356.561
-346.429
-326.937
-302.803
-285.881
-277.3
-291.762
-308.053
-299.453
-274.245
-482.652
-605.635
-206.716
-338.465
-362.586
-356.463
-346.395
-326.723
-302.564
-285.541
-277.444
-292.312
-310.21
-301.059
-276.33
-479.149
-605.313
-207.131
-337.641
-361.906
-356.159
-346.288
-326.546
-302.332
-285.235
-277.47
-292.357
-310.839
-301.86
-277.158
-476.422
-605.617
-206.701
-338.455
-362.585
-356.461
-346.39
-326.721
-302.558
-285.542
-277.451
-292.336
-310.254
-301.052
-276.347
-479.256
-606.119
-205.905
-339.082
-363.043
-356.558
-346.42
-326.933
-302.798
-285.882
-277.312
-291.804
-308.112
-299.453
-274.27
-482.73
-606.455
-205.091
-338.461
-362.912
-356.502
-346.384
-327.126
-303.122
-285.971
-276.711
-290.942
-305.311
-297.868
-271.662
-486.512
-606.682
-204.38
-337.811
-362.631
-356.228
-346.234
-327.21
-303.353
-286.213
-276.184
-289.71
-301.567
-295.688
-268.396
-491.027
-607.034
-203.435
-336.976
-362.182
-355.78
-346.003
-327.145
-303.277
-285.748
-275.172
-288.177
-297.531
-292.708
-263.499
-499.476
-607.129
-202.848
-336.204
-361.61
-355.439
-345.932
-327.063
-303.101
-285.575
-274.179
-285.917
-293.849
-289.356
-259.642
-504.871
-607.669
-201.738
-335.09
-360.864
-354.836
-345.595
-326.681
-302.503
-284.821
-273.267
-285.186
-291.837
-285.607
-249.067
-512.434
-670.375
-168.214
-227.816
-316.618
-304.782
-291.358
-270.375
-248.154
-235.591
-252.865
-292.51
-311.97
-296.175
-132.536
-778.696
-670.379
-167.664
-228.453
-317.244
-305.321
-291.814
-270.729
-248.743
-236.841
-253.264
-293.342
-313.987
-299.166
-141.433
-777.5
-670.439
-167.396
-228.746
-317.468
-305.555
-292.013
-270.994
-248.905
-236.482
-253.006
-293.297
-314.712
-302.042
-147.751
-777.623
-670.471
-166.99
-229.167
-317.887
-305.987
-292.371
-271.321
-249.317
-236.966
-252.578
-293.171
-315.338
-305.256
-155.012
-775.288
-670.531
-166.677
-229.487
-318.103
-306.216
-292.531
-271.423
-249.457
-236.756
-251.761
-292.942
-316.159
-307.861
-159.186
-773.822
-670.578
-166.329
-229.859
-318.279
-306.369
-292.59
-271.46
-249.576
-236.964
-251.102
-292.849
-316.856
-310.217
-162.305
-771.83
-670.609
-166.108
-230.305
-318.425
-306.398
-292.489
-271.368
-249.711
-237.096
-250.192
-292.648
-317.098
-311.799
-166.443
-771.431
-670.583
-166.085
-230.517
-318.418
-306.327
-292.287
-271.171
-249.531
-237.129
-249.635
-292.307
-316.964
-312.316
-169.542
-771.172
-670.571
-166.138
-230.29
-318.416
-306.388
-292.479
-271.359
-249.702
-237.088
-250.158
-292.621
-317.103
-311.822
-166.335
-771.278
-670.533
-166.352
-229.836
-318.264
-306.35
-292.567
-271.437
-249.555
-236.933
-251.07
-292.824
-316.863
-310.23
-162.231
-771.624
-670.472
-166.695
-229.458
-318.081
-306.187
-292.495
-271.387
-249.421
-236.717
-251.72
-292.907
-316.166
-307.863
-159.096
-773.56
-670.404
-167.003
-229.133
-317.859
-305.948
-292.322
-271.27
-249.267
-236.914
-252.542
-293.138
-315.349
-305.258
-154.915
-775.006
-670.362
-167.404
-228.706
-317.432
-305.506
-291.951
-270.928
-248.836
-236.413
-252.969
-293.264
-314.727
-302.043
-147.635
-777.319
-670.294
-167.67
-228.411
-317.203
-305.266
-291.743
-270.654
-248.668
-236.762
-253.226
-293.312
-314.009
-299.171
-141.314
-777.186
-670.283
-168.215
-227.769
-316.569
-304.72
-291.277
-270.284
-248.06
-235.483
-252.823
-292.482
-311.993
-296.171
-132.411
-778.367
-689.491
-210.617
-176.078
-276.648
-252.355
-232.81
-207.269
-179.162
-161.959
-184.155
-229.779
-272.12
-213.668
-51.389
-875.64
-689.449
-210.262
-176.148
-276.929
-252.727
-233.339
-207.706
-180.102
-162.732
-183.941
-228.458
-272.651
-214.41
-48.3046
-874.874
-689.454
-210.133
-176.28
-277.109
-252.977
-233.734
-208.427
-180.757
-161.877
-182.495
-226.743
-271.495
-214.298
-47.0666
-874.389
-689.437
-209.85
-176.365
-277.349
-253.323
-234.243
-209.062
-181.686
-161.608
-181.199
-224.971
-271.032
-214.579
-45.8604
-873.335
-689.434
-209.683
-176.498
-277.557
-253.611
-234.681
-209.562
-182.43
-160.971
-179.97
-223.301
-270.693
-214.856
-45.7251
-872.476
-689.404
-209.474
-176.559
-277.693
-253.824
-235.02
-209.948
-183.271
-160.987
-178.933
-221.642
-270.364
-215.144
-45.641
-871.182
-689.395
-209.324
-176.656
-277.816
-254.032
-235.302
-210.115
-184.115
-161.069
-178.121
-219.961
-269.908
-215.481
-45.7079
-870.587
-689.373
-209.248
-176.692
-277.832
-254.085
-235.358
-210.053
-184.346
-161.465
-177.658
-218.883
-269.709
-215.894
-45.8855
-870.122
-689.392
-209.307
-176.649
-277.805
-254.018
-235.286
-210.102
-184.111
-161.076
-178.086
-219.928
-269.863
-215.417
-45.9109
-870.179
-689.395
-209.441
-176.542
-277.672
-253.798
-234.991
-209.917
-183.244
-160.951
-178.9
-221.614
-270.313
-215.039
-45.8476
-870.707
-689.414
-209.639
-176.472
-277.528
-253.574
-234.637
-209.511
-182.38
-160.915
-179.923
-223.259
-270.629
-214.73
-45.9275
-871.835
-689.41
-209.799
-176.331
-277.312
-253.275
-234.185
-208.991
-181.609
-161.514
-181.148
-224.92
-270.955
-214.433
-46.0493
-872.681
-689.415
-210.076
-176.239
-277.061
-252.916
-233.66
-208.333
-180.651
-161.746
-182.436
-226.681
-271.406
-214.131
-47.2114
-873.688
-689.396
-210.211
-176.105
-276.872
-252.657
-233.255
-207.598
-179.982
-162.583
-183.872
-228.389
-272.553
-214.235
-48.4332
-874.166
-689.422
-210.564
-176.03
-276.581
-252.274
-232.713
-207.144
-179.019
-161.777
-184.071
-229.704
-272.014
-213.479
-51.4916
-874.91
-723.5
-229.384
-158.314
-257.978
-225.106
-200.581
-173.514
-139.83
-120.198
-136.099
-166.635
-230.151
-183.101
-105.992
-991.479
-723.487
-229.309
-158.341
-258.213
-225.45
-201.207
-174.069
-141.112
-120.589
-135.201
-165.035
-229.028
-182.071
-103.687
-990.539
-723.523
-229.311
-158.419
-258.402
-225.721
-201.688
-174.823
-141.655
-120.014
-133.334
-163.872
-228.497
-181.895
-103.053
-990.054
-723.521
-229.254
-158.461
-258.622
-226.055
-202.301
-175.607
-142.716
-119.777
-131.735
-162.198
-227.548
-181.209
-101.696
-988.996
-723.555
-229.261
-158.539
-258.836
-226.354
-202.826
-176.195
-143.577
-119.197
-130.468
-160.834
-226.736
-180.936
-101.718
-988.073
-723.533
-229.23
-158.567
-258.987
-226.571
-203.266
-176.751
-144.861
-119.15
-129.59
-159.209
-225.753
-180.409
-101.759
-986.402
-723.557
-229.251
-158.595
-259.117
-226.737
-203.564
-177.035
-146.234
-119.264
-129.612
-157.731
-224.691
-179.881
-102.234
-985.51
-723.518
-229.234
-158.59
-259.131
-226.742
-203.592
-177.037
-146.87
-119.592
-129.721
-156.54
-224.013
-179.702
-102.449
-984.234
-723.546
-229.235
-158.582
-259.104
-226.723
-203.544
-177.018
-146.234
-119.256
-129.6
-157.689
-224.647
-179.891
-102.681
-984.72
-723.516
-229.198
-158.538
-258.961
-226.541
-203.227
-176.71
-144.823
-119.1
-129.559
-159.172
-225.672
-180.255
-102.122
-985.635
-723.526
-229.211
-158.502
-258.796
-226.305
-202.767
-176.13
-143.507
-119.121
-130.411
-160.784
-226.664
-180.801
-102.107
-986.983
-723.486
-229.189
-158.416
-258.568
-225.989
-202.222
-175.516
-142.605
-119.686
-131.664
-162.132
-227.435
-181.012
-102.043
-987.949
-723.475
-229.237
-158.365
-258.335
-225.642
-201.589
-174.706
-141.509
-119.908
-133.25
-163.793
-228.373
-181.669
-103.294
-988.941
-723.421
-229.245
-158.285
-258.137
-225.361
-201.095
-173.936
-140.947
-120.467
-135.102
-164.942
-228.884
-181.824
-103.888
-989.429
-723.408
-229.32
-158.253
-257.89
-225.006
-200.453
-173.365
-139.647
-120.061
-135.976
-166.528
-229.988
-182.821
-106.128
-990.331
-766.094
-234.302
-151.828
-250.417
-213.828
-188.611
-162.121
-128.152
-110.763
-119.739
-154.384
-233.67
-204.153
-126.684
-1145.93
-766.041
-234.293
-151.876
-250.659
-214.182
-189.28
-162.739
-129.555
-111.012
-118.755
-152.388
-232.635
-203.511
-125.883
-1143.75
-766.052
-234.343
-151.934
-250.842
-214.438
-189.739
-163.42
-129.77
-110.43
-117.054
-151.448
-232.172
-202.986
-126.023
-1143.15
-766.029
-234.315
-151.986
-251.07
-214.78
-190.38
-164.26
-130.755
-110.36
-115.504
-149.652
-231.238
-202.31
-125.59
-1141.23
-766.089
-234.344
-152.048
-251.275
-215.07
-190.88
-164.831
-131.399
-109.915
-114.243
-148.257
-230.486
-201.937
-126.741
-1139.7
-766.038
-234.323
-152.09
-251.431
-215.302
-191.346
-165.469
-132.673
-110.102
-113.327
-146.405
-229.696
-201.519
-127.694
-1136.37
-766.063
-234.375
-152.129
-251.559
-215.47
-191.643
-165.776
-134.105
-110.294
-113.363
-144.623
-228.604
-200.773
-129.252
-1135.38
-766.011
-234.337
-152.121
-251.574
-215.479
-191.697
-165.842
-134.857
-110.82
-113.771
-142.91
-227.993
-201.156
-130.069
-1132.55
-766.039
-234.353
-152.124
-251.55
-215.449
-191.623
-165.757
-134.098
-110.298
-113.36
-144.574
-228.549
-200.898
-129.842
-1134.04
-765.993
-234.294
-152.082
-251.407
-215.26
-191.302
-165.419
-132.616
-110.058
-113.281
-146.334
-229.52
-201.177
-128.09
-1135.38
-766.005
-234.305
-152.04
-251.239
-215.009
-190.813
-164.752
-131.3
-109.851
-114.165
-148.173
-230.359
-201.705
-127.237
-1137.95
-765.952
-234.255
-151.959
-251.014
-214.699
-190.289
-164.152
-130.611
-110.276
-115.405
-149.527
-231.013
-201.946
-126.039
-1139.63
-765.944
-234.281
-151.898
-250.772
-214.344
-189.626
-163.281
-129.596
-110.319
-116.937
-151.305
-231.932
-202.576
-126.273
-1141.47
-765.881
-234.27
-151.833
-250.577
-214.077
-189.151
-162.584
-129.364
-110.885
-118.619
-152.218
-232.35
-203.057
-126.069
-1142.09
-765.858
-234.302
-151.776
-250.319
-213.711
-188.465
-161.947
-127.948
-110.621
-119.577
-154.191
-233.35
-203.645
-126.765
-1144.21
-818.985
-239.936
-152.244
-253.328
-214.988
-193.248
-171.962
-143.044
-129.72
-141.325
-175.59
-250.078
-244.333
-112.145
-1352.51
-818.96
-239.933
-152.307
-253.572
-215.364
-193.999
-172.683
-144.977
-129.49
-140.43
-173.898
-249.648
-244.403
-112.167
-1347.52
-819.022
-239.992
-152.364
-253.754
-215.615
-194.449
-173.219
-145.201
-128.488
-138.696
-173.123
-249.261
-243.136
-112.99
-1346.84
-819.039
-239.944
-152.418
-253.984
-215.971
-195.15
-174.135
-146.452
-128.551
-137.177
-171.66
-248.831
-242.967
-113.485
-1342.36
-819.129
-239.998
-152.478
-254.189
-216.256
-195.634
-174.631
-146.996
-127.88
-135.741
-170.424
-248.238
-242.607
-116.69
-1338.7
-819.06
-239.984
-152.529
-254.344
-216.499
-196.125
-175.319
-148.222
-128.36
-134.747
-168.889
-247.936
-242.393
-118.614
-1331.99
-819.096
-240.062
-152.581
-254.473
-216.67
-196.401
-175.59
-149.341
-128.492
-134.299
-167.23
-246.604
-240.931
-120.823
-1332.09
-819.038
-240.002
-152.566
-254.472
-216.68
-196.484
-175.743
-150.085
-129.185
-134.556
-165.814
-246.418
-243.381
-122.138
-1325.64
-819.075
-240.016
-152.575
-254.455
-216.641
-196.379
-175.567
-149.319
-128.499
-134.286
-167.19
-246.55
-241.352
-121.573
-1329.84
-819.006
-239.927
-152.52
-254.307
-216.443
-196.071
-175.252
-148.138
-128.292
-134.652
-168.748
-247.612
-241.705
-118.904
-1331.07
-819.016
-239.931
-152.468
-254.138
-216.177
-195.553
-174.53
-146.866
-127.776
-135.599
-170.261
-248.039
-242.228
-117.264
-1335.94
-818.943
-239.842
-152.379
-253.907
-215.866
-195.037
-173.995
-146.27
-128.404
-136.988
-171.411
-248.452
-242.376
-114.124
-1339.89
-818.922
-239.854
-152.312
-253.663
-215.492
-194.309
-173.042
-144.98
-128.302
-138.47
-172.835
-248.857
-242.465
-113.284
-1344.25
-818.843
-239.827
-152.246
-253.466
-215.229
-193.841
-172.485
-144.733
-129.287
-140.17
-173.559
-249.162
-243.646
-112.359
-1345.04
-818.81
-239.857
-152.177
-253.206
-214.839
-193.067
-171.738
-142.781
-129.493
-141.022
-175.207
-249.536
-243.491
-112.165
-1349.94
-880.373
-248.904
-157.563
-265.064
-225.26
-207.82
-193.039
-170.961
-165.723
-177.533
-213.68
-270.548
-300.019
-77.5913
-1650.09
-880.366
-248.882
-157.624
-265.287
-225.636
-208.618
-193.889
-173.135
-165.635
-177.348
-212.863
-271.116
-302.304
-78.5106
-1635.56
-880.452
-248.939
-157.684
-265.471
-225.884
-209.056
-194.271
-173.394
-164.376
-175.729
-212.205
-270.897
-299.758
-81.2816
-1633.73
-880.464
-248.879
-157.729
-265.682
-226.235
-209.795
-195.291
-174.851
-164.704
-174.622
-211.4
-271.301
-301.044
-83.7457
-1621.67
-880.566
-248.956
-157.789
-265.885
-226.509
-210.247
-195.694
-175.258
-163.836
-173.237
-210.304
-270.821
-300.597
-90.9994
-1613.43
-880.479
-248.933
-157.832
-266.025
-226.743
-210.744
-196.436
-176.395
-164.473
-172.631
-209.207
-271.068
-300.007
-93.1122
-1603.01
-880.525
-249.025
-157.887
-266.154
-226.906
-210.982
-196.654
-177.117
-164.65
-172.065
-207.659
-268.843
-296.881
-95.5237
-1608.37
-880.457
-248.948
-157.861
-266.131
-226.9
-211.081
-196.894
-177.81
-165.627
-172.463
-207.228
-269.096
-304.874
-98.1041
-1592.91
-880.506
-248.958
-157.874
-266.124
-226.866
-210.954
-196.617
-177.072
-164.622
-172.033
-207.644
-268.74
-297.713
-96.5414
-1604.86
-880.423
-248.836
-157.817
-265.973
-226.668
-210.673
-196.338
-176.268
-164.327
-172.442
-208.919
-270.5
-298.759
-93.1378
-1602.62
-880.433
-248.841
-157.776
-265.818
-226.407
-210.142
-195.55
-175.075
-163.635
-172.969
-209.969
-270.45
-299.876
-91.6787
-1609.42
-880.344
-248.73
-157.682
-265.582
-226.1
-209.649
-195.094
-174.602
-164.436
-174.258
-210.915
-270.661
-300.095
-84.7413
-1617.82
-880.313
-248.74
-157.622
-265.352
-225.726
-208.876
-194.027
-173.092
-164.05
-175.294
-211.646
-270.202
-298.679
-81.7441
-1629.69
-880.214
-248.701
-157.554
-265.152
-225.462
-208.412
-193.618
-172.805
-165.27
-176.852
-212.22
-270.289
-301.092
-78.779
-1631.8
-880.178
-248.731
-157.485
-264.911
-225.066
-207.585
-192.73
-170.599
-165.299
-176.963
-212.954
-269.621
-298.639
-77.5786
-1646.32
-952.138
-262.784
-167.717
-285.544
-245.114
-231.875
-224.39
-207.553
-212.593
-221.589
-268.745
-296.507
-384.37
-27.4485
-2028.26
-952.109
-262.751
-167.768
-285.73
-245.451
-232.661
-225.367
-209.812
-213.137
-222.242
-268.684
-297.44
-387.305
-29.5093
-2008.33
-952.182
-262.825
-167.832
-285.915
-245.7
-233.095
-225.626
-210.073
-211.657
-220.689
-267.849
-297.589
-383.142
-35.6774
-2005.96
-952.18
-262.752
-167.867
-286.097
-246.025
-233.847
-226.763
-211.672
-212.334
-220.157
-267.802
-298.773
-387.458
-42.7721
-1982.34
-952.29
-262.835
-167.931
-286.297
-246.288
-234.263
-227.101
-211.92
-211.522
-218.725
-266.657
-298.289
-386.142
-55.0396
-1972.57
-952.195
-262.788
-167.964
-286.41
-246.494
-234.749
-227.902
-212.99
-212.316
-218.452
-266.059
-298.848
-384.801
-54.2484
-1963.22
-952.248
-262.885
-168.022
-286.536
-246.64
-234.938
-228.064
-213.388
-212.489
-217.65
-264.76
-294.723
-377.915
-55.6724
-1982.31
-952.157
-262.799
-167.986
-286.489
-246.604
-235.033
-228.369
-214.06
-213.68
-218.318
-266.177
-294.015
-401.42
-62.8865
-1944.2
-952.206
-262.816
-168.001
-286.495
-246.586
-234.898
-228.009
-213.316
-212.429
-217.588
-264.838
-294.502
-379.689
-56.9399
-1975.48
-952.114
-262.669
-167.942
-286.34
-246.395
-234.654
-227.764
-212.807
-212.082
-218.126
-265.584
-297.864
-382.881
-53.7655
-1963.9
-952.12
-262.678
-167.917
-286.207
-246.154
-234.124
-226.899
-211.661
-211.2
-218.276
-266.082
-297.635
-384.711
-55.2063
-1966.82
-952.015
-262.557
-167.816
-285.966
-245.849
-233.654
-226.488
-211.327
-211.897
-219.547
-266.991
-297.744
-385.921
-43.9947
-1976.62
-951.982
-262.571
-167.763
-285.76
-245.494
-232.858
-225.288
-209.653
-211.126
-219.961
-266.911
-296.458
-381.357
-36.1648
-1999.44
-951.867
-262.523
-167.691
-285.554
-245.224
-232.391
-224.993
-209.351
-212.544
-221.417
-267.618
-296.11
-385.293
-29.8281
-2002.29
-951.829
-262.556
-167.627
-285.345
-244.859
-231.567
-223.959
-207.041
-211.896
-220.65
-267.544
-295.024
-382.14
-27.2356
-2022.03
-1034.83
-283.052
-181.948
-313.832
-273.948
-264.261
-265.492
-250.862
-270.56
-269.781
-340.174
-321.501
-492.604
40.8389
-2632.52
-1034.78
-283.005
-181.986
-313.975
-274.229
-265.011
-266.585
-253.168
-272.142
-271.426
-342.753
-324.897
-518.31
22.3828
-2530.32
-1034.85
-283.087
-182.055
-314.16
-274.484
-265.451
-266.76
-253.333
-270.404
-270.003
-341.538
-325.97
-504.199
11.497
-2528.47
-1034.83
-283.001
-182.08
-314.309
-274.773
-266.205
-268.011
-255.055
-271.405
-270.261
-342.659
-328.64
-516.588
-0.0336874
-2473.35
-1034.94
-283.084
-182.151
-314.508
-275.032
-266.592
-268.304
-255.129
-270.633
-268.599
-340.744
-327.279
-508.445
-15.0862
-2473.84
-1034.84
-283.007
-182.174
-314.592
-275.203
-267.059
-269.157
-256.161
-271.536
-268.616
-340.918
-327.912
-504.536
-5.75928
-2475.08
-1034.9
-283.101
-182.239
-314.716
-275.335
-267.2
-269.256
-256.286
-271.667
-267.332
-339.538
-320.096
-487.504
-8.48151
-2517.44
-1034.78
-283.008
-182.197
-314.648
-275.264
-267.275
-269.603
-256.961
-273.09
-268.377
-345.438
-316.345
-549.048
-32.4808
-2433.47
-1034.82
-283.047
-182.214
-314.666
-275.263
-267.14
-269.173
-256.172
-271.546
-267.173
-339.641
-319.575
-489.376
-10.1697
-2507.75
-1034.71
-282.882
-182.144
-314.503
-275.073
-266.93
-268.959
-255.888
-271.145
-268.05
-340.056
-326.226
-501.444
-4.1306
-2475.89
-1034.71
-282.889
-182.135
-314.389
-274.858
-266.407
-268.017
-254.744
-270.093
-267.841
-339.63
-326.06
-505.361
-14.3022
-2468.02
-1034.59
-282.764
-182.03
-314.146
-274.55
-265.953
-267.626
-254.552
-270.687
-269.256
-341.212
-326.911
-514.255
-1.70505
-2464.42
-1034.56
-282.783
-181.981
-313.962
-274.22
-265.141
-266.289
-252.728
-269.539
-268.807
-339.898
-324.026
-501.364
10.493
-2517.72
-1034.43
-282.728
-181.904
-313.75
-273.938
-264.661
-266.061
-252.509
-271.186
-270.078
-340.952
-322.624
-515.648
21.5445
-2520.15
-1034.39
-282.765
-181.843
-313.574
-273.617
-263.858
-264.886
-250.121
-269.437
-268.248
-338.115
-318.871
-488.688
40.8974
-2624.3
-1126.31
-311.132
-200.544
-350.784
-313.969
-307.227
-320.996
-303.779
-348.091
-324.376
-446.586
-346.419
-669.36
100.719
-3174.6
-1126.24
-311.057
-200.559
-350.865
-314.164
-307.919
-322.12
-306.124
-350.519
-326.532
-452.028
-347.824
-677.072
100.339
-3149.87
-1126.27
-311.137
-200.63
-351.045
-314.417
-308.378
-322.245
-306.218
-348.548
-325.178
-449.679
-352.201
-673.275
68.2919
-3130.12
-1126.23
-311.031
-200.636
-351.147
-314.64
-309.116
-323.541
-308.071
-349.796
-326.125
-452.653
-354.982
-705.203
48.4698
-3063.05
-1126.33
-311.096
-200.708
-351.338
-314.886
-309.486
-323.761
-308.026
-348.77
-324.222
-447.964
-354.244
-674.326
48.7593
-3148.14
-1126.23
-310.983
-200.713
-351.384
-315.001
-309.921
-324.614
-309.043
-349.679
-324.3
-449.367
-352.058
-678.583
78.8757
-3167.51
-1126.28
-311.058
-200.782
-351.504
-315.114
-310.018
-324.626
-308.932
-349.521
-322.548
-447.616
-341.729
-634.529
57.8961
-3264.81
-1126.15
-310.95
-200.729
-351.414
-315.004
-310.063
-324.988
-309.572
-351.251
-322.774
-462.581
-319.819
-848.425
-63.5787
-2962.27
-1126.15
-311.01
-200.75
-351.445
-315.019
-309.935
-324.508
-308.765
-349.364
-322.23
-448.26
-340.862
-645.325
59.89
-3237.51
-1126.02
-310.853
-200.666
-351.27
-314.825
-309.748
-324.344
-308.668
-349.137
-323.424
-448.185
-348.778
-674.606
79.2854
-3179.46
-1126.01
-310.858
-200.665
-351.169
-314.643
-309.241
-323.363
-307.501
-347.996
-323.071
-446.177
-352.296
-667.345
55.8357
-3140.04
-1125.88
-310.727
-200.569
-350.929
-314.343
-308.796
-323.012
-307.401
-348.754
-324.618
-450.243
-352.257
-698.941
48.549
-3059.29
-1125.84
-310.758
-200.532
-350.781
-314.062
-307.981
-321.594
-305.41
-347.283
-323.374
-446.936
-349.056
-667.463
68.7959
-3112.78
-1125.71
-310.705
-200.452
-350.569
-313.775
-307.474
-321.397
-305.239
-349.123
-324.509
-449.055
-344.084
-670.63
98.9074
-3133.94
-1125.67
-310.749
-200.403
-350.44
-313.518
-306.708
-320.152
-302.765
-346.443
-322.081
-443.237
-342.335
-662.755
101.309
-3153.78
-1225.19
-349.752
-222.734
-394.849
-362.965
-356.996
-386.747
-361.515
-441.244
-380.59
-586.656
-362.349
-804.117
166.755
-4569.05
-1225.13
-349.659
-222.732
-394.882
-363.088
-357.649
-387.917
-363.739
-444.41
-382.471
-604.575
-362.797
-1102.39
19.4576
-3959.19
-1225.16
-349.725
-222.802
-395.06
-363.334
-358.113
-388.005
-363.7
-442.077
-380.818
-595.68
-374.254
-913.94
105.563
-4092.11
-1225.1
-349.629
-222.803
-395.125
-363.488
-358.819
-389.255
-365.499
-443.169
-381.486
-599.543
-379.253
-961.981
90.0921
-3985.39
-1225.17
-349.697
-222.885
-395.311
-363.71
-359.168
-389.307
-365.2
-441.114
-378.612
-585.435
-375.712
-879.239
100.411
-4129.98
-1225.08
-349.566
-222.875
-395.329
-363.764
-359.565
-390.078
-366.111
-441.807
-377.956
-587.477
-370.19
-881.159
143.501
-4154.5
-1225.11
-349.635
-222.953
-395.452
-363.859
-359.628
-389.932
-365.732
-440.717
-375.4
-579.736
-357.191
-771.029
119.242
-4332.33
-1224.98
-349.514
-222.891
-395.345
-363.716
-359.642
-390.306
-366.314
-443.219
-374.609
-611.134
-323.179
-1077.8
-180.166
-3814.09
-1224.97
-349.579
-222.919
-395.388
-363.74
-359.523
-389.76
-365.518
-440.404
-374.857
-580.18
-355.143
-766.644
125.163
-4331.51
-1224.82
-349.439
-222.833
-395.21
-363.544
-359.352
-389.699
-365.653
-440.939
-376.697
-585.371
-364.536
-872.86
149.692
-4161.85
-1224.78
-349.459
-222.832
-395.113
-363.389
-358.864
-388.753
-364.561
-439.882
-376.995
-581.999
-372.058
-865.831
111.948
-4122.9
-1224.63
-349.317
-222.736
-394.87
-363.106
-358.442
-388.547
-364.686
-441.598
-379.445
-595.574
-374.774
-954.148
89.4147
-3970.45
-1224.58
-349.328
-222.713
-394.748
-362.883
-357.649
-387.135
-362.706
-440.225
-378.378
-591.409
-369.425
-905.685
104.986
-4058.14
-1224.45
-349.264
-222.642
-394.541
-362.6
-357.133
-386.958
-362.646
-442.402
-379.733
-600.527
-357.011
-1106.95
10.8292
-3918.21
-1224.4
-349.293
-222.593
-394.441
-362.384
-356.38
-385.617
-360.226
-438.878
-377.396
-581.168
-355.561
-787.354
160.676
-4550.41
-1323.8
-400.748
-251.48
-449.311
-429.97
-423.958
-479.832
-438.036
-572.388
-446.258
-776.099
-360.276
-1231.3
238.703
-4966.25
-1323.7
-400.634
-251.444
-449.277
-429.97
-424.579
-480.983
-440.308
-576.271
-450.395
-806.6
-357.922
-1481.76
29.0031
-4526.9
-1323.71
-400.67
-251.501
-449.441
-430.167
-425.09
-480.982
-440.595
-574.124
-450.918
-802.084
-394.266
-1335.17
152.15
-4882.54
-1323.6
-400.552
-251.467
-449.448
-430.184
-425.769
-482.072
-442.661
-575.626
-452.649
-815.938
-393.878
-1440.8
138.976
-4957.61
-1323.61
-400.598
-251.539
-449.622
-430.331
-426.146
-481.846
-442.481
-571.955
-450.562
-783.774
-406.786
-1169.2
222.007
-5433.76
-1323.49
-400.441
-251.491
-449.598
-430.278
-426.521
-482.447
-443.475
-572.312
-449.265
-782.338
-388.95
-1132.03
287.29
-5501.76
-1323.47
-400.479
-251.557
-449.718
-430.33
-426.594
-482.096
-443.103
-570.307
-448.214
-775.683
-404.481
-1065.75
168.232
-5683.61
-1323.31
-400.342
-251.477
-449.587
-430.137
-426.574
-482.445
-443.643
-573.01
-446.577
-803.341
-366.015
-1315.61
-267.087
-4926.15
-1323.26
-400.389
-251.504
-449.633
-430.167
-426.467
-481.844
-442.852
-569.847
-447.372
-777.173
-399.959
-1136.1
169.579
-5570.37
-1323.07
-400.259
-251.414
-449.45
-429.981
-426.274
-481.901
-442.955
-570.985
-447.601
-778.496
-382.868
-1106.99
254.879
-5572.7
-1322.97
-400.304
-251.418
-449.37
-429.883
-425.785
-481.034
-441.727
-570.09
-448.384
-778.312
-402.915
-1146.21
260.194
-5373.66
-1322.8
-400.181
-251.317
-449.117
-429.637
-425.329
-481.036
-441.7
-573.254
-449.819
-808.217
-390.492
-1393.48
150.361
-5010.2
-1322.73
-400.185
-251.313
-449.016
-429.509
-424.545
-479.715
-439.39
-571.393
-447.399
-794.272
-387.831
-1306.72
159.687
-4864.16
-1322.6
-400.117
-251.257
-448.817
-429.267
-423.978
-479.597
-438.999
-573.329
-446.338
-798.444
-348.984
-1454.11
25.2455
-4480.13
-1322.55
-400.14
-251.225
-448.757
-429.128
-423.213
-478.196
-436.452
-569.001
-441.539
-766.545
-349.847
-1203.55
241.578
-4877.78
-1422.06
-467.732
-285.294
-510.435
-504.666
-492.182
-576.104
-509.449
-712.388
-514.274
-1049.97
-398.905
-1820.89
21.9627
-5460.73
-1421.98
-467.665
-285.277
-510.425
-504.638
-492.967
-577.326
-511.329
-713.728
-516.184
-1061.45
-392.569
-1938.78
-149.325
-5494.97
-1421.99
-467.708
-285.326
-510.59
-504.743
-493.549
-576.917
-511.508
-709.232
-513.885
-1038.67
-415.914
-1799.96
34.394
-6267.43
-1421.89
-467.638
-285.301
-510.616
-504.655
-494.289
-577.512
-513.266
-707.208
-511.781
-1036.5
-403.023
-1970.07
-46.5821
-6537.75
-1421.89
-467.712
-285.372
-510.812
-504.705
-494.764
-576.679
-513.008
-699.549
-509.409
-981.159
-431.091
-1459.04
209.692
-7294.95
-1421.78
-467.608
-285.329
-510.809
-504.558
-495.201
-576.824
-513.914
-697.005
-505.264
-964.562
-375.026
-1372.53
128.77
-7590.4
-1421.75
-467.664
-285.398
-510.953
-504.562
-495.362
-576.242
-513.803
-695.173
-508.328
-984.061
-419.431
-1694.91
-164.247
-7182.69
-1421.61
-467.557
-285.329
-510.835
-504.33
-495.342
-576.405
-514.231
-695.315
-504.05
-975.513
-366.134
-1642.55
-346.787
-6383.18
-1421.55
-467.611
-285.375
-510.894
-504.375
-495.268
-575.94
-513.653
-694.467
-507.25
-983.411
-410.027
-1736.91
-215.831
-6941.95
-1421.38
-467.49
-285.301
-510.719
-504.223
-495.03
-576.186
-513.624
-695.41
-504.145
-959.52
-373.399
-1346.23
22.978
-7603.48
-1421.28
-467.521
-285.326
-510.648
-504.195
-494.512
-575.723
-512.531
-697.357
-507.459
-974.673
-424.466
-1432.78
237.692
-7163.68
-1421.12
-467.403
-285.252
-510.392
-504.021
-493.989
-576.294
-512.706
-704.477
-509.763
-1027.89
-402.039
-1929
-74.835
-6499.42
-1421.04
-467.366
-285.246
-510.256
-503.945
-493.151
-575.4
-510.73
-706.061
-511.243
-1030.51
-413.041
-1766.25
24.3964
-6179.87
-1420.9
-467.306
-285.232
-510.058
-503.791
-492.536
-575.666
-510.508
-710.357
-513.129
-1053.51
-388.582
-1907.69
-166.048
-5374.4
-1420.82
-467.259
-285.198
-509.943
-503.638
-491.552
-574.1
-508.304
-708.533
-510.421
-1041.63
-390.584
-1792.99
28.8154
-5298.41
-1484.02
-563.098
-336.499
-577.802
-619.906
-597.379
-744.227
-633.578
-947.518
-652.629
-1227.66
-664.726
-1251.13
495.345
-8100.97
-1483.91
-563.012
-336.432
-577.772
-619.57
-598.289
-744.722
-635.706
-949.326
-655.178
-1265.42
-658.166
-1434.32
246.686
-8377.09
-1483.84
-562.961
-336.375
-577.927
-619.372
-599.056
-743.279
-636.85
-944
-656.901
-1259.97
-661.827
-1550.63
535.339
-8708.38
-1483.69
-562.886
-336.271
-577.944
-618.907
-599.912
-742.749
-639.505
-941.911
-659.247
-1291.68
-622.395
-1861.91
209.695
-8964.37
-1483.6
-562.928
-336.277
-578.165
-618.623
-600.643
-740.767
-640.4
-932.831
-658.034
-1259.11
-607.546
-1613.8
798.349
-9590.88
-1483.4
-562.838
-336.15
-578.148
-618.166
-601.18
-739.922
-641.618
-927.938
-650.248
-1244.32
-518.465
-1462.1
368.934
-10402.1
-1483.23
-562.867
-336.158
-578.305
-617.975
-601.488
-738.76
-641.663
-925.772
-649.347
-1287.31
-538.921
-2215.38
-451.716
-9423.67
-1482.95
-562.744
-336.021
-578.166
-617.613
-601.47
-738.481
-642.128
-922.15
-644.459
-1229.14
-465.355
-1949.64
-56.9773
-8416.31
-1482.74
-562.733
-336.024
-578.223
-617.664
-601.43
-738.206
-641.645
-924.127
-648.391
-1280.57
-531.217
-2174.4
-537.031
-9135.3
-1482.47
-562.592
-335.911
-578.019
-617.595
-601.09
-738.802
-641.636
-924.987
-649.942
-1235.39
-522.338
-1425.67
265.096
-10339.8
-1482.27
-562.565
-335.933
-577.945
-617.747
-600.487
-739.079
-640.265
-928.763
-656.079
-1246.76
-595.462
-1548.46
799.844
-9447.15
-1482.03
-562.398
-335.856
-577.662
-617.797
-599.745
-740.579
-639.375
-937.024
-657.271
-1277.83
-621.76
-1792.41
180.285
-8879.11
-1481.9
-562.246
-335.835
-577.499
-617.946
-598.779
-740.522
-636.487
-938.42
-653.205
-1245.15
-649.185
-1489.73
520.691
-8535.45
-1481.77
-562.159
-335.865
-577.308
-618.014
-598.035
-741.68
-635.414
-943.459
-651.181
-1251.76
-645.3
-1378.27
174.41
-8141.53
-1481.68
-562.042
-335.798
-577.163
-618.03
-596.876
-740.572
-632.961
-940.885
-647.521
-1214.22
-647.157
-1197.63
439.872
-7789.67
-1644.97
-2264.69
-2807.79
-3526.16
-4426.18
-5614.59
-7005.13
-8889.57
-10787.8
-13888.2
-17519.8
-20531.2
-32911
-27380.2
-81550.6
-652.314
-803.272
-901.23
-1122.44
-1373.89
-1717.49
-2110.31
-2698.26
-3351.67
-4423.02
-5415.72
-7643.49
-6907.66
-14478.9
-990.259
-429.844
-571.196
-699.339
-904.241
-1130.44
-1441.45
-1826.18
-2346.01
-3031.3
-3938
-5671.18
-7750.55
-13947
-19582.7
-11690.3
-667.51
-886.844
-1108.02
-1423.7
-1799.49
-2291.03
-2867.11
-3608.27
-4493.14
-5662.06
-7062.53
-8451.98
-9403.8
-9282.73
-2799.38
-729.168
-952.857
-1191.1
-1523.48
-1908.37
-2402.41
-2943.68
-3654.37
-4419.54
-5492.99
-6542.65
-8228.08
-9804.33
-13018.7
-12705.8
-681.383
-895.052
-1152.16
-1523.81
-1968.95
-2551.24
-3137.44
-3885.05
-4574.36
-5622.12
-6498.59
-8037.35
-8576.11
-9723.36
-6013.51
-867.324
-1194.99
-1588.3
-2060.16
-2552.21
-3145.28
-3635.43
-4329.2
-4935.38
-6042.54
-6838.3
-8655.67
-9297.44
-11446.3
-10661.8
-691.409
-963.429
-1309.83
-1771.29
-2294.01
-2980.96
-3423.53
-4227.62
-4795.91
-6175.09
-6883.2
-8846.18
-8478.69
-11068.7
-7304.13
-1084.1
-1682.5
-2385.39
-3037.45
-3645.64
-4410.2
-4635.3
-5506.47
-5894.76
-7711.2
-8323.5
-10910.4
-9288.96
-13099.2
-6672.62
-690.352
-1095.73
-1579.36
-2083.75
-2612.27
-3180.51
-2815.72
-3950.81
-5085.57
-6708.78
-5795.27
-8059.18
-7206.64
-11452.5
-3112.83
-1467.19
-2680.23
-3853.32
-4901.91
-5795.84
-7173.8
-7184.01
-11961.5
-13034.5
-17562.4
-14520.9
-19864
-12788.2
-12677
5967.09
-679.659
-1375.89
-2069.63
-2365.52
-3147.42
-2392.86
-605.562
-538.753
-3286.66
-3182.75
-462.019
-8246.16
-3956.76
-5746.23
8363.09
-1599.17
-4938.5
-6659.95
-8710.02
-11992.2
-14971.3
-17233.3
-22683.5
-36423
-38395
-45134.8
-41988.6
-18742.6
-4647
10837.7
-2288.94
-5834.23
-4802.97
-3660.25
-220.912
4503.39
1214.16
-5248.8
1140.17
10035.1
3988.11
-29505.3
-10203.3
-99844.5
78811.2
-11029.1
-6643.06
-3153.92
-4455.11
-11648.1
-17556.8
-16891.8
-23747.1
-38149.7
-67537.8
-116036
-218201
-395943
-533358
-448221
-1644.74
-2264.05
-2808.25
-3526.24
-4427.64
-5618.66
-7011.91
-8861.15
-10808.3
-13804.8
-17721.1
-20349.9
-33569.8
-27828.2
-82596.4
-652.386
-803.07
-902.003
-1122
-1374.09
-1714.36
-2120.71
-2686.97
-3378.34
-4358.19
-5624.76
-7438.84
-8360.69
-14189
-2187.98
-429.82
-570.889
-698.6
-903.584
-1130.4
-1442.7
-1836.65
-2353.23
-3037.45
-3937.23
-5617.7
-7715.52
-12789
-18204.3
-13411.6
-667.602
-887.148
-1108.32
-1424.52
-1801.07
-2293.38
-2871.27
-3605.43
-4484.81
-5648.62
-7070.66
-8444.6
-9712.64
-9514.15
-7886.3
-728.838
-952.625
-1190.33
-1522.86
-1908.77
-2402.1
-2941.75
-3639.1
-4401.45
-5482.3
-6579.69
-8255.54
-9757.51
-12999.8
-14091.3
-683.856
-898.196
-1155.69
-1528.52
-1974.69
-2549.16
-3124.52
-3851.61
-4549.87
-5603.2
-6515.22
-8060.69
-8842.75
-9895.02
-9320.53
-869.486
-1191.2
-1574.97
-2037.23
-2527.89
-3115.87
-3607.89
-4277.88
-4872.61
-6005.76
-6848.36
-8601.72
-9312.06
-11489.6
-11939.6
-696.337
-962.644
-1312.2
-1783.48
-2328.22
-3000.15
-3388.84
-4078.64
-4656.49
-5993.22
-6684.81
-8623.65
-8307.85
-11026.5
-8288.66
-1087.94
-1660.45
-2315.39
-2906.92
-3513.22
-4211.72
-4434.54
-5210.34
-5689.96
-7460.43
-7988.45
-10550.2
-8759.86
-13244.1
-7255.53
-682.153
-1069.81
-1572.33
-2100.43
-2711.32
-3253
-2720.98
-3480.02
-4380.94
-6257.72
-5282.04
-7969.87
-6183.7
-11183.6
-4424.66
-1446.04
-2639.1
-3655.59
-4448.34
-5436.35
-6409.44
-6595.72
-10719.7
-13827
-17217.8
-16810
-19191.5
-13121.8
-19151.2
1564.79
-604.046
-1449.33
-2345.83
-2716.16
-3624.03
-2773.01
-1334.62
-514.753
-2312.72
-3882.7
-3441.25
-8708.74
-4623.75
-11863.6
-2743.42
-1677.29
-4587.05
-6168.7
-8035.09
-12186.7
-20055.3
-27095
-30253.2
-39040.7
-36811.9
-40072.3
-31165.8
-48448.6
-67945.6
14718.9
-1994.08
-5851.9
-4494.31
-2788.64
-1267.22
-3274.98
-9893.65
-14998.8
-10448
-1348.76
-17662
-13770.7
-4199.46
-128231
10066.8
-12717.4
-8592.93
-6268.31
-7628.48
-16353.4
-25836.8
-31369.4
-41962.1
-45541.3
-59444.5
-94332
-199156
-227039
-349934
-443633
-1644.79
-2264.1
-2808.74
-3524.96
-4427.18
-5615.37
-7021.76
-8846.19
-10853.5
-13713.2
-17922.3
-20129.8
-34131.5
-27849
-84786
-652.41
-802.981
-902.138
-1121.41
-1374.62
-1710.08
-2126.74
-2682.74
-3394.83
-4321.61
-5687.34
-7288.57
-8501.19
-13690.7
-5407.69
-429.651
-570.705
-698.38
-903.344
-1130.39
-1442.02
-1835.56
-2353.34
-3030.52
-3943.02
-5516.89
-7744.11
-11821.4
-18454.4
-12086.2
-667.884
-887.569
-1108.55
-1424.33
-1800.95
-2292.18
-2868.49
-3599.99
-4473.1
-5637.33
-7047.03
-8469.03
-9733.53
-9823.81
-7701.37
-728.493
-951.604
-1187.96
-1519.07
-1904.98
-2396.63
-2935.67
-3626.32
-4380.18
-5448.68
-6545.29
-8217.6
-9626.51
-13152.8
-12787.5
-685.553
-899.354
-1155.51
-1526.75
-1972.84
-2541.74
-3111.13
-3821.92
-4512.71
-5563.93
-6479.71
-7980.58
-8629.88
-10037
-7924.17
-866.533
-1181.44
-1558.65
-2016.48
-2506.56
-3086.38
-3573.06
-4218.46
-4793.51
-5874.77
-6615.13
-8340.07
-8927.06
-11521.9
-10257.6
-699.36
-962.393
-1310.38
-1783.08
-2334.8
-2986.44
-3351.08
-3969.95
-4471.94
-5722.18
-6412.59
-8416.21
-7920.84
-10871.9
-6581.38
-1069.78
-1615.37
-2260.52
-2839.29
-3429.96
-4033.14
-4200.94
-4771.47
-5262.03
-6997.73
-7577.4
-10241.8
-8223.63
-13107.4
-5811.65
-681.715
-1059.09
-1576.79
-2145.11
-2812.48
-3273.77
-2602.5
-3223.92
-4101.71
-5822.19
-5098.86
-8218.37
-5783.39
-11338.9
-1739.63
-1353.48
-2531.11
-3554.85
-4239.53
-5207.08
-5226.06
-5053.35
-7995.97
-11071.8
-15187.3
-17403.4
-19212.6
-9680.74
-20463.5
7229.13
-588.882
-1316.59
-2292.71
-2962.74
-4245.89
-3384.65
-1361.04
402.528
-402.139
-2955.64
-2842.9
-9676.88
303.83
-14890.8
13491.7
-1540.45
-4893.51
-6208.95
-7914.22
-11828.7
-15426
-14837.3
-15786.1
-24999.6
-29818.3
-39784.5
-28945.1
-57697.7
-60749.8
36078.5
-1002.13
-6297.52
-4996.49
-4162.28
-3849.49
-2095.04
-7034.68
-9173.86
-3318.53
11931.4
-2296.3
2997.71
15022.8
-60753.9
8518.61
-14378.3
-11208
-9240.91
-12603.9
-23665
-40367.2
-54198.3
-65364.6
-72667
-81709.4
-87365.4
-175063
-154316
-292759
-432835
-1644.55
-2263.39
-2809.63
-3524.91
-4430.17
-5613.66
-7030.45
-8819.24
-10889.3
-13620.7
-18134.7
-19902.7
-34569.7
-27867.8
-87487.9
-652.547
-802.756
-902.501
-1120.53
-1374.94
-1705.74
-2133.22
-2670.88
-3422.31
-4285.58
-5842.97
-7200.89
-9123.98
-13617.2
-7584.09
-429.52
-570.169
-697.593
-902.583
-1130.23
-1442.8
-1839.24
-2355.06
-3026.09
-3942.58
-5451.05
-7781.36
-11077.8
-18582.7
-11064.6
-668.058
-887.74
-1108.56
-1424.46
-1801.6
-2292.79
-2868.86
-3595.23
-4462.04
-5624.82
-7044.77
-8509.65
-9871.36
-9901.32
-7450.13
-727.859
-950.529
-1185.97
-1516.47
-1902.7
-2392.69
-2929.82
-3609.73
-4356.98
-5421.58
-6531.3
-8217.3
-9541.9
-13119
-11678.6
-687.532
-901.229
-1156.75
-1527.61
-1973.35
-2535.88
-3097.45
-3789.25
-4471.19
-5515.92
-6446.37
-7936.24
-8595.52
-10035.7
-6713.39
-865.109
-1173.66
-1544.44
-1996.37
-2481.96
-3052.49
-3531.34
-4141.36
-4692.83
-5758.88
-6500.25
-8247.39
-8754.57
-11317
-9279.63
-704.404
-963.704
-1309.24
-1784.33
-2341.06
-2973.5
-3307.87
-3848.49
-4318.11
-5529.95
-6202.39
-8189.61
-7600.44
-10419.8
-5738.35
-1051.62
-1566.5
-2205.94
-2768.1
-3321.42
-3851.14
-3973.55
-4342.22
-4782.56
-6431.26
-7017.98
-9669.93
-7556.82
-12624
-4719.99
-688.417
-1038.24
-1570.84
-2155.06
-2833.15
-3270.72
-2503.78
-3005.76
-3758.28
-5387.56
-5174.44
-8218.72
-5014.83
-10795.4
211.884
-1216.94
-2300.04
-3413.52
-4029.51
-4786.52
-4453.97
-4232.1
-6613
-9661.11
-13814.1
-15151.5
-17105
-8381.46
-20989.9
9159.74
-549.334
-1215.82
-2278.09
-2971.58
-4021.86
-3668.99
-2871.37
-2396.74
-2698.66
-4351.31
-3373.88
-10643.1
1536.22
-16816
13952.4
-1447.28
-5080.93
-6244.29
-7793.9
-8771.7
-12117.1
-13210.5
-15511.3
-22483.5
-30868.2
-46676.9
-31452.3
-64856.6
-62800.6
31850.7
142.473
-5955.58
-6534.42
-5818.56
-1190.48
7972.73
10302.8
9006.37
9362.64
12807.9
-15102.9
-3952.15
16803.6
-44694.8
-1103.51
-15167.5
-13787
-13458.8
-15643.5
-25849.6
-37337.4
-46829.5
-56645.1
-67825.8
-80616.3
-89097.6
-165186
-135745
-238243
-407771
-1644.44
-2262.88
-2809.54
-3523.99
-4432.06
-5611.25
-7043.91
-8799.13
-10920.8
-13527.3
-18291.3
-19699.9
-34930.1
-27660.5
-88716.3
-652.831
-802.741
-902.802
-1118.84
-1375.05
-1700.12
-2139.56
-2664.27
-3453.81
-4263.62
-5975.17
-7209.07
-9491.37
-13727
-9549.59
-429.467
-569.914
-697.027
-901.754
-1129.95
-1442.65
-1840.4
-2358.21
-3020.99
-3944.24
-5370.53
-7811.94
-10675.7
-19270
-10858.7
-668.46
-888.101
-1108.62
-1424.07
-1801.08
-2290.9
-2865.23
-3588.87
-4448.23
-5609.13
-7027.68
-8522.43
-10013.3
-9806.91
-7606.02
-727.347
-949.235
-1183.39
-1512.56
-1898.23
-2385.74
-2920.95
-3592.65
-4330.6
-5382.75
-6485.3
-8174.51
-9423.33
-13026.6
-11039.6
-689.349
-902.426
-1156.45
-1525.73
-1969.66
-2525.76
-3080.89
-3755.44
-4423.39
-5453.46
-6392.08
-7857.2
-8556.35
-9832.58
-6139.34
-861.612
-1163.06
-1527.8
-1976.08
-2458.1
-3021.41
-3492.69
-4072.1
-4599.69
-5643.26
-6370.06
-8095.57
-8559.48
-11026.4
-8769.1
-708.47
-964.684
-1305.58
-1779.04
-2334.34
-2952.22
-3270.18
-3750.26
-4170.8
-5340.96
-6016.33
-8013.09
-7425.65
-10056.3
-5167.53
-1030.32
-1509.47
-2143.29
-2712.92
-3242.6
-3739.59
-3797.46
-3984.51
-4386.08
-5970.19
-6612.92
-9277.59
-7269.81
-12230.1
-3976.97
-702.534
-1030.34
-1576.47
-2149.88
-2825.12
-3252.11
-2420.75
-2864.73
-3450.69
-5092.08
-5372.86
-8396.1
-4825.82
-10296.8
1002.7
-1119.24
-2049.89
-3193.84
-3884.52
-4517.88
-4148.26
-3678.91
-5272.92
-7647.77
-11563.2
-13050.7
-15731
-7471.91
-19710.6
7907.98
-622.653
-1108.18
-2221.15
-2902.88
-3933.89
-3506.75
-3131.55
-2907.37
-3809.09
-5798.75
-5572.46
-10630.2
-1980.44
-18095.2
10077.6
-1396.62
-3763.21
-5430.27
-6618.46
-7211.2
-9531.86
-10934.9
-13365.5
-18263
-24312.2
-30656.2
-26464.7
-41858.7
-68498.4
29570.4
1133.95
-2486.77
-4705.48
-4504.22
-700.04
7235.66
7753.74
4827.05
5321.16
10576.9
-3184.79
11452.6
21709
-29846.3
5633.42
-15021.7
-14514.2
-16201.4
-18037
-29440.4
-41218.8
-50024.8
-60739.5
-72179.8
-87321.9
-109526
-163822
-188003
-205904
-381694
-1644.12
-2262.34
-2809.88
-3523.61
-4434.34
-5608.58
-7056.16
-8775.65
-10952.1
-13444.5
-18422.8
-19564.1
-35258.8
-27417.3
-88228.4
-652.986
-802.438
-903.199
-1116.88
-1375.55
-1694.87
-2145.08
-2658.68
-3485.2
-4261.88
-6097.22
-7247.55
-9755.32
-14099.9
-11430
-429.311
-569.541
-696.505
-901.009
-1129.87
-1443.27
-1842.75
-2361.33
-3017.4
-3947.54
-5316.82
-7835.51
-10518.3
-20097.3
-10402
-668.582
-888.13
-1108.49
-1423.86
-1801.13
-2290.39
-2863.51
-3583.7
-4437.07
-5595.92
-7021.81
-8525.9
-10154.4
-9705.75
-7657.42
-726.715
-948.094
-1181.5
-1510.03
-1895.67
-2381.38
-2914.69
-3578.17
-4309.02
-5353.66
-6451.31
-8149.7
-9340.91
-12986.9
-10598.7
-690.752
-903.496
-1156.71
-1525.29
-1968.25
-2520.01
-3070.37
-3731.27
-4388.98
-5405.94
-6343.31
-7796.29
-8530.21
-9675.42
-5816.02
-860.058
-1156.51
-1516.79
-1962.72
-2441.42
-2998.53
-3462.88
-4018.25
-4522.11
-5541.08
-6241.25
-7966.48
-8385.98
-10775.5
-8405.2
-712.529
-965.286
-1301.92
-1773.54
-2326.52
-2938.21
-3246.18
-3678.64
-4069.9
-5195.36
-5803.36
-7757.71
-7127.85
-9606.33
-4720.34
-1019.32
-1470.44
-2095.43
-2673.3
-3180.98
-3671.39
-3693.02
-3788.32
-4093.07
-5534.56
-6036.07
-8631.65
-6656.46
-11539.9
-3359.4
-710.8
-1014.34
-1554.87
-2119.5
-2799.74
-3277.56
-2384.89
-2509.54
-2937.83
-4410.87
-4569.12
-7345.41
-3747.14
-8817.2
1547.88
-1064.08
-1853.31
-3044.18
-3824.75
-4348.61
-4354.4
-3228.88
-4196.5
-5832.63
-8796.97
-9043.63
-11677.1
-3753.07
-15512.7
7977.48
-497.805
-911.898
-2051.25
-2742.84
-4212.37
-3720.67
-2868.03
-2217.2
-2940.71
-4777.5
-3667.18
-5476.66
118.325
-16711.8
15416.7
-1818.58
-3769.24
-5926.9
-7051.99
-9424.23
-8540.26
-8438.41
-10471.3
-14628.5
-18413.7
-21485.2
-23721.2
-26567.8
-65342.3
27843.4
760.52
-731.757
-2720.19
-3758.3
-5535.08
-7173.15
-7595.19
-11957.1
-15771.7
-14724.7
-15438.9
-11510.3
36415.4
-26173.1
8800.98
-15394.1
-14372.7
-15960.1
-15928
-27441.7
-48403.4
-60002.8
-70245.9
-82738.9
-97972.8
-119246
-171060
-182440
-188638
-354992
-1643.9
-2262.11
-2810.28
-3523.02
-4435.96
-5603.34
-7069.14
-8746.9
-10976.2
-13357.1
-18544.5
-19489.2
-35730.3
-27439.8
-89216.7
-653.15
-802.045
-903.396
-1115.07
-1376.65
-1690.86
-2151.97
-2659.24
-3513.33
-4265.26
-6212.64
-7316.32
-9921.57
-14568.2
-10544.3
-429.265
-569.365
-696.391
-900.819
-1130.35
-1443.82
-1844.88
-2366.53
-3014.94
-3948.99
-5266.95
-7851.72
-10394.3
-20797.1
-9292.54
-668.861
-888.341
-1108.58
-1423.67
-1800.9
-2289.06
-2860.9
-3578.91
-4425.91
-5578.05
-7005.38
-8509.2
-10240.3
-9785.79
-7823.73
-726.374
-947.303
-1179.99
-1507.48
-1892.57
-2376.08
-2908.13
-3565.52
-4288.88
-5322.03
-6407.22
-8116.37
-9268.61
-13082.8
-10678.4
-691.627
-904.117
-1156.63
-1524.11
-1965.33
-2512
-3058.25
-3708.31
-4358.11
-5360.22
-6302.37
-7757.19
-8564.75
-9774.85
-6199.65
-858.721
-1152.52
-1509.9
-1953.01
-2428.75
-2981
-3445.15
-3994.79
-4489.95
-5489.53
-6179.36
-7914.58
-8370.98
-10879.2
-8768.01
-714.885
-967.126
-1302.22
-1771.69
-2318.56
-2916.04
-3229.28
-3647.05
-4046.35
-5152.87
-5774.06
-7744.25
-7208.95
-9715.51
-5249.03
-1022.87
-1473.38
-2098.39
-2664.86
-3156.97
-3655.93
-3724.98
-3964.15
-4215.93
-5573.36
-6061.49
-8707.31
-6858.01
-11707.8
-3953.71
-727.982
-1043.41
-1562.11
-2127.87
-2765.12
-3212.57
-2558.21
-2597.28
-2880.45
-4049.24
-4268.75
-7055.42
-3887.47
-8932.34
744.874
-1230.04
-2046.09
-3220.07
-3867.3
-4335.32
-4582.76
-3604.89
-4529.36
-6340.87
-9501.56
-10611
-14105.2
-3590.32
-16057.2
5707.35
-582.556
-1081.31
-2131.33
-2832.39
-3813.51
-3658.03
-3110.57
-3202.16
-4046.84
-5968.29
-5766.61
-9292.28
-1738.32
-18829.9
15789.4
-2247.86
-3910.13
-6423.71
-6984.13
-8494
-11074.6
-15117.2
-17130.4
-19846.6
-22629.5
-27466.7
-38832.3
-20852.2
-58266.5
24674.6
-170.191
-1384.06
-3727.75
-3700.79
-4309.75
-10246
-15935.7
-19943
-22959.8
-23760.6
-25846.9
-35629.6
-13749.2
-16595.4
15046.3
-15022.4
-14805.5
-13450.3
-14505.2
-23086
-38031.9
-45925.4
-51795.7
-60769.7
-75713.6
-96282.9
-142563
-214188
-188376
-327449
-1643.73
-2261.89
-2810.77
-3521.54
-4437.04
-5595.3
-7078.06
-8721.3
-11004.8
-13309.9
-18691.1
-19388
-36277.5
-27841.6
-92556.7
-653.119
-801.53
-903.729
-1114.04
-1378.46
-1688.85
-2156.78
-2657.47
-3539.56
-4265.4
-6340.41
-7422.52
-9919.9
-14876.4
-7786.02
-429.146
-569.231
-696.564
-900.948
-1130.84
-1444.03
-1844.82
-2366.09
-3007.69
-3953.13
-5233.48
-7869.09
-10157.1
-20781.6
-7715.47
-668.796
-888.245
-1108.6
-1423.55
-1800.86
-2288.39
-2859.31
-3574.31
-4417.83
-5564.52
-6991.18
-8495.07
-10260.1
-10088.5
-8579.81
-725.915
-946.594
-1179.06
-1505.98
-1890.78
-2372.72
-2903.51
-3555.72
-4274.94
-5300.37
-6368.55
-8091.89
-9197.81
-13313.3
-11605.7
-691.77
-904.23
-1156.76
-1523.91
-1964.97
-2510.01
-3054.99
-3698.17
-4343.45
-5331.98
-6269.05
-7722.5
-8583.46
-10076.8
-7452.36
-858.037
-1150.32
-1506.22
-1947.61
-2421.54
-2968.67
-3427.32
-3964.5
-4451.51
-5432.46
-6102.02
-7840.97
-8301.34
-11107
-9825.08
-715.739
-967.128
-1301.01
-1768.19
-2315.54
-2910.19
-3224.86
-3631.13
-4028.15
-5102.71
-5681.74
-7631.06
-7107.48
-9807.86
-6437.51
-1014.55
-1456.97
-2076.11
-2641.83
-3133.89
-3619.7
-3679.46
-3910.56
-4158.98
-5458.88
-5900.92
-8497.83
-6731.46
-11806.3
-5162.99
-720.095
-1027.46
-1541.33
-2099.06
-2746.54
-3172.78
-2592.51
-2613.76
-2871.65
-4118.52
-4643.66
-7607.44
-3961.3
-8727.3
212.05
-1150.87
-1988.56
-3154.4
-3807.86
-4311.39
-4466.63
-3710.39
-4374.86
-6084.2
-8942.62
-9540.37
-13328.8
-4460.31
-15668.7
3302.19
-270.993
-721.323
-1920.66
-2706.55
-3687.39
-3499.64
-2849.52
-2865.5
-3268.78
-4726.22
-4182.54
-7006.57
528.734
-22171.6
11449.9
-3060.78
-4784.59
-5974.03
-6788.01
-8187.87
-9179.85
-11249.1
-13192.9
-15422.2
-19206.5
-22353.7
-30238.1
-24359.8
-52673.2
15151.3
-1111.28
-2935.36
-3278.78
-3422.68
-3620.62
-5817.74
-8614.35
-11302.7
-13783.2
-15494.9
-15745.7
-17001.1
-17217
-23477.6
12904.6
-12631.3
-12325
-12666.2
-13277.2
-19251.5
-31864.9
-39742.1
-43851.5
-49332.4
-58410.9
-74887.5
-118426
-172268
-194219
-301629
-1643.75
-2261.65
-2811.23
-3520
-4439.51
-5588.34
-7089.8
-8697.91
-11020.4
-13282.4
-18832.2
-19235.3
-36828.8
-28389.8
-96210.2
-653.146
-801.079
-903.801
-1112.86
-1379.68
-1686.62
-2161.01
-2655.91
-3563.86
-4255.69
-6476.19
-7561.34
-9936.65
-15120.3
-6518.19
-429.15
-569.205
-696.659
-900.765
-1131
-1444.19
-1846.15
-2370.1
-3005.68
-3961.29
-5220.85
-7869.9
-9883.91
-19925.8
-5763.9
-668.9
-888.32
-1108.8
-1423.48
-1800.83
-2287.6
-2858.77
-3571.97
-4414.67
-5555.44
-6988.49
-8483.25
-10264.1
-10368.3
-10227.6
-726.021
-946.544
-1179
-1505.12
-1889.11
-2368.96
-2899.31
-3547.98
-4264.8
-5278.98
-6334.11
-8061.34
-9129.22
-13631.5
-13206.5
-691.768
-904.332
-1157.4
-1524.17
-1964.85
-2508.14
-3052.45
-3689.56
-4330.07
-5300.73
-6244.94
-7698.23
-8623.69
-10521.3
-9353.51
-858.054
-1150.85
-1507.17
-1946.38
-2417.61
-2959.99
-3418.44
-3948.32
-4435.47
-5400.52
-6090.55
-7839.74
-8356.96
-11503.4
-11434.8
-715.113
-967.748
-1304.07
-1771.88
-2319.65
-2911.4
-3225.41
-3624.86
-4021.95
-5070.12
-5689.3
-7633.36
-7235.46
-10116.9
-8210.45
-1021.38
-1471.43
-2092.26
-2646.91
-3130
-3612.28
-3685.49
-3870.44
-4151.17
-5386.99
-5819.21
-8450.05
-6811.87
-12031.4
-7078
-726.862
-1044.7
-1564.1
-2131.29
-2780.36
-3222.09
-2568.38
-2632.99
-2929.14
-3878.4
-4346.57
-7683.58
-3707.28
-7968.72
-1767.32
-1232.02
-2050.72
-3209.18
-3836.25
-4281.72
-4535.89
-3693.78
-4635.47
-6636.95
-9460.44
-9919.34
-12878.4
-3797.55
-14811
-4626.48
-568.233
-1084.51
-2142.07
-2840.64
-3880.08
-3751.28
-3473.85
-3499.52
-3957.37
-5784.52
-5750.14
-9733.96
1073.44
-22361.2
-692.559
-2419.32
-3872.27
-6340.84
-6968.46
-8658.5
-11855.3
-16165.2
-19262.6
-21000.4
-25762.5
-28124
-40638.1
-35236.9
-55844.6
26231.1
-235.926
-1339.46
-3643.5
-3762.84
-4452.28
-10560.8
-16391.4
-21233.3
-24165.5
-27535.2
-28289.3
-23038.6
-11031
-31639
-1401.81
-14530.5
-14662.8
-13634.2
-14586.2
-23572.2
-39236
-47849.4
-54265.5
-62639.5
-74080.5
-96033.7
-121523
-144758
-171717
-292238
-1643.63
-2261.16
-2811.93
-3518.96
-4442.55
-5582.37
-7103.23
-8677.68
-11045.2
-13258.3
-18951.8
-19046.1
-37308.3
-28869.6
-99539.2
-653.075
-800.487
-903.758
-1111.63
-1380.42
-1683.57
-2163.79
-2656.12
-3583.54
-4250.19
-6601.89
-7683.05
-10155.4
-15564.8
-6656.05
-429.096
-569.036
-696.732
-900.667
-1131.07
-1443.87
-1846.99
-2376.08
-3012.4
-3977.85
-5233.61
-7810.23
-9660.32
-18414.4
-3957.86
-668.695
-888.059
-1108.92
-1423.56
-1801.02
-2287.67
-2860.54
-3572.94
-4418.09
-5547.35
-6986.44
-8415.43
-10214.1
-10104.7
-12132.4
-726.056
-946.635
-1179.68
-1505.56
-1889.07
-2367.52
-2898.22
-3543.66
-4259.66
-5256.56
-6299.36
-7983.84
-8996.61
-13667.2
-14591.4
-691.062
-903.88
-1158.17
-1525.47
-1967.39
-2512.31
-3058.92
-3692.92
-4328.83
-5276.85
-6217.81
-7623.21
-8562.36
-10674.9
-10997
-858.726
-1153.23
-1511.66
-1949.8
-2419.92
-2957.02
-3408.73
-3925.84
-4410.27
-5360.28
-6047.11
-7741.82
-8285.28
-11527
-12781.9
-713.008
-966.578
-1305.28
-1772.92
-2326.85
-2926.89
-3239.61
-3636.61
-4017.2
-5046.67
-5660.91
-7492.85
-7181.12
-9967.13
-9572.27
-1017.18
-1467.22
-2086.07
-2641.58
-3133.69
-3584.67
-3594.53
-3639.98
-4010.9
-5274.88
-5731.55
-8195.13
-6938.41
-11896.7
-8552.06
-710.887
-1020.26
-1562.22
-2122.84
-2823.46
-3277.25
-2434.75
-2628.97
-3154.64
-4488.17
-4867.72
-7618.91
-4214.75
-6906.09
-3624.32
-1066.46
-1862.26
-3036.84
-3777.54
-4299.03
-4206.4
-3256.17
-4100.3
-5690.48
-7983.81
-8377.21
-11588
-5064.09
-14445.2
-11656.6
-482.533
-907.759
-2052.96
-2750.91
-4283.17
-3832.65
-2999.33
-2710.71
-3489.21
-4469.52
-4732.1
-8693.71
-5074.28
-22120
-8902.65
-1862.97
-3787.11
-5834.62
-7043.85
-9396.3
-9061.52
-8849.16
-11952.9
-15216
-19586.8
-21255.8
-25111.9
-23751
-52757.4
21744.5
483.749
-857.836
-2640.23
-3875.83
-5562.28
-6935.45
-7464.83
-13869.5
-17798.2
-23151.5
-18041.4
-10309.2
5579.17
-22174.4
2757.9
-15185.3
-14126.5
-15943.4
-16000.4
-28427.7
-49944.7
-63378
-77940.1
-91442.3
-107590
-121330
-155005
-184896
-174316
-271844
-1643.65
-2260.67
-2812.48
-3517.45
-4444.45
-5573.66
-7111.07
-8658.28
-11080.7
-13239.8
-19079.1
-18849.3
-37646.3
-29204.4
-102176
-653.05
-799.884
-903.447
-1110.73
-1381.79
-1682.04
-2167.44
-2654.78
-3597.29
-4244.64
-6705.64
-7776.07
-10542
-16180.5
-8463.74
-429.157
-569.029
-697.027
-901.007
-1131.78
-1443.44
-1846.02
-2376.36
-3015.13
-3989.83
-5262.38
-7727.41
-9563.93
-16928.9
-3644.45
-668.585
-887.859
-1109.12
-1423.55
-1800.84
-2286.28
-2859.64
-3570.7
-4420.49
-5532.02
-6981.96
-8278.59
-10117.3
-9075.09
-13419.6
-726.303
-946.947
-1180.56
-1505.82
-1888.37
-2364.56
-2895.52
-3539.25
-4256.97
-5229.06
-6260.55
-7835.89
-8792.43
-13014.4
-14860.3
-689.771
-902.807
-1158.24
-1525.5
-1967.84
-2513.24
-3062.53
-3695.69
-4332.1
-5253.2
-6199.66
-7517.34
-8449.78
-10347.4
-11556.2
-859.528
-1157.98
-1519.73
-1956.2
-2425.65
-2958.41
-3411.32
-3932.35
-4425.99
-5359.1
-6065.34
-7677.88
-8218.05
-11191.7
-13377.1
-709.082
-966.129
-1309.45
-1776.67
-2333.23
-2936.21
-3266.19
-3690.96
-4089.84
-5098.2
-5745.62
-7445.35
-7246.82
-9535.57
-10212.9
-1026.55
-1502.54
-2127.1
-2666
-3169.65
-3601.35
-3643.42
-3732.22
-4142.01
-5385.71
-5927.2
-8228.69
-7259.58
-11435.3
-9316.81
-699.945
-1034.35
-1582.45
-2150.25
-2859.45
-3296.94
-2569.43
-3060.84
-3775.44
-5086.4
-5515.14
-8026.1
-4675.83
-5833.8
-4439.1
-1113.5
-2060.92
-3187.93
-3825.81
-4412.72
-3968.44
-3482.42
-4645.01
-6304.05
-8334.78
-9112.24
-12556.4
-5216.73
-13068.4
-11223.8
-604.29
-1107.62
-2203.03
-2871.11
-3980.42
-3756
-3588.66
-4158.37
-5237.81
-6216.42
-6887.49
-10238.7
-7794.85
-20744.9
-604.009
-1369.45
-3809.81
-5433.67
-6598.99
-7321.59
-10082.4
-11805.8
-14543.2
-15847
-18932.8
-21770.1
-17840.6
-15666.4
-40654.8
18099.9
1037.56
-2917.1
-4981.06
-4561.26
-203.932
7471.82
8051.14
3492.2
4891.17
5988.76
6464.4
9546.96
18514.6
-9935.85
17752.8
-14635
-14151
-15954
-17882.1
-29658.2
-42475.7
-54238
-71464.5
-85756.2
-97794.2
-108202
-146139
-185839
-197916
-255536
-1643.7
-2260.29
-2813.35
-3515.77
-4447.26
-5566.2
-7116.75
-8634.96
-11103.6
-13233.7
-19219.8
-18678.5
-37851
-29435.5
-103996
-652.847
-799.242
-903.337
-1110.38
-1383.26
-1682.1
-2171.57
-2651.37
-3607.14
-4235.11
-6804.84
-7881.28
-10936.2
-16741.9
-10975.5
-429.17
-569.043
-697.412
-901.228
-1132.03
-1443.88
-1846.41
-2377.63
-3014.76
-3998.33
-5295.26
-7681.21
-9608.44
-15931.9
-4871.77
-668.23
-887.4
-1109.12
-1423.7
-1801.23
-2286.98
-2861.93
-3571.23
-4423.94
-5516.8
-6987.42
-8123.78
-10085.6
-7615.64
-13750.4
-726.524
-947.551
-1182.26
-1507.73
-1890.08
-2365.29
-2897.06
-3539.06
-4258.42
-5203.72
-6234.4
-7638.26
-8626.79
-11698.9
-13694.4
-688.106
-901.672
-1158.84
-1526.9
-1970.71
-2518.82
-3072.79
-3707.76
-4344.74
-5234.37
-6190.2
-7363.17
-8341.83
-9522.79
-10739.5
-862.384
-1167.16
-1533.86
-1969.98
-2439.28
-2968.56
-3421.64
-3951.01
-4453.2
-5369.6
-6089.43
-7581.49
-8141.56
-10444.1
-12782
-705.55
-965.448
-1313.69
-1779.74
-2338.7
-2951.15
-3302.43
-3769.54
-4208.73
-5217.44
-5867.61
-7362.49
-7202.9
-8670.62
-9827.92
-1047.7
-1558.38
-2184.61
-2706.96
-3225.73
-3656.42
-3738.08
-3946.04
-4354.6
-5546.32
-6050.16
-7970.1
-7277.78
-10644.4
-9290.63
-688.086
-1043.05
-1576.66
-2152.7
-2883.14
-3354.08
-2725.1
-3291.22
-4124.09
-5361.74
-5676.51
-7207.92
-4900.88
-5191.85
-3876.65
-1221.56
-2315.63
-3401.32
-3967.65
-4663.44
-4168.45
-3790.95
-5326.14
-6792.67
-8661.55
-9360.52
-12046.7
-6076.34
-12521.2
-11740.7
-551.091
-1230.36
-2250.85
-2905.16
-4118
-3834.35
-3253.68
-3612.37
-4306.06
-5075.91
-5363.84
-6206.24
-8645.85
-18548.9
-5057.17
-1483.3
-5122.35
-6184.99
-7792.13
-8988.29
-12681.8
-14529.1
-15923.1
-15937.9
-20060.4
-33606.1
-28348.3
-14345.4
-29745.3
15402.7
-143.229
-6416.79
-6609.9
-5847.31
-1447.82
6760.2
8270.34
5934.05
8503.89
1158.58
-253.388
-18287.8
839.593
1383.53
33734.1
-14802.4
-13154
-12859.2
-15214.8
-25946.7
-39523.1
-52718.8
-70471.4
-85563.7
-101358
-91348.3
-144444
-186876
-203701
-238957
-1644.03
-2260.19
-2813.06
-3512.23
-4448.15
-5558.94
-7125.8
-8620.03
-11127
-13222.6
-19323.3
-18446.4
-37990.6
-29667.9
-105461
-652.614
-798.934
-903.162
-1109.92
-1383.69
-1679.34
-2176.71
-2652.63
-3622.3
-4217.73
-6895.39
-7958.08
-11212.1
-17152.8
-13546.1
-429.207
-569.27
-698.021
-901.141
-1131.79
-1441.86
-1843.76
-2376.36
-3016.48
-4007.88
-5335.85
-7661.64
-9690.38
-15591.1
-6784.18
-668.006
-887.026
-1109.03
-1422.86
-1800.03
-2283.81
-2858.9
-3567.24
-4426.57
-5496.81
-6988.14
-7954.67
-10095.1
-6323.33
-13801.3
-726.763
-947.767
-1183.08
-1507.77
-1889
-2361.77
-2894.35
-3535.66
-4256.47
-5161.45
-6184.58
-7368.81
-8423.36
-10184.1
-11578.3
-686.147
-899.659
-1157.54
-1524.72
-1968.36
-2518.31
-3077.82
-3713.63
-4348.36
-5195.53
-6162.93
-7150.68
-8150.72
-8408.53
-9243.04
-862.982
-1173.04
-1544.52
-1981.98
-2451.54
-2978.77
-3433.22
-3973.87
-4485.47
-5375.04
-6091.89
-7404.99
-7949.85
-9452.94
-11112.1
-700.845
-964.143
-1314.89
-1775.78
-2332.49
-2956.17
-3341.43
-3854.17
-4327.23
-5315.37
-5965.92
-7281.09
-7173.45
-7627.62
-8639.36
-1064.92
-1602.77
-2229.82
-2757.47
-3302.62
-3765.51
-3876.33
-4199.72
-4662.16
-5808.85
-6336.96
-8003.39
-7363.69
-9836.68
-8874.99
-681.923
-1062.88
-1580.73
-2137.29
-2868.92
-3388.74
-2915.6
-3598.98
-4519.17
-5737.69
-6086.61
-7500.22
-4885.8
-4265.41
-3148.61
-1358.55
-2535.65
-3519.51
-4153.04
-5039.91
-4861.84
-4394.94
-6126.14
-7376.17
-8793.8
-9609.38
-9747.61
-5266.79
-12089.8
-16882.1
-585.869
-1335.36
-2267.15
-2897.88
-4304.84
-3699.31
-2299.99
-1993.69
-3409
-3672.44
-6018.15
-6726.39
-7746.68
-22296.3
-19170.1
-1556.75
-4838.93
-6077.36
-7830.43
-12025.5
-16303.5
-18063.5
-18179.4
-17321.1
-23608.3
-23364.3
-17347.1
-22535.5
-51736.4
9146.69
-1370.6
-6636.01
-5050.02
-4081.64
-3620.9
-3486
-9251.62
-12903.5
2742.34
-3366.28
-1211.51
-2911.35
22200.6
-18822.3
11282.3
-13881.6
-10431.5
-8406.33
-11723.6
-22469
-40836.7
-58528.7
-80132.9
-92722.3
-90654.1
-114402
-177486
-177730
-189516
-247771
-1644.04
-2259.28
-2813.02
-3510.48
-4451.84
-5557.87
-7129.69
-8587.02
-11138.7
-13222.8
-19415.7
-18290.1
-38022.3
-29885.1
-106188
-652.611
-798.84
-903.312
-1109.74
-1384.18
-1678.84
-2180.78
-2655.19
-3625.72
-4215.99
-6962.37
-8054.56
-11426.3
-17491.3
-14891.7
-429.397
-569.339
-698.164
-901.005
-1131.49
-1443.72
-1847.15
-2380.37
-3014.67
-4021.54
-5364.67
-7659.74
-9773.62
-15657.5
-8007.46
-667.765
-886.581
-1108.83
-1422.8
-1800
-2284.37
-2860.92
-3568.09
-4430.02
-5486.7
-6999.79
-7849.41
-10158.3
-5596.35
-13401.5
-726.926
-948.307
-1184.81
-1510.08
-1890.96
-2363.06
-2895.92
-3536.15
-4258.32
-5137.85
-6158.36
-7151.65
-8280.44
-9132.4
-9833.56
-684.584
-898.579
-1158.01
-1525.61
-1969.45
-2522.07
-3086.68
-3725.11
-4350.88
-5156.52
-6137.1
-7043.93
-8126.7
-7579.76
-8126.21
-865.524
-1181.77
-1558.93
-1997.92
-2465.38
-2990.8
-3445.01
-3990.13
-4500.56
-5413.09
-6237.3
-7498.41
-8032.96
-8848.98
-9458.71
-698.246
-964.716
-1317.73
-1774.67
-2327.21
-2961.79
-3376.65
-3952.19
-4486.63
-5527.58
-6174.4
-7340.22
-7285.89
-7195.95
-7248.22
-1082.82
-1646.1
-2281.93
-2814.58
-3368.44
-3867.17
-4024.18
-4457.21
-4932.7
-6045.32
-6498.67
-7966.51
-7400.63
-9350.09
-8375.28
-683.414
-1072.68
-1578.45
-2090.61
-2778.64
-3382.4
-3103.31
-3968.49
-4910.01
-6098.35
-6230.25
-7430.61
-4900.72
-3555.44
-2951.31
-1454.7
-2642.56
-3620.98
-4355.7
-5260.04
-5794.76
-5448.18
-7879.54
-8375.71
-9682.72
-9356.95
-9487.41
-5992.03
-12361.2
-23044.8
-606.893
-1468.89
-2307.56
-2614.44
-3692.48
-3105.4
-2116.32
-3112.16
-3268.69
-4944.18
-5223.85
-6316.85
-6815.59
-23290.3
-29484.1
-1686.66
-4537.37
-5999.39
-8056.06
-12368.2
-20197.7
-27409.6
-30096.1
-25021.7
-25223.4
-16559.4
-17871.1
-34044.7
-59162.9
6915.63
-2382.55
-6159.13
-4548.45
-2930.85
-1070.63
-4263.77
-12375.3
-20720
-11009.6
-7977.56
4523.21
17377.6
3363.59
-25118.7
-742.328
-12130.6
-7702.91
-5291.65
-6432.33
-15002.1
-25824.7
-37221.7
-65416.1
-84696
-101193
-144187
-163111
-174323
-164269
-230049
-1644.13
-2259.19
-2812.62
-3508.21
-4453.45
-5547.25
-7130.48
-8579.35
-11175.6
-13220.4
-19511.3
-18066.8
-38076.3
-30588.1
-106884
-652.471
-798.594
-902.466
-1108.26
-1385.95
-1675.6
-2179.43
-2650.97
-3643.43
-4185.83
-7045.41
-8085.09
-11368.9
-16900.1
-15302.9
-429.308
-569.292
-698.652
-900.59
-1131.82
-1442.05
-1838.65
-2367.36
-3006.37
-4030.69
-5380.31
-7720.48
-9883.47
-15832.9
-8327.21
-667.563
-885.996
-1108.25
-1420.96
-1797.81
-2279.43
-2853.32
-3561.04
-4427.66
-5462.79
-6980.42
-7688.94
-10199
-4625.68
-14614
-726.821
-947.627
-1184.22
-1507.83
-1887.05
-2355.85
-2889.52
-3531.38
-4248.33
-5064.8
-6059.74
-6823.75
-8028.62
-7664.21
-8967.77
-681.914
-895.039
-1153.89
-1518.71
-1961.4
-2517.36
-3089.89
-3724.29
-4326.16
-5074.89
-6031.5
-6591.69
-7760.25
-5521.11
-7910.79
-862.427
-1183.5
-1567.92
-2012.18
-2476.47
-2995.72
-3444.28
-3991.92
-4473.59
-5256.58
-5987.07
-7010.38
-7702.04
-7177.08
-8342.08
-693.341
-965.388
-1315.59
-1759.96
-2291.18
-2928.64
-3404.12
-4022.67
-4436.08
-5477.31
-6164.52
-7138.37
-7089.23
-5800.47
-6243.11
-1077.64
-1663
-2339.69
-2916
-3454.27
-3962.99
-4127.66
-4502.91
-5016.17
-6108.23
-6586.95
-7970.5
-7370.84
-8624.79
-8124.29
-691.038
-1099.76
-1587.12
-2067.71
-2672.69
-3287.36
-3261.88
-4252.52
-5287.61
-6454.41
-6520.74
-7465.22
-4970.9
-2624.84
-3084.39
-1473.5
-2675.85
-3808.72
-4759.37
-5566.5
-6311.09
-5214.88
-7935.66
-8982.84
-9634.08
-8959.68
-9364.99
-5773.39
-12266.3
-19247.5
-674.156
-1376.71
-2017.08
-2225.45
-3198.7
-2883.37
-1546.94
-2055.92
-3301.74
-5669.01
-5006.8
-5055.31
-4191.7
-22792.4
-20224.2
-1620.14
-4946.67
-6553.63
-8627.28
-12500
-16345.3
-20655.7
-26286.9
-23190.4
-17394.7
-15086.4
-16581.2
-54272.2
-67589.7
28066.8
-2642.79
-6122.52
-4797.11
-3960.53
43.5128
2544.48
825.514
-8189.37
-13160.4
-9417.41
30419.9
15576
-6344.36
-23405.3
2754.88
-10460
-5681.43
-1969.22
-3259.2
-10022.6
-16492.4
-19438.3
-46175.5
-82295.4
-137293
-136369
-160941
-136998
-139280
-225454
)
;

boundaryField
{
    outletsourceFace
    {
        type            zeroGradient;
    }
    outletdestinationFace
    {
        type            zeroGradient;
    }
    outletFace
    {
        type            zeroGradient;
    }
    outletWall
    {
        type            fixedValue;
        value           uniform 0;
    }
    inletFace
    {
        type            zeroGradient;
    }
    inletWall
    {
        type            fixedValue;
        value           uniform 5;
    }
    inletsourceFace
    {
        type            zeroGradient;
    }
    inletdestinationFace
    {
        type            zeroGradient;
    }
}


// ************************************************************************* //
