/*--------------------------------*- C++ -*----------------------------------*\
| =========                 |                                                 |
| \\      /  F ield         | OpenFOAM: The Open Source CFD Toolbox           |
|  \\    /   O peration     | Version:  4.1                                   |
|   \\  /    A nd           | Web:      www.OpenFOAM.org                      |
|    \\/     M anipulation  |                                                 |
\*---------------------------------------------------------------------------*/
FoamFile
{
    version     2.0;
    format      ascii;
    class       volScalarField;
    location    "11";
    object      p;
}
// * * * * * * * * * * * * * * * * * * * * * * * * * * * * * * * * * * * * * //

dimensions      [0 2 -2 0 0 0 0];

internalField   nonuniform List<scalar> 
6750
(
-523.363
-141.002
-496.69
-528.89
-601.878
-586.29
-499.295
-327.141
-214.126
-162.81
-151.923
-149.892
-146.297
-105.689
-155.781
-520.389
-139.336
-496.528
-528.428
-601.205
-585.699
-502.038
-332.28
-217.376
-164.022
-152.537
-149.175
-147.106
-104.878
-155.912
-518.323
-138.792
-496.315
-528.092
-600.671
-585.152
-503.198
-334.623
-219.481
-164.775
-152.989
-148.706
-148.288
-104.778
-156.1
-515.488
-138.054
-496.119
-527.622
-599.948
-584.699
-505.511
-338.466
-222.347
-165.593
-152.834
-147.615
-148.625
-105.371
-156.087
-513.105
-137.594
-495.834
-527.298
-599.259
-584.199
-506.739
-341.016
-224.456
-166.254
-152.563
-146.87
-148.952
-106.412
-156.071
-510.889
-137.053
-495.612
-527.077
-598.635
-583.845
-507.73
-343.374
-226.323
-166.928
-152.061
-146.452
-148.084
-107.741
-155.897
-509.407
-136.488
-495.307
-526.984
-598.202
-583.541
-507.832
-344.639
-227.639
-167.905
-151.937
-147.449
-144.794
-109.246
-155.466
-508.997
-136.249
-495.131
-526.938
-598.078
-583.472
-507.828
-344.995
-227.961
-168.219
-151.264
-147.719
-144.741
-109.843
-155.451
-509.684
-136.469
-495.341
-527.021
-598.286
-583.59
-507.813
-344.45
-227.521
-168.092
-151.929
-148.236
-144.222
-109.322
-155.562
-511.329
-137.007
-495.673
-527.163
-598.774
-583.913
-507.617
-343.074
-226.259
-167.361
-152.415
-147.55
-146.854
-107.695
-156.03
-513.677
-137.542
-495.938
-527.443
-599.442
-584.283
-506.491
-340.535
-224.26
-166.505
-152.832
-147.592
-149.036
-106.324
-156.441
-516.155
-138.001
-496.262
-527.825
-600.157
-584.791
-505.126
-337.833
-222.054
-165.762
-153.069
-148.14
-148.605
-105.126
-156.528
-519.065
-138.757
-496.501
-528.358
-600.896
-585.242
-502.659
-333.815
-219.047
-164.841
-153.104
-149.125
-148.44
-104.48
-156.656
-521.177
-139.317
-496.743
-528.738
-601.438
-585.79
-501.396
-331.34
-216.845
-164.001
-152.613
-149.571
-147.252
-104.495
-156.506
-524.192
-141.02
-496.944
-529.257
-602.115
-586.366
-498.506
-326.031
-213.558
-162.741
-151.921
-150.21
-146.493
-105.26
-156.418
-770.504
-130.139
-414.852
-518.337
-557.414
-531.475
-432.267
-273.851
-177.953
-136.884
-138.011
-132.749
-143.174
-83.5756
-207.989
-766.646
-125.779
-416.332
-519.052
-559.875
-535.23
-437.999
-279.509
-181.32
-138.125
-138.523
-133.494
-143.554
-82.6848
-207.954
-764.217
-124.533
-417.751
-519.385
-561.262
-536.943
-440.639
-282.241
-183.569
-139.369
-139.275
-134.544
-144.164
-82.2606
-208.297
-760.449
-122.237
-418.971
-519.869
-563.049
-539.612
-445.1
-286.746
-186.775
-141.122
-139.998
-134.853
-144.368
-82.3806
-207.901
-757.12
-121.612
-420.191
-520.28
-564.373
-541.426
-448.044
-289.875
-189.242
-142.451
-140.341
-135.783
-143.952
-83.0283
-207.258
-753.569
-121.345
-421.026
-520.598
-565.437
-543.078
-450.772
-292.964
-191.694
-144.078
-140.84
-136.478
-141.273
-83.9331
-206.098
-750.398
-122.335
-421.534
-520.814
-566.076
-544.107
-452.264
-294.804
-193.44
-145.515
-141.154
-134.434
-138.594
-84.682
-205.037
-749.254
-122.881
-421.534
-520.834
-566.229
-544.395
-452.703
-295.394
-193.941
-145.948
-140.417
-133.4
-138.144
-84.6422
-204.864
-751.1
-121.971
-421.459
-520.823
-566.045
-544.005
-452.093
-294.591
-193.356
-145.616
-141.182
-134.194
-137.682
-84.5429
-205.052
-754.339
-121.123
-420.925
-520.601
-565.35
-542.892
-450.458
-292.654
-191.698
-144.441
-141.174
-136.401
-139.998
-83.714
-206.185
-758.019
-121.53
-420.048
-520.282
-564.224
-541.148
-447.553
-289.397
-189.138
-142.631
-140.545
-136.571
-143.47
-82.8035
-207.716
-761.402
-122.262
-418.812
-519.878
-562.837
-539.25
-444.456
-286.127
-186.573
-141.197
-140.121
-135.169
-144.272
-82.0565
-208.558
-765.224
-124.67
-417.59
-519.404
-560.986
-536.481
-439.823
-281.471
-183.257
-139.403
-139.337
-134.891
-144.34
-81.9726
-209.191
-767.679
-125.984
-416.159
-519.071
-559.55
-534.701
-437.072
-278.614
-180.901
-138
-138.585
-133.69
-143.784
-82.352
-208.933
-771.563
-130.429
-414.698
-518.368
-557.028
-530.836
-431.178
-272.803
-177.51
-136.754
-138.016
-132.826
-143.499
-83.2065
-209.101
-901.603
-177.098
-272.131
-421.645
-406.969
-371.245
-305.415
-214.312
-165.335
-135.672
-144.361
-126.965
-156.001
-42.6584
-301.439
-899.691
-172.969
-273.533
-423.297
-410.016
-374.915
-309.212
-217.413
-166.923
-136.108
-143.715
-127.914
-155.999
-40.9519
-301.629
-898.669
-171.611
-275.338
-424.315
-411.753
-376.803
-311.085
-218.923
-167.814
-135.896
-143.135
-127.802
-156.256
-40.1875
-302.005
-896.966
-168.697
-276.653
-425.535
-414.129
-379.681
-314.186
-221.5
-169.309
-136.072
-142.847
-129.207
-157.243
-39.6623
-300.532
-895.655
-167.343
-278.337
-426.763
-416.083
-381.854
-316.443
-223.423
-170.625
-136.116
-142.855
-129.494
-157.092
-39.4028
-298.43
-894.248
-165.968
-279.397
-427.686
-417.764
-383.863
-318.64
-225.488
-172.237
-137.171
-143.743
-131.539
-157.126
-39.2852
-295.315
-892.916
-166.018
-280.394
-428.492
-419.012
-385.281
-320.112
-226.936
-173.631
-138.568
-145.773
-129.706
-150.249
-39.6358
-291.77
-892.337
-166.195
-280.556
-428.597
-419.282
-385.656
-320.571
-227.465
-174.105
-139.039
-144.772
-126.977
-148.12
-39.3762
-290.585
-893.222
-165.931
-280.28
-428.415
-418.897
-385.156
-320.017
-226.906
-173.772
-138.812
-145.899
-128.612
-148.492
-39.1277
-291.799
-894.537
-166.058
-279.252
-427.575
-417.584
-383.672
-318.503
-225.481
-172.513
-137.697
-144.258
-130.666
-153.905
-38.7047
-295.335
-896.001
-167.582
-278.139
-426.616
-415.834
-381.589
-316.238
-223.362
-170.874
-136.329
-143.247
-129.185
-157.146
-38.9029
-299.456
-897.343
-169.031
-276.422
-425.37
-413.831
-379.36
-313.924
-221.373
-169.47
-136.171
-143.083
-128.711
-157.031
-39.367
-301.937
-899.081
-172.038
-275.089
-424.138
-411.407
-376.418
-310.754
-218.742
-167.953
-136.131
-143.455
-128.203
-156.87
-40.0903
-304.034
-900.122
-173.447
-273.259
-423.108
-409.638
-374.493
-308.841
-217.186
-167.045
-136.269
-144.094
-127.81
-156.454
-40.8474
-303.849
-902.051
-177.637
-271.861
-421.451
-406.556
-370.768
-304.979
-214.023
-165.469
-135.841
-144.816
-126.964
-156.633
-42.608
-303.982
-979.441
-252.963
-215.137
-377.051
-344.495
-312.673
-270.459
-204.555
-169.058
-135.362
-151.664
-113.352
-172.999
6.83846
-409.314
-978.472
-250.658
-215.063
-377.515
-345.485
-314.285
-272.352
-206.249
-170.021
-135.595
-151.189
-113.443
-174.697
9.99525
-409.583
-977.94
-249.86
-215.708
-378
-346.219
-315.298
-273.472
-207.216
-170.841
-135.516
-151.288
-112.929
-173.571
10.9455
-410.389
-977.024
-248.082
-215.808
-378.357
-347.119
-316.672
-275.163
-208.787
-172.042
-135.494
-150.565
-113.045
-178.531
14.0569
-408.382
-976.358
-247.176
-216.389
-378.949
-348.05
-317.845
-276.546
-210.1
-173.281
-135.765
-150.748
-113.57
-180.593
17.5344
-403.963
-975.639
-246.101
-216.563
-379.257
-348.776
-318.854
-277.849
-211.497
-174.813
-137.004
-152.098
-117.297
-181.755
18.6449
-394.49
-975.051
-245.724
-216.966
-379.704
-349.475
-319.659
-278.805
-212.541
-176.093
-138.473
-154.475
-118.838
-175.006
18.1247
-387.585
-974.744
-245.596
-217.012
-379.715
-349.6
-319.862
-279.119
-212.958
-176.643
-139.077
-155.152
-116.349
-170.158
18.1326
-385.308
-975.155
-245.813
-216.955
-379.675
-349.435
-319.633
-278.827
-212.652
-176.43
-138.934
-155.597
-117.409
-173.285
19.2897
-386.615
-975.777
-246.248
-216.538
-379.233
-348.742
-318.833
-277.909
-211.724
-175.445
-137.948
-154.268
-118.487
-179.946
19.0675
-393.347
-976.513
-247.413
-216.369
-378.926
-348.01
-317.818
-276.618
-210.358
-173.94
-136.516
-151.982
-114.806
-181.997
18.508
-405.137
-977.208
-248.376
-215.778
-378.334
-347.08
-316.641
-275.231
-209.02
-172.579
-135.962
-151.348
-113.403
-179.52
14.6621
-411.367
-978.144
-250.204
-215.68
-377.981
-346.178
-315.254
-273.523
-207.425
-171.318
-135.936
-151.707
-113.237
-175.651
11.1883
-414.544
-978.69
-251.036
-215.029
-377.496
-345.444
-314.237
-272.399
-206.443
-170.514
-136.021
-151.745
-113.784
-175.468
10.094
-414.128
-979.668
-253.377
-215.11
-377.034
-344.451
-312.608
-270.486
-204.729
-169.586
-135.805
-152.165
-113.947
-173.879
6.21374
-414.264
-1058.59
-299.151
-202.296
-364.668
-323.225
-288.639
-260.711
-211.918
-190.729
-149.421
-182.794
-113.075
-213.068
49.859
-540.659
-1058.01
-297.884
-202.025
-364.803
-323.635
-289.432
-261.701
-212.935
-191.254
-149.124
-182.571
-113.643
-215.092
47.2106
-535.648
-1057.7
-297.453
-202.315
-365.118
-324.035
-289.97
-262.318
-213.564
-191.905
-149.338
-183.593
-114.449
-213.735
46.4132
-536.342
-1057.14
-296.497
-202.204
-365.246
-324.425
-290.67
-263.252
-214.602
-192.853
-149.742
-182.793
-112.653
-222.317
44.8223
-524.257
-1056.74
-296.067
-202.431
-365.582
-324.913
-291.301
-264.036
-215.481
-193.85
-150.567
-184.291
-111.806
-232.809
38.0881
-496.273
-1056.29
-295.544
-202.389
-365.679
-325.215
-291.789
-264.753
-216.381
-194.958
-151.751
-186.77
-112.098
-238.537
35.7283
-466.477
-1055.97
-295.403
-202.508
-365.884
-325.564
-292.2
-265.286
-217.035
-195.783
-152.757
-188.895
-112.936
-239.005
37.5844
-453.057
-1055.75
-295.349
-202.502
-365.854
-325.6
-292.287
-265.466
-217.314
-196.158
-153.138
-189.737
-112.821
-236.443
39.1585
-453.197
-1055.95
-295.484
-202.546
-365.881
-325.565
-292.221
-265.353
-217.184
-196.069
-153.184
-189.611
-112.931
-240.766
35.8986
-448.844
-1056.33
-295.636
-202.391
-365.67
-325.234
-291.84
-264.888
-216.673
-195.512
-152.684
-188.389
-113.026
-241.572
33.2022
-462.027
-1056.76
-296.211
-202.445
-365.584
-324.946
-291.372
-264.219
-215.859
-194.538
-151.615
-186.064
-112.284
-235.83
34.8139
-492.79
-1057.17
-296.687
-202.212
-365.242
-324.467
-290.758
-263.466
-215.013
-193.519
-150.609
-183.736
-113.153
-225.025
42.5782
-527.291
-1057.74
-297.664
-202.321
-365.114
-324.081
-290.065
-262.547
-213.989
-192.552
-150.113
-183.737
-114.788
-215.846
45.5345
-543.034
-1058.06
-298.117
-202.027
-364.797
-323.686
-289.535
-261.944
-213.371
-191.939
-149.965
-183.033
-114.323
-216.41
46.9195
-543.675
-1058.64
-299.402
-202.297
-364.656
-323.271
-288.737
-260.954
-212.359
-191.453
-150.283
-182.931
-113.802
-214.548
49.3082
-551.348
-1139.91
-332.915
-203.784
-370.174
-328.732
-298.442
-281.748
-240.533
-228.907
-177.862
-228.904
-115.589
-301.477
37.1919
-675.631
-1139.6
-332.244
-203.628
-370.273
-329.002
-298.982
-282.443
-241.306
-229.232
-177.437
-228.526
-116.884
-295.619
29.6552
-677.483
-1139.43
-332.01
-203.8
-370.491
-329.261
-299.333
-282.848
-241.773
-229.716
-177.9
-229.469
-117.583
-296.005
27.1937
-682.101
-1139.12
-331.492
-203.735
-370.592
-329.519
-299.823
-283.514
-242.587
-230.482
-178.492
-229.799
-114.45
-306.302
20.1714
-649.363
-1138.89
-331.264
-203.872
-370.825
-329.839
-300.25
-284.038
-243.204
-231.18
-179.184
-230.855
-113.36
-312.138
13.1348
-610.356
-1138.63
-330.983
-203.845
-370.898
-330.032
-300.593
-284.539
-243.837
-231.936
-179.805
-232.518
-113.43
-319.02
8.50976
-565.911
-1138.46
-330.924
-203.91
-371.034
-330.251
-300.868
-284.889
-244.247
-232.439
-180.215
-233.858
-113.763
-320.815
7.8775
-541.778
-1138.29
-330.915
-203.895
-371.014
-330.273
-300.935
-285.028
-244.447
-232.685
-180.341
-234.424
-114.184
-320.356
8.77187
-539.498
-1138.35
-331.009
-203.941
-371.033
-330.266
-300.898
-284.959
-244.384
-232.642
-180.559
-234.224
-113.882
-321.666
7.72385
-545.772
-1138.57
-331.072
-203.856
-370.891
-330.062
-300.655
-284.681
-244.107
-232.331
-180.489
-233.094
-113.666
-320.527
8.5312
-570.993
-1138.82
-331.365
-203.881
-370.82
-329.882
-300.336
-284.234
-243.573
-231.724
-180.08
-231.675
-113.866
-314.732
12.9321
-616.696
-1139.03
-331.622
-203.742
-370.586
-329.575
-299.934
-283.756
-243.019
-231.079
-179.378
-230.334
-114.696
-308.818
20.0753
-658.42
-1139.33
-332.148
-203.801
-370.479
-329.321
-299.452
-283.113
-242.242
-230.355
-178.759
-229.84
-117.463
-297.879
26.9627
-693.453
-1139.5
-332.393
-203.628
-370.261
-329.071
-299.112
-282.728
-241.799
-229.916
-178.343
-229.03
-117.256
-297.212
30.8123
-691.043
-1139.81
-333.063
-203.779
-370.152
-328.794
-298.565
-282.036
-241.042
-229.63
-178.728
-229.118
-115.932
-301.628
39.2902
-693.826
-1221.91
-363.097
-212.382
-385.299
-343.109
-315.75
-307.314
-272.474
-270.54
-213.871
-278.052
-124.12
-384.851
18.4925
-962.365
-1221.78
-362.776
-212.311
-385.408
-343.357
-316.217
-307.906
-273.138
-270.803
-214.115
-277.309
-129.574
-358.613
27.4363
-984.516
-1221.71
-362.648
-212.403
-385.556
-343.532
-316.452
-308.179
-273.478
-271.183
-214.785
-278.08
-128.481
-360.578
21.3113
-981.55
-1221.58
-362.388
-212.379
-385.662
-343.753
-316.857
-308.725
-274.154
-271.895
-215.597
-279.637
-128.233
-377.727
1.91324
-938.956
-1221.48
-362.257
-212.455
-385.822
-343.969
-317.147
-309.081
-274.585
-272.494
-216.366
-281.622
-129.016
-386.887
-2.70211
-893.173
-1221.38
-362.101
-212.445
-385.894
-344.124
-317.422
-309.477
-275.076
-273.148
-216.93
-283.334
-130.354
-389.07
7.34346
-835.153
-1221.3
-362.047
-212.481
-385.984
-344.263
-317.604
-309.703
-275.345
-273.546
-217.392
-284.734
-132.807
-389.704
9.46072
-794.563
-1221.24
-362.017
-212.461
-385.974
-344.288
-317.671
-309.832
-275.52
-273.772
-217.523
-285.149
-133.639
-388.574
11.7467
-794.131
-1221.21
-362.082
-212.477
-385.965
-344.269
-317.625
-309.77
-275.477
-273.723
-217.757
-284.959
-133.489
-389.712
11.5975
-811.04
-1221.22
-362.157
-212.437
-385.865
-344.14
-317.472
-309.613
-275.332
-273.491
-217.581
-283.842
-131.505
-390.16
10.2653
-853.576
-1221.3
-362.305
-212.437
-385.781
-343.988
-317.216
-309.27
-274.94
-272.971
-217.199
-282.283
-130.148
-389.917
-0.592202
-909.571
-1221.36
-362.434
-212.359
-385.616
-343.783
-316.949
-308.965
-274.583
-272.45
-216.459
-280.229
-128.728
-380.424
3.71251
-955.15
-1221.46
-362.682
-212.37
-385.493
-343.556
-316.546
-308.446
-273.956
-271.809
-215.659
-278.645
-129.009
-362.297
25.3463
-1000.21
-1221.52
-362.811
-212.279
-385.343
-343.388
-316.324
-308.2
-273.646
-271.468
-214.966
-277.907
-130.136
-360.86
33.7507
-1002.8
-1221.62
-363.112
-212.336
-385.213
-343.119
-315.838
-307.616
-273.01
-271.264
-214.685
-278.58
-123.995
-387.61
24.333
-978.936
-1307.98
-392.913
-226.485
-409.812
-368.02
-345.324
-345.297
-316.825
-322.203
-265.048
-330.307
-157.279
-422.576
107.022
-1504.38
-1307.95
-392.814
-226.483
-409.972
-368.333
-345.814
-345.89
-317.46
-322.498
-265.414
-330.223
-162.621
-401.941
144.58
-1523
-1307.94
-392.756
-226.529
-410.083
-368.464
-345.969
-346.081
-317.713
-322.939
-266.205
-332.175
-162.2
-406.86
131.315
-1516.05
-1307.91
-392.663
-226.546
-410.222
-368.712
-346.358
-346.608
-318.343
-323.755
-267.147
-335.821
-163.683
-433.941
72.8733
-1468.99
-1307.89
-392.598
-226.588
-410.341
-368.874
-346.552
-346.868
-318.677
-324.478
-268.134
-340.303
-168.189
-464.12
16.5726
-1419.92
-1307.87
-392.527
-226.598
-410.432
-369.036
-346.801
-347.246
-319.137
-325.329
-268.934
-344.912
-172.552
-494.171
12.4443
-1312.16
-1307.84
-392.48
-226.614
-410.495
-369.128
-346.914
-347.402
-319.348
-325.804
-269.779
-347.452
-178.016
-492.137
24.4214
-1255.68
-1307.82
-392.444
-226.599
-410.505
-369.16
-346.993
-347.549
-319.536
-326.091
-270.093
-348.106
-180.461
-493.606
18.3283
-1247.41
-1307.8
-392.434
-226.585
-410.476
-369.11
-346.934
-347.471
-319.474
-325.974
-270.168
-347.484
-179.027
-493.755
24.3017
-1274.05
-1307.78
-392.444
-226.548
-410.397
-369.014
-346.848
-347.385
-319.388
-325.672
-269.647
-345.174
-174.088
-496.02
13.8115
-1329.86
-1307.75
-392.479
-226.517
-410.284
-368.839
-346.61
-347.062
-319.034
-324.998
-269.076
-340.764
-169.069
-465.169
22.8169
-1442.47
-1307.73
-392.518
-226.465
-410.153
-368.68
-346.438
-346.86
-318.793
-324.412
-268.258
-336.452
-164.705
-434.959
80.6851
-1496.39
-1307.7
-392.577
-226.427
-409.985
-368.411
-346.045
-346.369
-318.24
-323.767
-267.501
-333.232
-163.575
-409.272
141.081
-1544.67
-1307.67
-392.632
-226.386
-409.866
-368.281
-345.904
-346.211
-318.032
-323.403
-266.782
-331.563
-164.521
-405.833
154.502
-1552.22
-1307.64
-392.698
-226.37
-409.673
-367.925
-345.39
-345.629
-317.452
-323.268
-266.572
-332.092
-160.077
-427.12
118.033
-1533.67
-1399.38
-424.127
-244.561
-441.545
-400.678
-383.36
-391.661
-370.884
-384.201
-333.803
-391.08
-230.857
-473.048
287.096
-2206.23
-1399.43
-424.185
-244.621
-441.777
-401.14
-383.957
-392.398
-371.48
-384.349
-333.326
-391.619
-226.527
-464.65
312.605
-2209.71
-1399.43
-424.18
-244.638
-441.869
-401.263
-384.038
-392.558
-371.562
-384.891
-333.494
-395.118
-220.525
-465.343
310.342
-2211.8
-1399.46
-424.215
-244.695
-442.055
-401.598
-384.457
-393.166
-372.033
-385.657
-333.459
-399.133
-215.456
-482.408
281.315
-2187.1
-1399.45
-424.21
-244.722
-442.149
-401.745
-384.564
-393.374
-372.141
-386.305
-333.675
-403.713
-215.127
-504.677
200.902
-2182.12
-1399.47
-424.204
-244.753
-442.258
-401.952
-384.81
-393.789
-372.474
-387.141
-333.749
-409.251
-215.374
-561.593
101.915
-2048.92
-1399.45
-424.166
-244.762
-442.297
-402.019
-384.856
-393.896
-372.542
-387.547
-334.176
-412.57
-222.599
-572.11
88.6955
-1970.49
-1399.43
-424.124
-244.758
-442.318
-402.065
-384.943
-394.07
-372.709
-387.888
-334.418
-413.524
-226.244
-561.479
86.1113
-1986.34
-1399.39
-424.053
-244.73
-442.264
-401.969
-384.848
-393.952
-372.62
-387.73
-334.465
-412.294
-222.511
-563.359
97.8276
-2013.1
-1399.35
-423.989
-244.697
-442.194
-401.872
-384.802
-393.903
-372.64
-387.499
-334.371
-408.962
-216.457
-550.647
114.693
-2092.82
-1399.27
-423.905
-244.637
-442.039
-401.628
-384.541
-393.534
-372.398
-386.895
-334.636
-404.166
-217.41
-502.928
218.368
-2217.9
-1399.2
-423.85
-244.595
-441.916
-401.467
-384.438
-393.378
-372.369
-386.407
-334.679
-400.079
-220.008
-483.968
293.031
-2231.4
-1399.09
-423.759
-244.506
-441.678
-401.09
-383.991
-392.796
-371.979
-385.855
-335.037
-396.275
-226.256
-471.106
321.46
-2255.2
-1398.99
-423.76
-244.492
-441.566
-400.96
-383.912
-392.668
-371.924
-385.39
-334.923
-392.378
-232.782
-473.61
320.574
-2254.52
-1398.85
-423.651
-244.402
-441.282
-400.431
-383.267
-391.933
-371.383
-385.542
-335.636
-392.341
-237.425
-485.212
295.61
-2249.98
-1495.84
-458.439
-265.585
-478.575
-439.127
-427.18
-444.901
-432.281
-460.309
-418.675
-473.089
-343.997
-652.043
390.759
-3091.71
-1495.96
-458.625
-265.711
-478.94
-439.866
-428.076
-446.023
-433.079
-458.834
-415.968
-469.043
-337.67
-644.938
400.967
-3085.99
-1496
-458.66
-265.714
-479.048
-440.021
-428.145
-446.134
-433.041
-458.556
-415.487
-470.9
-330.813
-630.12
410.581
-3097.95
-1496.08
-458.795
-265.812
-479.327
-440.521
-428.712
-446.894
-433.392
-458.473
-413.88
-474.577
-320.143
-616.851
422.822
-3089.47
-1496.08
-458.841
-265.831
-479.429
-440.699
-428.787
-447.06
-433.285
-458.829
-413.459
-482.647
-311.747
-604.803
410.584
-3101.39
-1496.12
-458.894
-265.878
-479.582
-440.994
-429.091
-447.561
-433.501
-459.687
-412.946
-492.406
-305.445
-635.114
340.205
-3026.31
-1496.1
-458.865
-265.877
-479.611
-441.064
-429.097
-447.641
-433.411
-460.038
-412.673
-496.13
-305.271
-649.047
305.729
-2987.82
-1496.09
-458.809
-265.88
-479.639
-441.127
-429.199
-447.86
-433.541
-460.427
-412.589
-497.426
-305.666
-642.961
328.228
-3022.33
-1496.02
-458.68
-265.833
-479.546
-440.969
-429.04
-447.691
-433.4
-460.31
-412.726
-496.204
-305.46
-642.692
337.622
-3041.47
-1495.95
-458.551
-265.796
-479.454
-440.835
-428.991
-447.665
-433.501
-460.234
-413.153
-492.976
-307.236
-631.402
372.824
-3098.58
-1495.81
-458.362
-265.701
-479.22
-440.47
-428.629
-447.217
-433.332
-459.772
-413.976
-483.48
-314.59
-614.572
435.064
-3166.22
-1495.68
-458.222
-265.653
-479.062
-440.255
-428.523
-447.107
-433.472
-459.76
-414.575
-475.863
-324.605
-633.915
439.988
-3164.45
-1495.48
-457.999
-265.503
-478.698
-439.684
-427.894
-446.39
-433.228
-460.476
-416.82
-474.372
-335.907
-652.84
423.861
-3165.19
-1495.3
-457.954
-265.5
-478.552
-439.507
-427.808
-446.313
-433.261
-461.136
-417.428
-473.752
-342.801
-668.677
411.395
-3156.14
-1495.05
-457.69
-265.326
-478.106
-438.661
-426.83
-445.164
-432.572
-463.437
-420.894
-479.445
-350.458
-678.164
399.589
-3160.2
-1596.59
-497.756
-289.847
-521.571
-485.215
-478.922
-507.978
-504.502
-562.754
-516.193
-610.743
-467.565
-989.286
449.208
-4301.9
-1596.78
-498.062
-290.046
-522.136
-486.387
-480.303
-510.202
-504.938
-557.921
-509.836
-605.111
-459.372
-992.004
452.268
-4282.78
-1596.85
-498.131
-290.043
-522.281
-486.651
-480.36
-510.568
-504.643
-555.42
-509.242
-602.28
-453.42
-969.31
455.987
-4289.99
-1596.97
-498.356
-290.189
-522.689
-487.415
-481.156
-511.761
-504.766
-553.255
-508.179
-601.85
-448.136
-951.122
467.473
-4264.79
-1596.99
-498.441
-290.206
-522.817
-487.68
-481.201
-511.988
-504.43
-551.774
-507.072
-601.493
-445.146
-910.912
481.086
-4290.97
-1597.05
-498.532
-290.271
-523.029
-488.107
-481.591
-512.659
-504.575
-551.756
-506.911
-607.274
-440.709
-907.485
480.443
-4249.41
-1597.02
-498.495
-290.261
-523.053
-488.198
-481.55
-512.732
-504.32
-551.447
-506.71
-610.845
-436.884
-898.931
477.311
-4271.07
-1597
-498.411
-290.262
-523.081
-488.276
-481.653
-513.003
-504.37
-551.808
-506.413
-611.637
-434.239
-904.816
501.37
-4301.66
-1596.9
-498.214
-290.192
-522.932
-488.03
-481.389
-512.735
-504.074
-551.827
-506.218
-609.958
-434.77
-901.236
516.303
-4351.16
-1596.79
-498.008
-290.141
-522.791
-487.813
-481.288
-512.661
-504.138
-552.474
-506.342
-608.094
-438.679
-904.242
515.323
-4372.55
-1596.58
-497.712
-290.002
-522.443
-487.26
-480.75
-512.009
-503.897
-553.218
-506.558
-605.512
-443.974
-937.353
505.882
-4379.45
-1596.39
-497.482
-289.937
-522.21
-486.909
-480.6
-511.766
-504.133
-555.091
-506.669
-605.797
-443.965
-976.166
490.48
-4395.94
-1596.09
-497.128
-289.714
-521.663
-486.021
-479.67
-510.553
-504.171
-558.156
-508.355
-609.999
-454.346
-1007.85
475.801
-4389.61
-1595.83
-497.04
-289.711
-521.45
-485.701
-479.552
-510.114
-504.514
-561.073
-509.125
-613.763
-459.911
-1028.97
461.996
-4384.09
-1595.44
-496.622
-289.441
-520.752
-484.363
-478.003
-507.753
-504.391
-566.926
-517.282
-621.989
-473.272
-1030.93
458.878
-4394.23
-1699.19
-543.176
-315.947
-567.032
-533.806
-530.237
-570.079
-582.597
-670.286
-628.39
-805.973
-610.59
-1494.76
499.664
-5930.93
-1699.46
-543.629
-316.263
-567.987
-535.705
-532.889
-574.45
-581.192
-664.251
-615.225
-794.243
-592.878
-1490.95
511.295
-5870.2
-1699.57
-543.753
-316.277
-568.255
-536.21
-533.039
-575.746
-578.319
-660.543
-608.099
-786.992
-582.562
-1433.32
506.733
-5917.65
-1699.74
-544.088
-316.5
-568.913
-537.447
-534.351
-578.082
-576.85
-658.182
-600.254
-783.5
-581.569
-1423.24
531.947
-5853.55
-1699.78
-544.236
-316.537
-569.15
-537.938
-534.462
-578.806
-575.096
-655.007
-596.425
-776.815
-568.015
-1365.59
549.38
-5967.05
-1699.86
-544.378
-316.637
-569.484
-538.619
-535.06
-579.99
-574.625
-654.329
-596.333
-779.444
-567.014
-1400.09
582.097
-5921.96
-1699.84
-544.337
-316.626
-569.541
-538.803
-535.032
-580.219
-573.881
-652.586
-594.37
-776.544
-556.346
-1362.97
563.317
-5976.77
-1699.8
-544.21
-316.622
-569.572
-538.919
-535.153
-580.619
-573.76
-652.893
-593.064
-780.164
-552.685
-1382.12
572.731
-5959.65
-1699.67
-543.923
-316.513
-569.339
-538.549
-534.739
-580.185
-573.379
-653.133
-592.719
-777.754
-546
-1397.54
600.463
-6047.29
-1699.5
-543.605
-316.421
-569.087
-538.167
-534.497
-579.887
-573.67
-654.716
-592.443
-776.978
-558.721
-1349.26
627.287
-6140.22
-1699.21
-543.163
-316.203
-568.534
-537.298
-533.641
-578.757
-574.016
-656.596
-593.475
-780.414
-562.757
-1390.32
590.93
-6099.13
-1698.92
-542.799
-316.085
-568.121
-536.672
-533.319
-577.991
-575.728
-660.286
-597.544
-790.082
-572.335
-1455.78
553.573
-6060.1
-1698.49
-542.277
-315.744
-567.248
-535.264
-531.774
-575.677
-577.527
-663.87
-606.919
-798.292
-582.044
-1482.47
547.256
-6076.84
-1698.11
-542.118
-315.712
-566.863
-534.677
-531.478
-574.301
-580.742
-667.947
-614.595
-807.027
-595.981
-1529.13
544.551
-6043.46
-1697.57
-541.509
-315.287
-565.706
-532.553
-528.497
-569.836
-582.533
-675.084
-628.864
-823.923
-621.263
-1537.19
528.289
-6062.09
-1798.83
-597.704
-346.903
-618.467
-594.532
-589.427
-647.302
-662.725
-785.767
-718.92
-1073.6
-664.575
-2208.72
705.688
-8028.38
-1799.15
-598.255
-347.344
-619.879
-597.311
-594.299
-654.548
-664.516
-781.676
-710.782
-1043.78
-659.666
-2119.49
693.415
-8115.76
-1799.29
-598.426
-347.387
-620.341
-598.105
-595.06
-656.905
-659.103
-777.215
-705.836
-1018.28
-670.03
-1969.51
726.248
-8311.16
-1799.49
-598.836
-347.684
-621.299
-599.877
-597.363
-660.829
-657.317
-778.653
-695.342
-1001.04
-652.102
-1949.09
785.568
-8237.41
-1799.55
-599.027
-347.743
-621.692
-600.623
-597.847
-662.349
-654.33
-776.799
-687.155
-1000.09
-638.788
-1956.21
756.459
-8344.78
-1799.63
-599.192
-347.872
-622.169
-601.581
-598.843
-664.4
-653.409
-778.361
-682.095
-1009.05
-590.477
-2213.73
617.483
-7888.7
-1799.6
-599.129
-347.859
-622.271
-601.855
-598.916
-664.906
-652.209
-775.736
-678.855
-1007.81
-619.056
-1985.45
674.501
-8192.33
-1799.54
-598.945
-347.846
-622.294
-602
-599.025
-665.524
-651.729
-776.346
-674.938
-1013.36
-606.463
-2000.3
729.021
-8209.1
-1799.37
-598.571
-347.701
-621.955
-601.483
-598.35
-664.781
-651.008
-776.582
-675.493
-1010.63
-601.883
-2058.46
686.134
-8155.73
-1799.14
-598.147
-347.569
-621.545
-600.901
-597.72
-664.032
-650.906
-777.663
-675.166
-998.341
-609.723
-1885.31
794.534
-8612.42
-1798.77
-597.581
-347.28
-620.735
-599.664
-596.219
-662.054
-651.145
-778.763
-679.834
-1002.91
-637.227
-1957.5
860.034
-8634.4
-1798.39
-597.102
-347.108
-620.065
-598.699
-595.255
-660.346
-653.255
-779.436
-685.583
-1000.04
-632.173
-1873.43
821.816
-8701.1
-1797.84
-596.451
-346.651
-618.788
-596.682
-592.493
-656.491
-654.918
-780.585
-696.578
-1035.64
-666.519
-2036.67
749.967
-8608.16
-1797.34
-596.239
-346.58
-618.143
-595.756
-591.361
-654.035
-659.753
-785.574
-699.788
-1058.79
-648.105
-2157.26
700.59
-8409.44
-1796.68
-595.487
-345.988
-616.442
-592.671
-585.944
-646.684
-656.945
-791.447
-708.428
-1097.39
-677.567
-2203.95
731.346
-8371.48
-1895.91
-664.062
-380.924
-672.14
-655.687
-639.116
-716.909
-707.287
-915.431
-781.97
-1514.15
-714.121
-3221.22
597.99
-10698.8
-1896.28
-664.729
-381.537
-674.075
-659.537
-646.489
-727.464
-719.726
-909.375
-779.204
-1426.22
-777.268
-2907.25
869.488
-11216.4
-1896.46
-664.972
-381.656
-674.848
-660.828
-648.425
-730.872
-716.236
-896.527
-776.676
-1344.4
-739.563
-2589.61
1031.01
-11744.8
-1896.69
-665.468
-382.068
-676.223
-663.37
-652.314
-736.738
-717.777
-894.887
-772.731
-1326.22
-740.305
-3002.14
924.77
-11088.2
-1896.76
-665.709
-382.185
-676.897
-664.593
-653.707
-739.112
-714.776
-888.726
-760.894
-1305.13
-675.346
-2777.18
936.298
-11299.8
-1896.84
-665.88
-382.361
-677.602
-666.022
-655.545
-742.432
-714.91
-892.998
-753.114
-1330.81
-645.292
-2979.22
661.081
-10690.6
-1896.8
-665.761
-382.338
-677.805
-666.501
-656.007
-743.328
-713.456
-885.894
-744.961
-1282.72
-655.726
-2500.13
854.03
-11670.7
-1896.7
-665.464
-382.278
-677.811
-666.72
-656.195
-744.537
-712.864
-889.443
-737.902
-1329.01
-609.993
-2831.35
714.809
-11129.1
-1896.45
-664.928
-382.029
-677.311
-665.978
-655.204
-743.435
-712.215
-888.624
-740.632
-1305.89
-632.896
-2577.67
884.836
-11485
-1896.13
-664.304
-381.767
-676.624
-665.05
-653.908
-742.288
-711.739
-892.219
-744.045
-1294.99
-688.877
-2535.07
942.811
-11796.8
-1895.62
-663.512
-381.301
-675.412
-663.243
-651.356
-739.369
-710.986
-893.376
-751.234
-1312.04
-634.313
-3185.54
624.882
-11087.3
-1895.09
-662.813
-380.961
-674.304
-661.712
-649.18
-736.885
-711.665
-897.853
-756.264
-1323.6
-745.202
-2659.32
1065.55
-12236
-1894.36
-661.935
-380.283
-672.464
-658.886
-644.65
-731.544
-709.29
-904.966
-762.717
-1370.06
-795.753
-2704.48
1077.93
-12088.3
-1893.67
-661.582
-380.08
-671.419
-657.444
-642.193
-728.337
-710.575
-918.369
-761.776
-1447.62
-808.026
-2898.66
893.747
-11691.9
-1892.84
-660.609
-379.23
-669.1
-653.308
-634.287
-718.413
-696.782
-928.124
-766.004
-1546.23
-788.5
-3074.74
780.921
-11358.7
-1955.31
-757.743
-432.142
-728.602
-755.861
-722.606
-853.387
-772.71
-1115.97
-848.321
-1870.3
-772.805
-3231.84
1948.07
-15687.2
-1955.6
-758.315
-432.709
-730.553
-759.328
-730.296
-862.581
-792.168
-1110.93
-860.108
-1728.12
-810.236
-3243.16
2038.04
-15980.5
-1955.76
-758.535
-432.809
-731.378
-760.491
-732.638
-865.527
-793.425
-1096.87
-862.845
-1649.79
-761.293
-3308.35
1557.43
-16690.6
-1955.95
-758.958
-433.175
-732.788
-762.907
-737.046
-871.435
-799.738
-1093.8
-861.876
-1609.68
-509.521
-4030.13
1221.76
-14647.5
-1956.01
-759.159
-433.249
-733.503
-764.002
-738.873
-873.483
-800.209
-1087.83
-851.405
-1671.09
-604.016
-3831.69
1095.61
-15687.8
-1956.06
-759.262
-433.382
-734.201
-765.379
-740.958
-877.056
-802.961
-1091.37
-851.505
-1693.92
-646.675
-3322.26
1420.74
-16116.3
-1956
-759.097
-433.296
-734.391
-765.716
-741.562
-877.513
-803.402
-1081.46
-849.632
-1633.78
-650.279
-3046.7
1720.53
-17105.5
-1955.87
-758.761
-433.187
-734.306
-765.947
-741.545
-879.255
-802.502
-1088.87
-839.483
-1751.92
-543.109
-3885.94
1019.35
-15546
-1955.6
-758.213
-432.881
-733.707
-765.107
-740.28
-877.779
-800.396
-1084.74
-834.298
-1696.74
-618.94
-3738.38
1689.14
-15655.2
-1955.25
-757.576
-432.584
-732.867
-764.222
-738.419
-877.129
-797.171
-1089.13
-838.537
-1622.73
-569.452
-3369.05
1153.68
-16972.8
-1954.75
-756.797
-432.077
-731.493
-762.371
-735.144
-874.143
-791.168
-1090.63
-816.385
-1682.95
-459.056
-3958.37
468.371
-15076
-1954.21
-756.106
-431.719
-730.212
-760.919
-732.197
-872.351
-787.464
-1096.95
-831.233
-1607.76
-501.93
-4008.66
1208.89
-16201.2
-1953.52
-755.273
-431.014
-728.19
-758.179
-726.802
-867.499
-778.808
-1106.44
-832.357
-1662.94
-747.297
-3300.51
1403.97
-17822.7
-1952.88
-754.932
-430.797
-727.02
-756.864
-723.713
-865.123
-774.512
-1120.88
-828.171
-1742.23
-864.927
-3290.84
1974.55
-16846.6
-1952.15
-754.011
-429.908
-724.566
-753.102
-715.295
-857.212
-753.304
-1131.73
-819.61
-1909.11
-841.681
-3465.76
1706.46
-16798.6
-2146.18
-2909.21
-3554.88
-4416.09
-5430.61
-6793.43
-8507.99
-10813.9
-13856.8
-17746.5
-24447.5
-27429.8
-51792.6
-44370.3
-140758
-836.765
-984.382
-1063.62
-1314.59
-1616.73
-2085.72
-2681.65
-3545.94
-4713.35
-6184.1
-8981.54
-12174.7
-15052.8
-26409.1
-21577
-529.018
-673.668
-812.428
-1066.23
-1357.62
-1777.55
-2308.38
-3099.84
-4077.92
-5726.27
-7555.48
-11751.7
-14098.7
-31091.7
-2654.17
-814.303
-1044.33
-1276.61
-1630.16
-2060.48
-2684.63
-3467.91
-4625.96
-5997.41
-7936.2
-10139.6
-12399.4
-15310.3
-14717.3
-7738.84
-851.77
-1085.51
-1340.14
-1720.82
-2191.24
-2865.79
-3686.41
-4896.79
-6198.72
-8151.31
-9693.91
-12134.9
-13372.5
-14571
-6305.68
-787.522
-1010.28
-1268.36
-1647.96
-2120.59
-2809.06
-3691.08
-5012.21
-6395.32
-8332.1
-9493.55
-11805.4
-12174.4
-10390
-4033.59
-947.439
-1282.46
-1679.42
-2179.17
-2788.75
-3681.32
-4788.45
-6280.89
-7703.26
-9801.94
-10809.5
-12437.5
-9862.65
-8558.47
-4523.42
-826.549
-1139.68
-1454.71
-1869.64
-2334.01
-3108.76
-4197.38
-5836.04
-7449.28
-9801.68
-10482.9
-10808.7
-7652.61
-9719.4
1671.29
-1234.01
-1788.65
-2353.06
-2861.84
-3512.34
-4957.96
-6726.56
-8653.08
-9939.22
-12163.1
-12190.5
-12318.2
-9056.61
-6266.84
-14299
-945.399
-1313.58
-1684.12
-2246.75
-2628.66
-3641.42
-4870.29
-6421.02
-7708.19
-9285.49
-8020.55
-8449.57
-2876.5
-8388.41
9495.19
-2439.24
-3493.47
-3862.25
-3856.14
-3964.05
-7337.11
-10660.1
-12729.5
-12928.4
-11324.4
-7470.77
-6031.39
-3652.13
-7466.24
782.452
-846.549
-915.335
-1618.49
-3019.16
-1256.62
-3053.93
-5286.36
-6309.89
-5681.26
-4770.43
-1897.11
-2975.3
1054.62
402.286
12409.6
-5639.51
-7387.65
-6587.7
-801.498
-3853
-15660.5
-22288
-21289.4
-18344.9
-12467.7
-3840.27
389.012
5554.63
840.315
-17363.2
1956.78
-440.777
-1814.2
532.577
6390.42
-4432.54
-2202.86
120.486
2962.61
-2167.26
10746.8
14530.7
12298.7
-23485.9
-34668
-22903
-18220.7
-24460.5
-36055.6
-34821.8
-33940.8
-17146.5
-27370.3
-36014.6
-62092.7
-83348.2
-78978.7
-70545.8
-94065.7
-24377.1
-2146.46
-2909.7
-3554.87
-4416.15
-5427.62
-6790.37
-8495.49
-10797.8
-13814.1
-17686
-24319.1
-27294.6
-50880.9
-44174.4
-134571
-837.256
-984.956
-1062.95
-1313.37
-1610.35
-2077.31
-2656.71
-3513.18
-4631.45
-6063.04
-8723.02
-11784.5
-14680.1
-25311.1
-21211.8
-529.458
-673.762
-811.318
-1063.51
-1350.49
-1765.92
-2283.84
-3062.74
-4003.31
-5611.58
-7350.42
-11426.4
-14021.9
-31077.7
-5241.87
-816.699
-1046.69
-1277.58
-1628.52
-2052.23
-2669.87
-3433.52
-4574.43
-5888.54
-7760.97
-9793.16
-11934.2
-15140.7
-15789.7
-6574.11
-855.324
-1087.06
-1336.94
-1710.17
-2167.12
-2826.99
-3612.88
-4790.98
-6008.67
-7875.55
-9120.58
-11642.3
-14026.9
-15929.5
-11299.4
-796.491
-1017.24
-1270.96
-1640.42
-2096.43
-2767.29
-3614.03
-4908.23
-6239.97
-7995.04
-8894.47
-12122.1
-13556.7
-11940.3
-6894.5
-954.846
-1275.49
-1652.52
-2121.96
-2697.32
-3558.53
-4612.6
-6065.54
-7477.67
-9176.57
-10078.3
-13057.9
-11058.7
-10069.2
-7304.79
-840.461
-1142.79
-1452.45
-1829.41
-2255.47
-2994.99
-4036.78
-5742.13
-7303.38
-9430.22
-10661.6
-12415.3
-9219.94
-13539.3
-5064.87
-1189.29
-1700.2
-2175.83
-2548.53
-3145.1
-4594.29
-6376
-8424.1
-9718.95
-12726.8
-13333.4
-13606.2
-9865.93
-8713.38
-15926.7
-938.132
-1348.76
-1582.87
-1949.84
-2389.11
-3435.66
-4671.6
-6037.51
-7850.11
-10554.1
-9673.32
-9848
-4463.1
-8905.38
9368.58
-2060
-2908.31
-3281.69
-3639.37
-4402.62
-8013.84
-10752.1
-13006.4
-14459.8
-14073.4
-10808
-9490.39
-6769.28
-9172.43
-5411.29
-882.498
-754.364
-1459.49
-3174.83
-1848.51
-4085.73
-5005.76
-6449.63
-6556.29
-6470.79
-4884.49
-6067.73
-1551.07
77.3265
5708.7
-4889.93
-7473.83
-8557.94
-2651.43
-6276.96
-20750.1
-20397.3
-21382.3
-19479.3
-16071.2
-9155.36
-2914.14
4151.3
-163.096
-23880.2
2833.2
-1086.57
-3158.17
471.498
3334.96
-7384.85
-3634.35
-2969.31
1718.38
-3899.48
-1744.96
10069.7
13979.6
-18503.1
-27381.1
-24098.2
-22053.4
-26837.5
-33847.4
-32988.7
-28027.5
-18820.6
-26244.7
-29862.2
-47954.4
-79220.7
-83353.4
-72866.3
-96150.7
-34218.2
-2146.57
-2909.94
-3554.59
-4416.19
-5424.75
-6788.12
-8484
-10785
-13776.2
-17634.5
-24228.4
-27089.8
-50726.8
-43767.6
-136488
-837.413
-985.107
-1061.95
-1311.96
-1604.95
-2070.61
-2637.34
-3489.71
-4570.72
-5975.78
-8551.67
-11429
-14193
-24722.9
-20658.7
-529.527
-673.574
-810.383
-1061.54
-1346.11
-1759.1
-2270.02
-3043.01
-3961.99
-5552.04
-7250.23
-11247.5
-14094.6
-31688.2
-3737.2
-817.912
-1047.84
-1277.72
-1627.07
-2046.94
-2661.64
-3412.88
-4548.74
-5824.52
-7683.06
-9631.27
-11763.2
-15469
-16655.9
-3527.37
-856.793
-1087
-1333.64
-1702.73
-2152.45
-2805.36
-3570.74
-4741.48
-5905.84
-7782.15
-8903.43
-11805.7
-15458.7
-17572.6
-11296.1
-800.107
-1019.14
-1270.03
-1634.31
-2083.74
-2748.95
-3579.53
-4877.56
-6202.44
-7991.64
-9153.6
-13447.6
-16085
-13640.3
-8831.01
-958.03
-1268.62
-1632.99
-2089.15
-2650.21
-3493.78
-4519.46
-6012.85
-7475.98
-9166.73
-10640
-14836.8
-12910.8
-12112.3
-11030.7
-841.037
-1137.43
-1445.71
-1802.98
-2211.6
-2953.82
-3989.12
-5773.63
-7235.55
-9611.52
-11009.8
-14043.9
-10827.6
-18584.9
-11313.4
-1153.76
-1637.16
-2056.14
-2370.45
-2974.7
-4338.93
-6044.4
-8222.33
-9472.31
-12359.4
-12534.8
-13248.3
-10306.6
-14918.7
-15514.6
-921.255
-1357.25
-1538.11
-1814.29
-2207.4
-3185.97
-4528.11
-5730.96
-7544.44
-9636.08
-8776.62
-9896.73
-4402.93
-9349.03
9754.89
-1872.92
-2591.82
-2800.5
-3178
-4113.19
-7443.64
-9770.41
-12139.6
-14888.2
-14907.4
-11423
-9483.84
-6511.43
-9811.52
-6840.05
-730.05
-1006.29
-1735.92
-2602.9
-2000.78
-3804.12
-4147.9
-5995.15
-6849.25
-7001.25
-4664.79
-6970.18
-1890.17
-739.183
4954.42
-3522.39
-4779.7
-5997.56
-3607.21
-8218.44
-19525
-18607
-21572.5
-20727.6
-17159.3
-11605.1
-4296.47
1132.52
-5377.13
-25471.5
2709.65
-176.289
-1081.56
3055.32
1118.86
-6355.81
-2341.54
-3011.14
377.916
36.2084
-524.934
4600.74
13265.5
-13131
-20981.7
-25617
-29114.2
-32313.7
-30775.8
-32927.5
-23519.9
-20749.7
-27304.7
-29090.1
-40778.6
-66908.1
-83632
-75781.3
-97390.7
-38740.9
-2146.69
-2910.23
-3554.21
-4416.17
-5420.3
-6784.62
-8466.23
-10765.4
-13717.9
-17552.9
-24099.5
-26757.7
-50049.2
-43581.3
-133557
-837.694
-985.408
-1060.63
-1310.07
-1597.47
-2061.18
-2610.07
-3455.59
-4482.28
-5847.34
-8299.79
-10978.1
-13637.5
-23649.8
-20011.6
-529.771
-673.455
-809.119
-1058.72
-1339.07
-1747.7
-2245.92
-3007
-3885.4
-5434.23
-7051.23
-10846.4
-14099.4
-31839.8
-6528.76
-819.68
-1049.6
-1278.02
-1624.83
-2038.41
-2647.27
-3377.92
-4500.9
-5704.71
-7525.09
-9281.36
-11279.1
-15795.6
-18461.7
-5220.52
-859.463
-1088.24
-1330.81
-1693.72
-2132.17
-2772.2
-3503.72
-4652.42
-5703.72
-7573.22
-8460.64
-11825.9
-17560.5
-20998.6
-13513.5
-805.541
-1023.24
-1270.3
-1625.9
-2063.92
-2716.31
-3517.4
-4806.86
-6050.19
-7951.34
-9191.82
-15244.5
-19757.8
-18415.1
-12586.4
-964.356
-1267.29
-1617.58
-2055.03
-2598.35
-3413.88
-4394.09
-5906.2
-7207.06
-9301.2
-11051.3
-17769.7
-16036.5
-18315.1
-15781.8
-846.143
-1133.55
-1433.9
-1758.44
-2156.6
-2890.76
-3931.86
-5742.72
-7166.2
-10076.7
-12244.2
-16991
-13387.6
-28179.1
-18341.6
-1131.66
-1596.66
-1964.36
-2251.65
-2907.9
-4212.97
-5883.97
-7900.81
-8946.12
-11908.8
-12468.4
-13349
-9845.22
-18773.2
-8521.43
-911.338
-1361.62
-1471.2
-1637.3
-2067.43
-3093.59
-4535.56
-5480.57
-7216.83
-9030.84
-8455.23
-10574.9
-5726.78
-11266.9
7570.8
-1813.97
-2369.42
-2466.79
-2994.77
-4428.9
-7392
-9662.03
-12659.6
-17212.7
-17455.9
-13980.2
-11595.2
-8418.48
-11621.7
-8957.84
-335.089
-1195.78
-1477.6
-1650.34
-2240.97
-4027.65
-4083.27
-6247.28
-7699.4
-7743.16
-5447.5
-8002.35
-2416.09
-2321.64
4873.01
-5601.94
-4174.29
-4912.31
-4793.95
-9876.7
-19298.9
-17608.3
-21446.5
-21555.2
-18648
-9560.9
-1062.36
-320.052
-10509.7
-23139.2
498.79
1648.3
3336.5
17.097
-3977.17
-6470.59
-1187.17
-2561.07
666.805
764.103
2185.97
4178.17
13674.6
-7440.39
-14295
-21225.6
-26363.4
-29139.5
-33241.7
-32561.5
-20057.4
-21767.1
-28967
-30921.3
-39666.4
-58829.5
-83040
-76134.1
-98036.7
-43191.9
-2146.65
-2910.27
-3553.46
-4415.97
-5415.3
-6781.1
-8446.4
-10746.2
-13653.6
-17470.4
-23963.8
-26386.8
-49509.2
-43091.8
-131800
-837.698
-985.367
-1058.9
-1307.83
-1590
-2052.14
-2584.33
-3425
-4399.03
-5732.85
-8057.28
-10559.8
-13032.1
-22826.9
-20810.3
-529.738
-673.08
-807.677
-1055.95
-1332.88
-1737.94
-2225.31
-2976.2
-3815.55
-5326.71
-6849.54
-10370.7
-13994.1
-32495.4
-9155.39
-820.715
-1050.51
-1277.51
-1622.44
-2031.31
-2635.53
-3348.07
-4460.96
-5591.15
-7394.87
-8902
-10591.7
-16407.4
-21565.3
-8767.32
-860.83
-1088.17
-1327.06
-1685.95
-2116.71
-2746.36
-3450.39
-4577.95
-5507.84
-7405.05
-7907.82
-12143.5
-21628.4
-27407.8
-19988.1
-808.563
-1024.26
-1267.23
-1620.4
-2055.65
-2697.19
-3474.36
-4749.95
-5937.36
-8277.45
-9640.31
-18774
-25696.8
-26268.1
-17736.8
-967.266
-1261.7
-1604.2
-2042.28
-2578.45
-3360.97
-4317.31
-5800.66
-7132.68
-9756.79
-12040.9
-21453.6
-19938.5
-27069.7
-20969
-847.96
-1120.65
-1416.3
-1764.07
-2194.17
-2877.84
-3918.82
-5626
-7289.65
-10662.6
-12830.9
-17959.9
-13233.6
-34064.8
-16339.3
-1118.16
-1561.8
-1986.12
-2382.53
-2956.59
-4096.5
-5759.97
-7343.49
-8986.41
-12035.9
-12445.5
-12205.5
-5826.25
-6777.02
5638.78
-902.269
-1290.42
-1541.24
-1772.33
-2126.23
-2984.95
-4391.75
-5564.6
-7869.4
-10379.2
-9805.85
-11017.2
-6125.14
-12033.9
5875.73
-1750.96
-2191.66
-2578.91
-2885.45
-4041.63
-6764.88
-8689.07
-10836.7
-14853.7
-16084
-14131.2
-12292.7
-9398.77
-11643.4
-10014.7
-788.136
-918.948
-979.571
-1221.47
-1502.55
-3391.99
-3927.83
-6498.25
-8182.95
-8543.55
-6655.88
-8516.58
-3059.95
-2951.13
6383.49
-3449.22
-2935.84
-4358.12
-8887.19
-12266.7
-16703
-21768.5
-25741.8
-24911
-19380.9
-5997.02
-3388.23
-2457.81
-14415.4
-19394.5
1740.78
1454.14
-855.103
-3515.23
-5522.98
-7604.31
-3093.94
-4614.49
-718.603
430.251
7442.4
8440.44
12773.6
-4234.95
-10601.9
-26388.5
-29332.6
-31895.9
-30642.5
-26244.5
-23526.4
-23819.2
-32844.1
-36864.2
-50780
-71200.9
-81594.1
-75734
-98329.4
-46629.3
-2146.57
-2910.32
-3552.46
-4415.67
-5409.55
-6777.17
-8423.31
-10724.7
-13576.1
-17382.6
-23791.7
-25960
-48822
-42583.2
-130012
-837.485
-985.06
-1056.87
-1305.28
-1581.92
-2042.55
-2557.46
-3392.92
-4309.86
-5611.39
-7779.36
-10122.1
-12185.7
-21920.5
-20512.2
-529.716
-672.764
-806.254
-1053.15
-1326.21
-1727.16
-2202.33
-2940.16
-3734.44
-5189.33
-6568.41
-9617.03
-13457.5
-33260.4
-12041.7
-821.55
-1051.21
-1276.74
-1619.58
-2022.76
-2621.44
-3313.91
-4409.35
-5449.46
-7190
-8309.1
-9331.06
-17251
-26384.5
-12290.6
-862.481
-1089.17
-1325.32
-1680.39
-2102.33
-2721.7
-3396.05
-4491.46
-5287.43
-7162.78
-6996.48
-12746.3
-27525.7
-36104.9
-29614.8
-811.185
-1025.82
-1265.31
-1613.56
-2040.19
-2673.9
-3423.47
-4661.01
-5750.41
-8251.84
-9883.22
-23361.2
-34367.6
-37977.9
-24406.6
-972.377
-1266.21
-1604.88
-2040.8
-2569.46
-3339.54
-4258.98
-5683.63
-7101.15
-10266.4
-13804.7
-26014.7
-26226.7
-42179.5
-26717.9
-850.682
-1116.34
-1402.1
-1736.5
-2161.46
-2863.17
-3902.77
-5554.06
-7449.96
-11218.7
-14465.8
-20627.5
-13499.5
-38040.9
6057.09
-1117.32
-1568.77
-2016.23
-2486.84
-3125.17
-4240.63
-5725.42
-7079.6
-8933.81
-11749.4
-12876.2
-13342.8
-5165.26
2259.73
18738.7
-875.653
-1260.63
-1492.33
-1745.28
-2154.18
-3201.37
-4417.28
-5588.39
-7456.04
-9930.74
-9968.52
-11328.2
-5976.18
-13592.8
3952.61
-1768.21
-2535.77
-3063.68
-3553.53
-4756.52
-6440.54
-6964.89
-9426.06
-12684.3
-13760.1
-11681.8
-11736.5
-9636
-12320
-9015.87
-729.334
-1001.82
-1144.82
-1364.13
-2576.44
-3418.79
-3440.06
-6059.1
-7745.21
-7990.38
-6746.37
-8989.9
-3611.72
-2679.35
9620.09
-3442.58
-5321.34
-7006.4
-7279.08
-9394.7
-8017.77
-16641.5
-20809.9
-20797
-16593.1
-10420.7
-8257.01
-2724.37
-15507.9
-18232.2
3259.85
1061.62
-2400.65
-3475.29
-4295
-4385.78
1422.78
739.419
4854.1
7781.02
14714.1
12519.4
13833.4
-462.588
-9402.22
-23704.9
-23682.8
-21507.3
-22738.8
-24309.6
-30659.6
-30840.6
-39271.5
-40749
-52661.7
-65581.5
-75848.2
-75350.8
-97779.9
-49136.5
-2146.31
-2910.22
-3551.18
-4415.17
-5403.16
-6772.56
-8398.24
-10702.9
-13494.5
-17302.4
-23592.8
-25549.1
-48038
-41891.8
-128433
-836.955
-984.342
-1054.52
-1302.54
-1574.08
-2033.52
-2532.49
-3363.74
-4227.85
-5503.91
-7517.04
-9753.47
-11283.1
-21030.8
-20685.3
-529.414
-672.127
-804.559
-1050.2
-1319.81
-1716.97
-2181
-2905.4
-3658.01
-5048.51
-6254.1
-8562.51
-12181.7
-34115.7
-15170.5
-821.765
-1051.26
-1275.46
-1616.6
-2014.86
-2608.12
-3281.34
-4357.57
-5311.5
-6965.69
-7556.75
-7615.8
-17345.5
-31453.9
-16691.7
-862.799
-1088.51
-1321.59
-1672.64
-2086.63
-2696.42
-3342.71
-4405.12
-5063.66
-6853.16
-5781.49
-12754.2
-32335.7
-43952.8
-40167.5
-812.348
-1026.3
-1263.14
-1608.98
-2030.42
-2652.53
-3365.24
-4561.02
-5557.83
-8190.29
-10298.4
-28864.2
-46560.3
-54201.1
-36112.5
-973.426
-1263.29
-1592.23
-2017.27
-2528.44
-3271.17
-4147.28
-5557.65
-7045.21
-10851.9
-16852.1
-33183.5
-37161
-61746.7
-18988
-852.04
-1111.79
-1395.58
-1742
-2178.41
-2842.16
-3791.61
-5415.24
-7486.23
-11605.1
-16523.9
-24428.3
-13342
-36168.8
26339.9
-1107.5
-1538.58
-1947.17
-2371.41
-2869.63
-3836.27
-5264.73
-6942.23
-9062.25
-12197.9
-14541.9
-15675
-7182.45
-3627.26
24620.6
-869.587
-1242.51
-1480.12
-1779.01
-2124.01
-2896.86
-4207.64
-5714.73
-7554.66
-10800.5
-11518
-12852.3
-5971.56
-13843.2
1271.75
-1631.45
-2317.69
-2600.08
-2895.42
-3552.42
-5212.03
-6909.36
-8615.06
-10922.7
-12711.3
-11052.3
-11584.7
-8938.41
-13820
-5850.09
-561.588
-876.16
-1124.44
-1678.94
-2014.57
-3478.95
-4202.87
-4468.86
-5707.98
-6765.55
-5406.05
-7178.04
-4449.23
-3968.94
12754.4
-3389.29
-3871.51
-4751.46
-6732.75
-9266.88
-10465.7
-12846
-13640.5
-15823.4
-14691.3
-10893.8
-10115.7
-5320.4
-15477
-20164
1307.56
-492.159
-2017.29
-4393.84
-4563.98
-3232.3
2790.71
5282.41
5089.88
5693.45
10459.8
7330.4
15128
2656.54
-15049.1
-26767.3
-27941.4
-28021.3
-29099.6
-30439.8
-31949.9
-32117.7
-39678.7
-44767
-57562.1
-72600.1
-83085.6
-76760.2
-97706.1
-50447.8
-2145.92
-2910.01
-3549.58
-4414.38
-5396.28
-6767.81
-8372.3
-10680.8
-13409.5
-17228.1
-23358.4
-25208.6
-47011
-41167.4
-127014
-836.203
-983.344
-1051.97
-1299.71
-1566.44
-2025.16
-2509.51
-3337.42
-4151.8
-5411.63
-7273.59
-9506.14
-10448
-20277.4
-20644.5
-529.05
-671.505
-803.049
-1047.6
-1313.94
-1707.34
-2161.19
-2871.65
-3587.44
-4907.89
-5939.75
-7346.03
-10478
-34555.3
-17778.2
-821.421
-1050.63
-1273.57
-1613.06
-2006.48
-2594.56
-3251.21
-4305.49
-5178.52
-6729.97
-6701.66
-5747.3
-15877.3
-37304.1
-20441.9
-862.923
-1088.42
-1320.03
-1668.81
-2076.59
-2679.03
-3302.11
-4327.94
-4865
-6493.4
-4437.82
-10532.1
-31962.7
-48477.7
-46764.8
-811.967
-1024.99
-1259.24
-1601
-2015.42
-2632.11
-3321.73
-4474.52
-5356.26
-8029.23
-10128
-31549.1
-53864.5
-68795.3
-36596.7
-975.837
-1266.73
-1597.05
-2022.74
-2535.94
-3281.19
-4127.95
-5504.41
-7011.45
-11349.5
-19087.8
-36998.6
-45389.1
-65775.8
7310.82
-850.584
-1101.94
-1377.65
-1708.43
-2140.93
-2830.86
-3796.21
-5489.91
-7715.83
-12035.1
-17160.3
-26091.3
-11511.4
-18664.1
26036.9
-1109.99
-1548.1
-1993.27
-2480.41
-3114.23
-4190.22
-5572.02
-7358.41
-9422.31
-12519.6
-15582.8
-17839.1
-9456.03
-10073.5
20272
-827.268
-1117.4
-1353.37
-1693.56
-2219.48
-3123.41
-4376.62
-5783.91
-7487.4
-11298.2
-12440.4
-14013.8
-6987.97
-12644.8
-165.238
-1863.68
-2913.91
-3258.12
-3344.16
-4404.52
-5833.48
-7543.16
-9354.29
-13044.2
-14761.7
-12710.3
-12774
-9833.25
-15138.5
-3653.99
-34.6587
-1056.52
-1658.16
-2480.12
-2821.85
-4185.17
-5796.72
-5554.77
-7078.33
-7679.66
-5602.51
-5662.2
-5941.69
-7097
13436.4
-5783.74
-6372.29
-7823.93
-10103
-11328.3
-12576.5
-11616.3
-11995
-17141.4
-18488.8
-18388.7
-22902.7
-8553.25
-23301.6
-24404.3
-146.528
-3094.64
-4612.94
-4886.28
-5580.55
-4869.58
-3920.34
-148.316
4187.85
4624.81
7274.66
-733.698
6971.44
-520.579
-22603.7
-21632.7
-22042.9
-22085
-20841.9
-22648.9
-25159.1
-34005.6
-44722.4
-42232.1
-46616.2
-53991.4
-62081.9
-77528.7
-90842.8
-46771.5
-2145.34
-2909.56
-3547.59
-4413.29
-5389.04
-6762.61
-8345.62
-10659
-13327.5
-17164.4
-23102.3
-24969.8
-45939.7
-40477.1
-126049
-835.228
-982.093
-1049.3
-1296.9
-1559.31
-2017.78
-2489.12
-3315.05
-4086.88
-5346.88
-7084.61
-9452.88
-10107.4
-20049.1
-20802
-528.408
-670.555
-801.232
-1044.78
-1308.22
-1698.32
-2143.54
-2840.9
-3531.42
-4803.6
-5717.14
-6754.45
-9827.97
-34867.1
-19311
-820.464
-1049.46
-1271.43
-1609.63
-1998.74
-2581.77
-3223.57
-4254.18
-5073.45
-6536.51
-6176.18
-5173.09
-15100.1
-44764.6
-21550
-861.502
-1086.44
-1315.99
-1661.62
-2063.1
-2658.86
-3262.4
-4250.7
-4733.37
-6198.71
-3691.4
-8063.04
-30522.7
-54917.1
-45822.2
-810.19
-1023.93
-1257.44
-1596.31
-2004.62
-2611.88
-3268.25
-4364.14
-5177.81
-7448.28
-8609.78
-27413.9
-52453.8
-80466.1
-19740.1
-973.633
-1263.14
-1584.05
-1994.38
-2494.52
-3225.92
-4029.03
-5334.68
-6872.18
-10725
-17724.3
-32278.3
-43323.5
-46403.6
32702.5
-849.583
-1106.55
-1380.65
-1708.67
-2145.07
-2813.04
-3655.81
-5429.66
-7769.48
-11652.8
-15639.4
-25641.4
-9905.95
713.364
20671.5
-1112.4
-1541.87
-1923.5
-2339.74
-2931.38
-3937.97
-5311.79
-7282.89
-8946.76
-12210.6
-15895.3
-19074.8
-9963.59
-14117.8
12501.2
-848.283
-1187.71
-1388.94
-1679.4
-2274.52
-2982.09
-4262.1
-5698.01
-7217.1
-11112.6
-12852
-14558.7
-8097.35
-11947.4
-87.0786
-1789.09
-2474.39
-2921.81
-3131.29
-3412.76
-4969.03
-7458.18
-8589.69
-11517.1
-15062.2
-14252.7
-14657.5
-11419.2
-19862.1
-3691.48
-149.768
-831.412
-1425.78
-2725.6
-1995.32
-4213.35
-5518.29
-4736.7
-5756.93
-7456.64
-6687.85
-6559.51
-4469.53
-14743.5
7445.46
-6020.52
-6333.81
-6256.51
-7895.23
-7586.83
-13373.4
-15734.4
-14817.2
-21702.1
-17784.5
-14453
-10233
-9916.5
-36720.8
-33199.5
-1.13948
-2228.95
-2860.73
-3489.12
-3274.36
-2906.24
-3757.55
-3714.15
1287.31
4878.98
9068.09
8856.73
14012.2
-9570.87
-12785.8
-20194.9
-20248.3
-21947.2
-24335.5
-29039.4
-23482.1
-25985.2
-39932.9
-38026.4
-48189.4
-59661.7
-72147.2
-73367.6
-84208
-36450.2
-2144.63
-2908.93
-3545.33
-4412.09
-5381.68
-6757.48
-8319.53
-10640.8
-13248
-17111.3
-22811.5
-24902.3
-45148.9
-39845.8
-125339
-834.149
-980.742
-1046.64
-1294.26
-1552.96
-2011.89
-2471.71
-3298.56
-4034.48
-5314.03
-6948.14
-9609.96
-10288.4
-20311.9
-20938.5
-527.765
-669.681
-799.709
-1042.6
-1303.62
-1690.8
-2128.79
-2816.12
-3490.22
-4743.64
-5602.85
-7097.74
-9585.27
-34888.6
-19548.8
-819.024
-1047.67
-1268.84
-1606.18
-1991.65
-2570.55
-3201.7
-4213.08
-5009.06
-6392.59
-6188.23
-5663.42
-13811.4
-48917.6
-23881.6
-859.992
-1085.1
-1314.54
-1659.4
-2056.89
-2648
-3238
-4202.12
-4652.19
-5971.25
-3305.69
-6943.36
-28758.6
-62647.7
-47230
-806.755
-1020.63
-1253.91
-1590.33
-1992.55
-2594.25
-3236.63
-4291.13
-5014.98
-6353.93
-6263.75
-21040.7
-46890.8
-92558.1
-2034.81
-971.88
-1265.16
-1591.52
-2000.39
-2501.13
-3232.88
-4006.29
-5268.51
-6387.57
-8515.42
-13091.4
-26377.8
-35293.5
-23682.4
43654.9
-841.977
-1104.01
-1375.58
-1684.41
-2108.5
-2773.61
-3638.44
-5521.99
-7096.72
-10506.6
-13482.9
-25654.8
-12005.8
6613.7
19243.5
-1116.33
-1574.25
-2001.72
-2397.24
-3068.46
-4155.76
-5637.51
-7712.85
-9357.52
-13800.3
-17455.2
-20534.4
-10095.9
-16250.4
9872.3
-848.158
-1230.61
-1416.95
-1642.67
-2221.09
-3144.59
-4587.65
-5796.25
-7808.37
-11419
-12355.3
-13454.5
-7505.86
-13879.9
-1994.37
-1694.27
-2585.31
-3110.49
-3481.08
-4582.18
-6212.8
-8835.11
-9551.29
-12712.1
-16073.3
-16077.5
-17064.9
-14904.8
-24515.8
-9140.68
-357.903
-1057.62
-1496.84
-2570.14
-3404.81
-4227.73
-5091.06
-4412.32
-7333.64
-8864.53
-8219.76
-8874.24
-7590.43
-17121.6
-4727.62
-4553.16
-7273.33
-9213.58
-9895.94
-7551.99
-10459.7
-17443.5
-15719.1
-16914.3
-17674.6
-18938.4
-23709.7
-24775.9
-36670.8
-40166.7
830.714
-2472.66
-5417.89
-4084.33
-3635.73
-1893.52
-1343.53
-1015.12
5547.15
7899.86
10940.8
11750.2
9448.66
-1422.07
4065.21
-24106.2
-22844.8
-22513.2
-23087
-27347.3
-25493.3
-20042.9
-33003.1
-35349.1
-44934.1
-54297.9
-64829.2
-71028.8
-65838.3
-15723.4
-2143.72
-2908.01
-3542.78
-4410.72
-5374.04
-6752.16
-8294.01
-10625.4
-13169.6
-17069.6
-22527.3
-24968.7
-44737.1
-39272.2
-124886
-832.958
-979.268
-1044.01
-1291.84
-1547.48
-2007.32
-2457.02
-3287.44
-3994.64
-5306.6
-6867.51
-9688.7
-10667.4
-20775.8
-21129.6
-526.878
-668.522
-797.926
-1040.33
-1299.29
-1684.29
-2116.51
-2796.75
-3460.39
-4715.59
-5542.39
-7624.67
-9789.71
-34236.2
-18752.2
-817.021
-1045.4
-1266.01
-1602.94
-1985.37
-2561.11
-3183.57
-4177.77
-4961.27
-6299.82
-6138.43
-6254.52
-12792.8
-47189.5
-27421.7
-857.303
-1082.34
-1311.04
-1654.72
-2048.43
-2636.89
-3218.23
-4153.21
-4601.23
-5726.23
-3043.91
-7051.82
-27265.4
-67143.6
-47760.6
-802.347
-1017.59
-1251.73
-1587.04
-1984.14
-2580.67
-3203.83
-4196.35
-4844.14
-5552.67
-4760.74
-15551
-37696.5
-95007.1
9441.42
-967.734
-1261.39
-1580.41
-1976.49
-2470.09
-3202.54
-3954.77
-5088.29
-6054.19
-7392.64
-10335.4
-24586.4
-30981.9
-14757.8
40236.2
-837.408
-1108.78
-1382.5
-1684.04
-2098.05
-2753.99
-3521.94
-5226.56
-6991.15
-10408.2
-13921.4
-29591.1
-20339.4
-6419.15
18090.4
-1124.27
-1553.27
-1880.71
-2201.5
-2899.22
-4041.49
-5521.05
-7927.58
-10179.1
-16757.4
-21828
-25102.1
-13673.9
-16859.3
6439.97
-868.045
-1252.56
-1367.4
-1542.58
-2202.33
-3093.37
-4377.66
-5589.32
-7674.26
-10773.7
-11859.6
-14384.7
-9664.51
-15160.7
-5915.56
-1770.18
-2210.42
-2582.55
-2885.09
-4344.58
-6039.86
-8196.24
-9649.52
-13134.2
-16363
-17534.1
-21246
-19814.8
-24403.9
-14155.6
-782.455
-1296.18
-1483.73
-2540.74
-3286.81
-4205.43
-5178.13
-4566.36
-5292.87
-4667.78
-3404.55
-6057.96
-7500.97
-10700.8
-11377.2
-4432.21
-4535.75
-6730.81
-12515.9
-11549.9
-9919.28
-12337.5
-14248.9
-18524.9
-21767.4
-26067.9
-28836.3
-27379.2
-23740.4
-29387.5
1499.51
-336.961
-3064.14
-4084.46
-5384.71
-4915.09
-1081.77
3128.59
2218.02
-625.638
101.842
2764.9
-3204.77
13517.9
15262.2
-23015.4
-28088
-32827.1
-26502.4
-25335.7
-26861
-26911.3
-34571.5
-38321.2
-48521.8
-59836.4
-68785.9
-64692.7
-37915.3
-3222.33
-2142.77
-2907.11
-3540.28
-4409.22
-5366.24
-6747.67
-8271.35
-10615.2
-13094.7
-17035.6
-22253.5
-25164.1
-44587.4
-38750.1
-124531
-831.873
-977.966
-1041.84
-1290.07
-1543.25
-2004.25
-2445.78
-3282.86
-3968.02
-5316.87
-6811.7
-9726.28
-11079.2
-21171.5
-20977.9
-526.158
-667.65
-796.736
-1039.03
-1296.36
-1679.7
-2107.85
-2785.3
-3444.7
-4713.86
-5569.96
-8223.36
-10108.1
-32924.5
-17532.3
-814.985
-1043.12
-1263.5
-1600.64
-1980.92
-2554.5
-3171.25
-4155.35
-4928.67
-6234.9
-6216.34
-6855.94
-11586.1
-41954.8
-29917.9
-855.1
-1080.91
-1310.57
-1655.2
-2046.92
-2633.61
-3211.56
-4128.26
-4592.51
-5608.31
-3424.24
-7480.78
-25904.4
-66534.9
-46302.1
-797.456
-1013.95
-1250.19
-1586.44
-1979.04
-2572.24
-3190.22
-4145.63
-4691.69
-4809.8
-3436.59
-9204.66
-25083.4
-83945.8
19683.3
-964.665
-1266.08
-1591.55
-1987.24
-2476.74
-3212.08
-3957.59
-4951.01
-5595.96
-6333.44
-8654.52
-23153.4
-31286.8
-20805.5
28435.6
-829.365
-1111.85
-1391.46
-1680.33
-2068.59
-2724.72
-3489.84
-5002.99
-6900.29
-11051.5
-15734.8
-34325.7
-31344.3
-25105.3
13057.4
-1137.35
-1598.15
-1908.09
-2180.03
-2888.23
-4140.41
-5703.76
-8093.18
-11227.3
-18623.4
-24318.1
-28296.5
-17726
-17911.4
6335.12
-857.665
-1326.51
-1421.57
-1586.89
-2150.85
-3109.66
-4388.22
-5534.48
-7386.19
-10816
-12217.5
-14975.7
-10589.4
-14920.5
-7858.54
-1823.4
-2440.3
-2445.42
-2811.14
-4436.86
-6675.07
-8696.44
-11747.3
-17043.4
-19823.3
-20684.6
-23345.9
-21399.9
-23051.6
-14638.9
-237.011
-1582.5
-1975.64
-2272.77
-3271.1
-4301.38
-5075.42
-4354.84
-5017.6
-4810.46
-5408.28
-8685.19
-8402.44
-8534.56
-10251.3
-6095.95
-4846.5
-5551.75
-8457.11
-12174.2
-11496.7
-10639.3
-13778.8
-23237.6
-27564
-33266.3
-33812.6
-24159
-11063.4
-12302.7
-206.441
875.347
2735.03
-1873.24
-4605.28
-6124.55
-3013
-2649.48
-1452.28
-5479.44
-6705.46
-506.869
-7023.88
13436.7
33939
-22056.8
-25800.6
-31038.9
-34548.3
-27513.3
-22679.3
-27045.2
-33876.7
-28396.9
-31316.3
-39669.8
-45893
-45732.4
-34367.1
-3641.27
-2141.66
-2905.92
-3537.35
-4407.32
-5358.77
-6744.45
-8249.26
-10606
-13022
-17016.6
-22033.2
-25258.4
-44625.7
-38398
-124478
-830.71
-976.618
-1039.74
-1288.37
-1539.5
-2002.17
-2436.84
-3281.68
-3949.05
-5335.1
-6806.39
-9776.64
-11482.7
-21612.5
-20648.9
-525.126
-666.472
-795.203
-1037.47
-1293.35
-1676.4
-2100.59
-2778.97
-3431.87
-4738.56
-5662.96
-8841.63
-10612.8
-31665.6
-15544.2
-812.205
-1040.06
-1260.29
-1598.25
-1977.19
-2550.71
-3160.96
-4145.12
-4903.14
-6251.8
-6304.49
-7558.55
-10925.3
-36412
-29318.4
-851.776
-1078.43
-1309.35
-1656.12
-2047.19
-2635.49
-3208.14
-4128.01
-4600.68
-5715.27
-4327.1
-8674.9
-25479.3
-62694.4
-39982.1
-790.621
-1008.35
-1247.54
-1589.19
-1982.48
-2576.89
-3185.29
-4147
-4621.75
-4853.06
-2534.74
-4839.45
-11550.2
-67026.6
26302.8
-960.539
-1270.25
-1605.96
-2007.51
-2494.12
-3230.23
-3953.39
-4888.24
-5175.15
-5493.01
-7140.14
-19695.1
-29186.2
-38289.6
14105.7
-821.987
-1111.65
-1403.75
-1714.01
-2099.16
-2737.08
-3457.56
-4870.28
-6527.93
-11571.4
-17517.6
-37449.5
-42039.5
-43761.5
1810.07
-1172.86
-1660.11
-2029.53
-2263.27
-2913.84
-4171.3
-5760.62
-8106.55
-10873.9
-17480.4
-23490.3
-28650.1
-21210.6
-20213.9
6039.9
-879.064
-1313.58
-1501.33
-1663.22
-2215.25
-3071.56
-4237.63
-5540.7
-7347.85
-10691.3
-12886.1
-16864.3
-12893.1
-16276.4
-10719.1
-1897.07
-2676.09
-2932.8
-2845.1
-4549.79
-7007.33
-9380.09
-12418.1
-16121.1
-18777.8
-20196.9
-21993.9
-19774.2
-21706.1
-14911.8
-820.776
-1445.78
-2298.3
-2237.8
-3163.58
-3814.06
-4660.77
-4874.77
-5139.84
-4751.16
-5072.62
-7993.71
-7304.16
-8472.45
-9330.32
-4314.07
-4819.24
-5742.07
-5319.74
-11660.9
-13831.9
-13911.6
-19260.6
-24507
-26662.1
-30530.4
-31432.3
-23676.7
-8745.55
-14491.2
1963.13
309.524
2113.9
4695.96
-3165.52
-5690.11
-4205.18
-6163.88
-1035.62
-681.325
360.82
5741.51
-5442.09
13557.3
33814.4
-26487.9
-29289.9
-33378
-32968.3
-34792.5
-19670.2
-18223.9
-23845.2
-25061.3
-30883.6
-38538.7
-42249.8
-38684.8
-37745.8
-13022
-2140.69
-2904.86
-3534.74
-4405.68
-5351.94
-6741.44
-8228.56
-10599.4
-12955.7
-17009.2
-21824.2
-25328.7
-44535.9
-38067.5
-124395
-830.146
-976.064
-1038.91
-1288.05
-1538.44
-2002.82
-2434.91
-3287.12
-3948.08
-5365.83
-6827.46
-9858.81
-11815.8
-21893
-20044.9
-524.672
-666.021
-794.719
-1037.24
-1292.74
-1675.89
-2098.57
-2778.72
-3432.89
-4770.61
-5766.46
-9264.7
-10955.3
-30360.3
-14457.1
-810.417
-1038.2
-1258.54
-1597.39
-1975.75
-2549.47
-3156.24
-4141.67
-4891.2
-6269.99
-6338.2
-7962.96
-10233.5
-32091.6
-28379.3
-849.987
-1077.73
-1310.18
-1659.26
-2050.32
-2640.07
-3209.96
-4132.75
-4612.5
-5771.45
-5029.94
-8955.35
-24542.8
-59406.6
-33566
-786.048
-1004.97
-1246.37
-1592.18
-1985.18
-2580.34
-3184.62
-4154.31
-4591.23
-5101.38
-1977.23
-2489.09
1082.07
-56513.3
25164.4
-958.674
-1277.19
-1624.74
-2036.17
-2522.88
-3263.67
-3973.65
-4863.44
-4863.06
-4520.39
-4090.89
-13882.6
-23358.8
-53527.5
8168.9
-817.537
-1109.86
-1406.82
-1726.86
-2103.57
-2741.22
-3450.71
-4755.94
-5974.87
-10644.7
-16900.6
-39495.8
-51271.5
-58543.3
-7717.55
-1213.45
-1725.75
-2179.19
-2446.94
-3084.06
-4406.01
-5985.36
-8191.47
-10841
-17076
-24672.6
-30342.6
-24454.5
-22425
7825.83
-887.008
-1282.07
-1617.33
-1751.7
-2240.45
-3195.88
-4324.79
-5633.58
-7425.89
-10573.4
-13320.9
-18019.6
-15511.8
-18775.4
-6995.75
-2122.7
-3032.81
-3397.86
-3114.14
-4884.81
-7922.9
-10431.6
-12951.2
-16604.8
-19607.1
-21643.5
-22803.3
-20424.1
-21129.6
-10021.4
-1009.57
-1301.66
-2659.21
-2475.33
-2744.14
-4245.11
-5425.27
-5107.27
-5281.55
-5543.44
-6786.43
-9424.49
-6941.45
-9216.09
-2237.85
-5102.74
-7295.07
-6108.28
-3224.21
-9989.56
-16127.1
-14741
-16944.3
-23715.3
-28222.3
-33138.4
-32055.5
-23266.9
-9029.62
-18128.9
2844.02
-1270.99
-2643.13
4650.44
247.509
-8945.42
-3516.72
-3691.17
-1061.31
-1880.61
-1016.68
4751.6
-6012.41
11989.9
36076.6
-25625.4
-24237.7
-35254.8
-34482.8
-36903
-23554.2
-17031.7
-23206.7
-25629
-33543.2
-40027.8
-38173
-32767.3
-37655
-702.832
-2139.63
-2903.64
-3532.16
-4403.88
-5346.05
-6739.04
-8211.87
-10595.5
-12905.8
-17005.9
-21702.7
-25316.8
-44717.6
-38437
-124656
-828.919
-974.645
-1036.75
-1286.31
-1534.72
-2000.9
-2425.77
-3285.81
-3928.47
-5382.28
-6849.53
-10008.8
-11985.3
-21844.5
-19323.9
-523.537
-664.852
-793.378
-1036.28
-1290.84
-1674.93
-2093.57
-2780.17
-3427.23
-4822.53
-5878.51
-9778.08
-11732.8
-29546.7
-11478.2
-807.212
-1034.82
-1255.19
-1595.52
-1973.53
-2549.56
-3150.19
-4147.13
-4881.66
-6367.43
-6485.85
-8951.4
-10149.7
-28537.1
-25412.3
-845.982
-1075.21
-1309.7
-1662.78
-2055.36
-2650.96
-3217.81
-4167.09
-4657.55
-6025.92
-5894.06
-10489
-22266.1
-55234.4
-18386.2
-776.271
-997.23
-1242.43
-1597.19
-1996.08
-2598.92
-3197.08
-4193.32
-4630.04
-5485.32
-2876.57
-3341.93
6861.44
-40285.2
23418.5
-954.559
-1286.4
-1648.02
-2078.24
-2574.04
-3323.34
-4027.63
-4961.55
-4904.86
-4865.11
-3535.32
-10251.6
-19536.8
-69007.8
-3985.14
-802.354
-1103.27
-1417.79
-1776.47
-2172.18
-2819.75
-3516.18
-4781.7
-5745.38
-9796.08
-14646.2
-35456.7
-51618.2
-74078
-23690.4
-1273.54
-1817.14
-2339.58
-2697.46
-3337.16
-4613.72
-6164.09
-8307.92
-10602.5
-15435.3
-21392.7
-28293.1
-26219
-25705.3
2273.78
-895.457
-1260.83
-1787.47
-2082.1
-2453.1
-3314.11
-4438.46
-5775.68
-7453.14
-9804.78
-11739
-16452.9
-16611.6
-21022.3
-8389.17
-2583.15
-3499.34
-3972.9
-3580.71
-4499.2
-7459.7
-10583.8
-13466.3
-16876.8
-19582
-21594.8
-21674.3
-19873.3
-20043.2
-9074.25
-1071.15
-1361.35
-2721.79
-2688
-1444.12
-3157.64
-5192.4
-5146.53
-4990.84
-4958.88
-5930.09
-7375.29
-3625.88
-7532.64
1066.11
-5581.18
-7106.96
-8045.14
-515.953
-5269.26
-14116.7
-18578.4
-20194.2
-27119.3
-31147.5
-35177.3
-33320.4
-22946.7
-12853.8
-14840.4
2066.29
-460.941
-4144.18
2512.23
7320.83
-6615.9
-3001.98
-2978.68
5689.58
8715.34
9199.57
10234.4
-4443.61
10489.7
44116.3
-25007.7
-21636.5
-32000.8
-39986.6
-41084.4
-31766
-19274.7
-27364.7
-31477.7
-42399.5
-48235.8
-42529.2
-35827.9
-40991.9
12471
)
;

boundaryField
{
    outletsourceFace
    {
        type            zeroGradient;
    }
    outletdestinationFace
    {
        type            zeroGradient;
    }
    outletFace
    {
        type            zeroGradient;
    }
    outletWall
    {
        type            fixedValue;
        value           uniform 0;
    }
    inletFace
    {
        type            zeroGradient;
    }
    inletWall
    {
        type            fixedValue;
        value           uniform 5;
    }
    inletsourceFace
    {
        type            zeroGradient;
    }
    inletdestinationFace
    {
        type            zeroGradient;
    }
}


// ************************************************************************* //
