/*--------------------------------*- C++ -*----------------------------------*\
| =========                 |                                                 |
| \\      /  F ield         | OpenFOAM: The Open Source CFD Toolbox           |
|  \\    /   O peration     | Version:  4.1                                   |
|   \\  /    A nd           | Web:      www.OpenFOAM.org                      |
|    \\/     M anipulation  |                                                 |
\*---------------------------------------------------------------------------*/
FoamFile
{
    version     2.0;
    format      ascii;
    class       volScalarField;
    location    "10";
    object      p;
}
// * * * * * * * * * * * * * * * * * * * * * * * * * * * * * * * * * * * * * //

dimensions      [0 2 -2 0 0 0 0];

internalField   nonuniform List<scalar> 
6750
(
-560.017
-121.592
-528.717
-602.305
-625.808
-587.5
-419.958
-254.737
-168.078
-126.517
-124.614
-121.284
-121.651
-80.5057
-129.522
-556.684
-118.995
-530.044
-601.32
-626.118
-589.389
-423.619
-258.033
-168.656
-126.654
-124.985
-121.293
-121.895
-79.4887
-128.569
-554.388
-118.164
-530.593
-600.577
-626.67
-590.412
-425.176
-259.914
-169.776
-127.396
-125.547
-121.014
-122.743
-78.7905
-127.962
-551.192
-117.093
-531.591
-599.818
-627.286
-592.153
-428.085
-262.718
-170.965
-127.627
-125.668
-121.096
-122.292
-78.4103
-126.693
-548.428
-116.687
-532.146
-599.096
-627.743
-593.127
-429.837
-264.743
-171.882
-127.954
-125.637
-120.599
-122.04
-78.6596
-125.319
-545.742
-116.387
-532.79
-598.631
-628.087
-593.959
-431.592
-266.761
-172.738
-128.344
-124.42
-119.06
-120.142
-79.3135
-123.743
-543.737
-116.302
-533.063
-598.303
-628.174
-594.088
-432.342
-267.965
-173.34
-128.914
-123.547
-118.132
-117.185
-80.3408
-122.5
-543.07
-116.307
-533.089
-598.24
-628.225
-594.152
-432.616
-268.367
-173.492
-129.091
-122.91
-117.241
-116.638
-80.8858
-122.189
-544.034
-116.18
-532.984
-598.316
-628.151
-594.062
-432.192
-267.788
-173.221
-128.885
-123.234
-117.418
-116.826
-80.2789
-122.492
-546.176
-116.248
-532.677
-598.674
-628.004
-593.843
-431.304
-266.5
-172.6
-128.333
-124.351
-118.067
-118.933
-79.0498
-123.776
-548.974
-116.558
-532.009
-599.172
-627.592
-592.896
-429.401
-264.371
-171.665
-127.726
-125.283
-119.027
-122.115
-78.2636
-125.57
-551.809
-116.996
-531.453
-599.928
-627.057
-591.795
-427.524
-262.248
-170.724
-127.273
-125.254
-119.958
-122.204
-78.027
-127.115
-555.063
-118.12
-530.468
-600.717
-626.369
-589.924
-424.493
-259.374
-169.533
-127.023
-124.964
-120.231
-122.51
-78.465
-128.502
-557.395
-118.993
-529.931
-601.485
-625.764
-588.805
-422.853
-257.428
-168.399
-126.145
-124.306
-120.6
-121.774
-79.1889
-129.213
-560.76
-121.664
-528.632
-602.509
-625.427
-586.819
-419.09
-254.145
-167.908
-126.008
-123.942
-120.775
-121.675
-80.2214
-130.311
-796.501
-149.072
-400.718
-535.375
-521.445
-461.221
-334.779
-211.225
-153.428
-118.388
-121.786
-108.048
-126.353
-65.4838
-174.993
-792.779
-143.811
-403.891
-537.68
-525.058
-466.274
-339.305
-214.03
-153.522
-118.783
-122.072
-108.558
-125.906
-63.054
-174.289
-790.515
-142.243
-406.34
-538.595
-526.879
-468.592
-341.294
-215.76
-154.387
-119.496
-122.245
-108.657
-125.145
-61.8802
-173.539
-787.029
-139.262
-408.865
-540.194
-529.682
-472.476
-344.811
-218.299
-155.318
-119.843
-121.985
-108.353
-124.611
-60.0114
-171.704
-784.003
-138.157
-411.133
-541.275
-531.694
-475.065
-347.095
-220.195
-156.176
-120.525
-122.237
-109.49
-124.747
-58.7943
-169.51
-780.738
-137.374
-412.955
-542.283
-533.592
-477.602
-349.453
-222.172
-157.232
-121.939
-123.282
-110.518
-120.237
-58.0681
-166.722
-777.659
-138.102
-414.181
-542.848
-534.777
-479.126
-350.829
-223.435
-157.987
-123.022
-122.927
-109.293
-118.867
-58.2292
-164.837
-776.369
-138.706
-414.437
-542.977
-535.125
-479.614
-351.313
-223.907
-158.263
-123.504
-122.565
-108.849
-118.405
-58.5987
-164.414
-778.134
-137.952
-414.007
-542.768
-534.607
-478.908
-350.635
-223.354
-158.016
-123.252
-122.773
-109.076
-118.218
-58.1206
-164.931
-781.26
-137.336
-412.678
-542.126
-533.28
-477.218
-349.146
-222.107
-157.374
-122.436
-123.614
-109.803
-118.965
-57.9402
-166.91
-784.602
-138.251
-410.752
-541.036
-531.242
-474.508
-346.667
-220.111
-156.353
-121.039
-122.02
-109.084
-124.164
-58.8407
-169.835
-787.659
-139.451
-408.413
-539.891
-529.119
-471.778
-344.289
-218.182
-155.533
-120.198
-121.734
-108.248
-124.716
-60.0751
-172.497
-791.177
-142.525
-405.842
-538.233
-526.211
-467.743
-340.662
-215.6
-154.622
-119.681
-121.91
-108.588
-124.936
-61.9341
-174.619
-793.459
-144.149
-403.352
-537.274
-524.318
-465.332
-338.599
-213.83
-153.78
-118.827
-121.76
-108.479
-125.929
-63.1465
-175.59
-797.199
-149.48
-400.168
-534.922
-520.611
-460.143
-333.959
-211.049
-153.763
-118.377
-121.506
-108.022
-126.64
-65.6547
-176.578
-877.003
-211.097
-238.445
-392.787
-359.882
-315.1
-252.386
-183.619
-152.583
-120.417
-128.222
-104.987
-142.723
-30.9725
-266.375
-875.519
-207.426
-239.65
-394.524
-361.843
-317.387
-254.304
-184.671
-151.98
-120.989
-128.666
-105.869
-140.274
-28.7137
-263.203
-874.707
-206.198
-241.203
-395.424
-362.853
-318.567
-255.297
-185.534
-152.221
-121.545
-128.605
-106.75
-135.076
-27.7107
-260.941
-873.412
-203.518
-242.311
-396.628
-364.421
-320.493
-256.952
-186.77
-152.551
-122.016
-127.913
-106.272
-134.097
-25.5727
-255.171
-872.432
-202.127
-243.77
-397.746
-365.673
-321.911
-258.121
-187.762
-152.904
-122.747
-128.318
-106.532
-133.972
-23.8621
-248.323
-871.393
-200.601
-244.751
-398.682
-366.839
-323.295
-259.313
-188.787
-153.324
-123.662
-129.534
-107.457
-133.69
-23.2653
-240.338
-870.468
-200.11
-245.704
-399.523
-367.766
-324.276
-260.085
-189.472
-153.594
-124.383
-129.171
-106.983
-133.143
-22.7003
-235.562
-869.943
-200.123
-245.917
-399.689
-368.009
-324.58
-260.366
-189.759
-153.692
-124.715
-128.776
-107.065
-131.979
-22.2576
-235.133
-870.447
-200.327
-245.613
-399.41
-367.66
-324.177
-260.041
-189.53
-153.743
-124.619
-129.158
-107.181
-132.326
-22.872
-235.611
-871.421
-200.856
-244.591
-398.518
-366.676
-323.14
-259.273
-188.951
-153.67
-124.15
-130.095
-107.405
-133.442
-23.6367
-240.729
-872.459
-202.46
-243.574
-397.537
-365.454
-321.699
-258.074
-187.995
-153.404
-123.38
-129.199
-106.95
-133.874
-24.3089
-249.344
-873.451
-203.91
-242.074
-396.382
-364.166
-320.241
-256.903
-187.041
-153.106
-122.552
-128.192
-106.598
-135.04
-26.023
-257.196
-874.752
-206.633
-240.94
-395.144
-362.554
-318.257
-255.215
-185.811
-152.796
-121.956
-128.549
-107.179
-135.561
-28.1966
-263.613
-875.572
-207.887
-239.366
-394.222
-361.522
-317.05
-254.2
-184.945
-152.571
-121.258
-128.727
-106.427
-140.66
-29.2636
-266.315
-877.06
-211.577
-238.151
-392.452
-359.52
-314.699
-252.219
-183.918
-153.19
-120.617
-128.329
-105.499
-143.613
-31.955
-270.034
-935.886
-270.856
-196.007
-352.629
-317.885
-279.483
-240.531
-190.435
-165.616
-130.051
-141.412
-102.531
-176.98
-2.61785
-371.665
-935.137
-268.906
-195.683
-352.789
-318.212
-280.331
-241.428
-190.935
-165.113
-130.752
-142.513
-104.049
-172.527
-5.57591
-365.106
-934.69
-268.14
-196.092
-353.097
-318.548
-280.899
-241.95
-191.433
-165.39
-131.997
-143.751
-105.104
-169.353
-4.85288
-361.578
-933.959
-266.645
-196.003
-353.244
-318.911
-281.678
-242.775
-192.188
-165.685
-133.032
-144.092
-102.882
-168.355
-4.91666
-349.428
-933.393
-265.829
-196.328
-353.598
-319.352
-282.328
-243.382
-192.77
-165.886
-133.888
-145.032
-102.666
-170.189
-5.8148
-334.754
-932.787
-264.941
-196.353
-353.748
-319.671
-282.882
-243.974
-193.367
-166.068
-134.539
-145.541
-102.716
-170.418
-7.19531
-320.441
-932.327
-264.554
-196.545
-354.013
-320.016
-283.295
-244.361
-193.743
-166.118
-134.963
-145.362
-102.39
-169.021
-7.44116
-310.72
-931.983
-264.492
-196.558
-354.02
-320.096
-283.411
-244.508
-193.925
-166.146
-135.105
-145.098
-102.571
-167.765
-6.87555
-309.06
-932.182
-264.758
-196.564
-353.977
-320.014
-283.278
-244.388
-193.855
-166.319
-135.192
-145.411
-102.881
-169.148
-7.50309
-312.457
-932.728
-265.132
-196.334
-353.683
-319.662
-282.861
-244.054
-193.61
-166.467
-134.988
-145.786
-103.423
-171.13
-7.26515
-323.297
-933.317
-266.05
-196.303
-353.517
-319.334
-282.3
-243.5
-193.116
-166.441
-134.493
-145.415
-104.034
-171.709
-5.96694
-338.418
-933.873
-266.91
-195.966
-353.146
-318.886
-281.652
-242.933
-192.612
-166.328
-133.627
-144.257
-103.631
-169.684
-5.15673
-353.913
-934.597
-268.423
-196.043
-352.976
-318.497
-280.85
-242.115
-191.9
-166.087
-132.543
-143.745
-105.833
-170.194
-5.08656
-367.035
-935.044
-269.2
-195.63
-352.657
-318.154
-280.282
-241.608
-191.435
-165.845
-131.208
-142.616
-105.223
-173.303
-5.62251
-371.42
-935.791
-271.148
-195.943
-352.469
-317.791
-279.385
-240.69
-190.971
-166.389
-130.363
-141.684
-103.647
-178.005
-2.54825
-379.819
-994.844
-303.707
-183.797
-336.013
-298.89
-264.447
-241.903
-205.759
-188.181
-150.855
-170.946
-106.016
-232.771
-4.37532
-526.636
-994.419
-302.711
-183.551
-336.163
-299.184
-265.001
-242.47
-206.199
-187.982
-151.974
-171.104
-106.203
-221.63
-5.40055
-526.947
-994.163
-302.302
-183.768
-336.429
-299.428
-265.31
-242.75
-206.534
-188.332
-153.337
-172.333
-105.388
-219.749
-2.00347
-523.335
-993.732
-301.536
-183.68
-336.569
-299.694
-265.784
-243.268
-207.096
-188.652
-154.417
-172.807
-103.56
-219.934
-0.0307918
-509.994
-993.397
-301.131
-183.836
-336.832
-299.988
-266.145
-243.601
-207.45
-188.838
-155.182
-173.813
-103.519
-222.171
0.804972
-495.651
-993.028
-300.706
-183.806
-336.927
-300.182
-266.454
-243.959
-207.842
-189.024
-155.662
-174.462
-103.823
-220.46
5.32776
-481.598
-992.757
-300.557
-183.866
-337.065
-300.379
-266.673
-244.181
-208.052
-189.065
-155.95
-174.716
-104.605
-216.631
5.65197
-470.098
-992.513
-300.557
-183.845
-337.047
-300.41
-266.73
-244.295
-208.196
-189.123
-156.027
-174.644
-104.963
-214.552
5.64739
-467.996
-992.543
-300.712
-183.891
-337.04
-300.382
-266.677
-244.255
-208.198
-189.268
-156.214
-174.837
-105.145
-217.001
5.40696
-473.903
-992.838
-300.857
-183.819
-336.875
-300.184
-266.478
-244.116
-208.128
-189.405
-156.143
-174.745
-104.664
-221.322
4.82642
-486.986
-993.199
-301.266
-183.835
-336.755
-299.984
-266.177
-243.817
-207.848
-189.368
-155.818
-174.195
-104.541
-223.824
0.29556
-501.757
-993.506
-301.682
-183.672
-336.478
-299.692
-265.836
-243.544
-207.585
-189.281
-155.087
-173.163
-104.679
-221.79
-0.686285
-516.896
-993.909
-302.445
-183.747
-336.311
-299.406
-265.353
-243.047
-207.067
-189.025
-153.986
-172.675
-106.847
-221.505
-2.43278
-531.16
-994.149
-302.854
-183.529
-336.036
-299.163
-265.056
-242.797
-206.766
-188.705
-152.547
-171.562
-107.951
-223.242
-5.33544
-535.504
-994.557
-303.828
-183.757
-335.852
-298.826
-264.462
-242.216
-206.344
-188.957
-151.268
-171.555
-107.477
-234.312
-4.24155
-536.744
-1054.89
-328.582
-184.379
-338.242
-303.856
-274.749
-262.333
-234.115
-222.542
-186.017
-209.385
-123.109
-281.628
6.36984
-818.843
-1054.72
-328.142
-184.287
-338.408
-304.181
-275.331
-262.979
-235.015
-222.7
-187.648
-208.95
-123.85
-265.13
26.2782
-828.967
-1054.62
-327.933
-184.396
-338.588
-304.351
-275.572
-263.199
-235.421
-223.196
-188.878
-209.897
-122.037
-264.945
26.191
-819.896
-1054.45
-327.567
-184.372
-338.738
-304.607
-276.024
-263.719
-236.11
-223.637
-189.849
-210.828
-119.948
-272.134
15.0326
-796.494
-1054.31
-327.35
-184.454
-338.922
-304.813
-276.301
-263.977
-236.467
-223.977
-190.667
-212.883
-121.43
-280.321
5.90269
-774.978
-1054.16
-327.122
-184.448
-339.021
-304.98
-276.587
-264.315
-236.889
-224.346
-191.274
-214.582
-124.491
-285.254
6.56248
-745.847
-1054.05
-327.019
-184.481
-339.115
-305.108
-276.758
-264.477
-237.088
-224.525
-191.845
-215.622
-128.772
-280.197
6.04924
-732.686
-1053.96
-326.979
-184.462
-339.106
-305.136
-276.833
-264.599
-237.246
-224.672
-192.058
-215.794
-129.724
-276.498
5.18922
-733.467
-1053.91
-327.06
-184.475
-339.074
-305.102
-276.777
-264.556
-237.223
-224.724
-192.143
-215.714
-129.353
-279.135
6.56126
-741.293
-1053.93
-327.18
-184.438
-338.95
-304.978
-276.641
-264.475
-237.159
-224.731
-191.852
-214.812
-125.631
-284.171
6.72731
-757.59
-1054.03
-327.392
-184.434
-338.821
-304.8
-276.37
-264.194
-236.844
-224.526
-191.469
-213.198
-122.797
-280.336
7.05718
-786.296
-1054.13
-327.593
-184.348
-338.622
-304.594
-276.119
-263.999
-236.576
-224.323
-190.792
-211.23
-121.73
-271.943
16.9264
-808.696
-1054.26
-327.932
-184.353
-338.44
-304.307
-275.652
-263.49
-235.926
-223.989
-189.903
-210.529
-124.425
-264.444
29.9211
-833.482
-1054.33
-328.135
-184.247
-338.253
-304.132
-275.421
-263.299
-235.534
-223.542
-188.667
-209.734
-126.638
-264.457
30.5696
-842.179
-1054.46
-328.534
-184.314
-338.044
-303.744
-274.78
-262.609
-234.602
-223.49
-186.933
-210.29
-125.999
-280.225
10.8507
-832.316
-1114.2
-348.506
-190.362
-347.029
-312.243
-287.692
-283.373
-264.791
-262.183
-231.951
-250.374
-172.418
-291.676
134.721
-1278.52
-1114.2
-348.395
-190.388
-347.318
-312.799
-288.477
-284.31
-265.846
-262.07
-233.354
-249.025
-171.092
-284.164
156.872
-1278.81
-1114.19
-348.316
-190.451
-347.496
-312.996
-288.676
-284.49
-266.113
-262.105
-234.272
-250.497
-168.938
-286.143
153.499
-1273.04
-1114.17
-348.214
-190.502
-347.737
-313.39
-289.211
-285.11
-266.733
-262.277
-234.801
-251.538
-165.273
-295.208
133.085
-1252.55
-1114.15
-348.136
-190.561
-347.922
-313.62
-289.443
-285.327
-266.933
-262.355
-235.341
-253.67
-163.334
-307.546
100.884
-1232.12
-1114.13
-348.048
-190.588
-348.076
-313.859
-289.752
-285.698
-267.29
-262.599
-235.543
-255.33
-160.257
-325.853
63.9288
-1182.25
-1114.1
-347.984
-190.611
-348.174
-313.985
-289.892
-285.838
-267.428
-262.713
-235.976
-256.792
-163.831
-324.739
59.4397
-1172.02
-1114.08
-347.929
-190.601
-348.199
-314.026
-289.989
-285.986
-267.604
-262.915
-236.146
-257.317
-165.162
-321.253
61.822
-1175.14
-1114.06
-347.905
-190.579
-348.152
-313.943
-289.92
-285.931
-267.598
-262.998
-236.344
-257.01
-164.579
-322.229
64.3691
-1182.73
-1114.04
-347.901
-190.531
-348.037
-313.799
-289.821
-285.887
-267.637
-263.155
-236.324
-255.878
-162.733
-321.675
71.1381
-1199.55
-1114
-347.927
-190.477
-347.852
-313.531
-289.528
-285.585
-267.435
-263.164
-236.482
-254.468
-166.544
-305.447
108.532
-1248.39
-1113.97
-347.96
-190.407
-347.648
-313.293
-289.326
-285.441
-267.372
-263.306
-236.178
-252.338
-169.334
-294.083
139.135
-1269.55
-1113.93
-348.01
-190.334
-347.359
-312.854
-288.771
-284.833
-266.835
-263.348
-235.884
-251.315
-173.805
-286.378
157.784
-1289.01
-1113.87
-348.077
-190.285
-347.163
-312.648
-288.585
-284.684
-266.615
-263.482
-234.982
-249.708
-176.394
-286.029
160.241
-1294.61
-1113.8
-348.131
-190.233
-346.816
-311.997
-287.717
-283.663
-265.518
-263.78
-233.682
-251.503
-177.829
-295.072
139.795
-1294.45
-1178.63
-367.16
-200.703
-363.453
-328.477
-309.38
-312.396
-303.834
-314.582
-296.008
-310.423
-245.189
-366.08
243.217
-1832.78
-1178.75
-367.277
-200.843
-363.887
-329.388
-310.464
-313.931
-305.054
-312.365
-293.659
-307.474
-244.499
-361.233
250.764
-1828.28
-1178.8
-367.3
-200.89
-364.093
-329.662
-310.685
-314.153
-305.078
-311.238
-294.086
-307.998
-243.886
-359.224
252.962
-1828.64
-1178.87
-367.397
-201.015
-364.445
-330.262
-311.374
-314.916
-305.529
-309.857
-292.639
-307.913
-241.686
-358.086
254.159
-1818.11
-1178.88
-367.449
-201.085
-364.653
-330.564
-311.618
-315.102
-305.519
-309.135
-292.694
-310.203
-239.64
-355.676
244.025
-1814.77
-1178.91
-367.489
-201.159
-364.864
-330.911
-311.997
-315.503
-305.75
-308.904
-292.597
-313.903
-237.137
-361.888
215.451
-1787.84
-1178.9
-367.477
-201.197
-364.965
-331.067
-312.136
-315.625
-305.805
-308.814
-292.972
-316.92
-237.418
-361.518
209.124
-1781.32
-1178.9
-367.425
-201.21
-365.01
-331.132
-312.26
-315.799
-305.987
-309.018
-293.313
-318.228
-237.575
-362.457
212.405
-1782.46
-1178.85
-367.328
-201.178
-364.941
-330.997
-312.167
-315.738
-306.011
-309.317
-293.535
-317.848
-238.294
-362.63
215.905
-1792.5
-1178.8
-367.215
-201.126
-364.815
-330.803
-312.071
-315.729
-306.182
-309.828
-293.598
-314.819
-238.965
-363.366
224.221
-1808.02
-1178.7
-367.073
-201.029
-364.56
-330.408
-311.707
-315.414
-306.173
-310.524
-294.262
-311.73
-242.864
-360.229
249.143
-1831.5
-1178.59
-366.953
-200.949
-364.322
-330.079
-311.496
-315.303
-306.395
-311.713
-294.648
-309.864
-245.449
-363.658
255.039
-1838.56
-1178.43
-366.794
-200.791
-363.906
-329.407
-310.78
-314.538
-306.144
-313.633
-296.683
-310.426
-248.422
-366.321
251.8
-1846.92
-1178.26
-366.765
-200.751
-363.674
-329.104
-310.574
-314.308
-306.264
-315.124
-296.588
-310.221
-249.272
-369.204
247.335
-1847.76
-1178.04
-366.584
-200.569
-363.163
-328.054
-309.386
-312.585
-305.148
-318.008
-299.758
-313.673
-251.253
-374.952
240.172
-1851.32
-1248.08
-385.583
-213.32
-383.422
-346.784
-332.309
-339.695
-348.196
-377.537
-371.699
-385.045
-348.56
-521.02
248.392
-2514.37
-1248.31
-385.882
-213.574
-384.13
-348.222
-334.023
-342.514
-346.955
-369.67
-364.997
-382.579
-344.034
-519.489
250.645
-2510.63
-1248.45
-385.983
-213.631
-384.43
-348.702
-334.266
-343.289
-345.23
-366.696
-362.756
-381.255
-341.359
-514.794
255.112
-2516.52
-1248.59
-386.236
-213.836
-384.976
-349.657
-335.234
-344.667
-344.42
-363.379
-358.948
-380.542
-336.482
-508.824
264.029
-2512.58
-1248.65
-386.397
-213.929
-385.276
-350.157
-335.535
-345.202
-343.648
-361.214
-357.376
-381.28
-333.317
-498.576
270.042
-2517.87
-1248.71
-386.543
-214.044
-385.595
-350.711
-336.067
-345.895
-343.593
-359.969
-357.064
-384.012
-331.882
-497.714
268.365
-2502.83
-1248.72
-386.581
-214.092
-385.734
-350.966
-336.256
-346.174
-343.462
-358.971
-356.784
-385.875
-331.252
-496.207
263.201
-2504.03
-1248.72
-386.532
-214.114
-385.799
-351.072
-336.424
-346.413
-343.627
-358.919
-356.444
-386.433
-332.143
-500.453
263.135
-2507.87
-1248.66
-386.371
-214.064
-385.689
-350.859
-336.279
-346.288
-343.727
-359.745
-357.169
-386.92
-332.918
-501.92
267.371
-2519.42
-1248.57
-386.161
-213.993
-385.501
-350.54
-336.13
-346.131
-344.193
-361.431
-358.049
-385.9
-333.348
-504.169
272.611
-2532.9
-1248.39
-385.875
-213.842
-385.115
-349.912
-335.614
-345.53
-344.638
-363.415
-358.938
-384.143
-336.937
-510.913
269.242
-2545.37
-1248.21
-385.617
-213.728
-384.763
-349.363
-335.35
-345.054
-345.909
-366.299
-361.322
-384.155
-341.333
-521.958
259.633
-2545.69
-1247.93
-385.277
-213.475
-384.125
-348.306
-334.346
-343.662
-347.342
-370.433
-366.162
-386.021
-348.553
-530.194
247.821
-2546.09
-1247.66
-385.162
-213.419
-383.78
-347.781
-334.114
-342.841
-349.762
-374.266
-369.168
-387.809
-352.388
-534.729
241.542
-2543.38
-1247.29
-384.775
-213.107
-382.956
-346.156
-332.206
-339.775
-351.679
-383.281
-376.615
-391.196
-359.49
-537.068
238.42
-2546.92
-1324.29
-405.848
-227.746
-406.206
-367.636
-354.038
-368.29
-396.76
-432.526
-436.906
-478.36
-468.517
-732.768
208.074
-3424.32
-1324.63
-406.323
-228.153
-407.358
-369.882
-357.518
-372.336
-394.025
-422.007
-430.338
-473.318
-465.445
-738.655
216.859
-3411.66
-1324.85
-406.505
-228.246
-407.869
-370.604
-358.329
-373.197
-388.711
-414.408
-426.795
-467.705
-457.968
-729.096
218.261
-3422.78
-1325.07
-406.913
-228.554
-408.733
-372.024
-360.113
-374.941
-386.399
-408.608
-423.083
-465.109
-454.537
-732.486
220.454
-3393.16
-1325.18
-407.189
-228.692
-409.223
-372.774
-360.789
-375.653
-383.524
-405.465
-420.265
-461.724
-448.409
-714.928
219.507
-3409.32
-1325.28
-407.441
-228.86
-409.719
-373.578
-361.678
-376.552
-382.293
-404.388
-418.488
-462.985
-450.082
-717.583
227.517
-3394.67
-1325.3
-407.529
-228.927
-409.94
-373.961
-362.033
-376.978
-381.403
-403.141
-416.105
-461.539
-444.704
-708.951
226.914
-3414.73
-1325.3
-407.475
-228.957
-410.032
-374.114
-362.258
-377.294
-381.381
-402.884
-415.251
-462.395
-445.332
-724.412
229.198
-3412.36
-1325.22
-407.246
-228.883
-409.86
-373.811
-362.01
-377.117
-381.835
-404.291
-416.676
-464.131
-445.829
-724.04
236.887
-3440.76
-1325.09
-406.931
-228.778
-409.551
-373.327
-361.649
-376.816
-383.132
-406.286
-419.532
-466.058
-449.454
-720.502
239.937
-3450.63
-1324.85
-406.497
-228.555
-408.949
-372.412
-360.731
-376.028
-384.986
-408.271
-422.341
-467.403
-454.117
-740.827
224.457
-3439.06
-1324.59
-406.093
-228.38
-408.366
-371.574
-360.014
-375.398
-388.547
-412.482
-425.986
-471.408
-458.937
-748.978
216.992
-3451.47
-1324.18
-405.574
-228.003
-407.366
-370.008
-358.088
-373.692
-391.495
-419.614
-430.882
-476.731
-470.032
-753.699
214.408
-3459.66
-1323.78
-405.371
-227.899
-406.774
-369.201
-357.15
-372.874
-397.48
-428.128
-435.093
-482.713
-477.934
-759.816
205.829
-3455.56
-1323.25
-404.787
-227.41
-405.454
-366.67
-353.267
-368.43
-399.989
-438.964
-442.565
-490.046
-486.008
-757.331
199.09
-3459.81
-1407.28
-430.103
-244.022
-432.48
-390.947
-372.97
-392.609
-412.427
-475.99
-482.528
-606.937
-575.254
-1018.59
201.648
-4479.29
-1407.73
-430.735
-244.641
-434.192
-394.646
-378.846
-401.791
-414.779
-468.49
-474.407
-595.031
-564.944
-1013.66
216.584
-4467.61
-1408.02
-431.006
-244.831
-435.026
-396.015
-380.918
-403.697
-410.656
-460.036
-468.777
-585.23
-559.721
-981.742
221.168
-4514.37
-1408.33
-431.554
-245.292
-436.322
-398.303
-384.229
-407.092
-413.084
-452.069
-464.726
-576.108
-560.327
-978.476
231.113
-4483.43
-1408.49
-431.943
-245.524
-437.115
-399.621
-385.924
-408.693
-411.851
-444.659
-462.737
-568.167
-551.874
-953.846
233.917
-4557.58
-1408.62
-432.291
-245.777
-437.87
-400.905
-387.663
-410.153
-411.32
-439.245
-462.279
-566.935
-551.575
-991.148
225.998
-4505.95
-1408.65
-432.422
-245.883
-438.231
-401.548
-388.484
-410.853
-409.697
-433.927
-460.19
-561.216
-541.944
-963.746
224.894
-4557.05
-1408.65
-432.355
-245.922
-438.362
-401.79
-388.848
-411.299
-409.125
-432.413
-459.767
-564.58
-538.366
-1002.78
214.843
-4523.64
-1408.55
-432.049
-245.81
-438.099
-401.351
-388.386
-411.053
-410.262
-435.967
-461
-567.19
-531.66
-1019.95
221.124
-4556.61
-1408.37
-431.618
-245.637
-437.596
-400.56
-387.479
-410.47
-412.211
-442.049
-462.615
-573.152
-542.551
-981.81
252.776
-4645.7
-1408.05
-431.031
-245.3
-436.68
-399.12
-385.636
-409.132
-413.573
-449.201
-464.752
-579.34
-550.016
-993.864
239.512
-4615.08
-1407.69
-430.474
-245.002
-435.74
-397.653
-383.767
-407.493
-414.612
-457.553
-467.271
-589.545
-561.079
-1009.73
229.234
-4595.88
-1407.15
-429.784
-244.444
-434.256
-395.163
-380.213
-404.035
-412.502
-466.683
-473.319
-603.611
-571.516
-1023.61
219.085
-4608.01
-1406.61
-429.483
-244.224
-433.299
-393.638
-377.919
-401.909
-416.992
-475.371
-479.383
-613.697
-580.401
-1046.5
209.847
-4575.81
-1405.94
-428.718
-243.497
-431.373
-389.588
-371.56
-391.764
-414.209
-482.336
-488.967
-629.227
-599.415
-1058.54
194.517
-4578.05
-1496.6
-461.235
-261.828
-462.76
-418.255
-392.912
-412.335
-415.772
-504.875
-514.84
-760.335
-602.897
-1343.37
178.038
-5978.59
-1497.09
-461.977
-262.626
-464.908
-423.094
-400.617
-427.903
-425.218
-507.065
-507.024
-751.332
-621.065
-1316.6
226.03
-6040.88
-1497.45
-462.331
-262.938
-466.048
-425.232
-403.89
-433.264
-421.994
-504.77
-500.159
-736.839
-620.693
-1227.05
269.671
-6182.81
-1497.8
-462.986
-263.553
-467.739
-428.457
-408.628
-440.144
-426.183
-503.197
-495.487
-736.272
-633.508
-1251.87
276.823
-6161.34
-1498
-463.463
-263.9
-468.829
-430.458
-411.34
-443.954
-426.961
-497.992
-488.501
-729.956
-619.286
-1240.78
254.101
-6190.11
-1498.16
-463.881
-264.25
-469.84
-432.339
-414.018
-447.409
-430.098
-494.929
-485.48
-737.322
-623.144
-1324.19
200.962
-5982.41
-1498.2
-464.038
-264.408
-470.345
-433.329
-415.429
-449.255
-430.23
-488.404
-480.278
-727.76
-614.338
-1249.78
201.284
-6097.23
-1498.2
-463.949
-264.458
-470.515
-433.705
-415.998
-450.239
-430.132
-487.23
-478.237
-742.833
-610.644
-1305.4
196.917
-6063.79
-1498.07
-463.575
-264.304
-470.158
-433.11
-415.253
-449.6
-430.757
-491.201
-479.949
-742.26
-606.505
-1323.23
206.15
-6068.63
-1497.85
-463.042
-264.048
-469.452
-431.943
-413.67
-447.926
-430.889
-498.763
-484.655
-748.412
-610.366
-1284.15
253.265
-6268.15
-1497.45
-462.327
-263.582
-468.228
-429.886
-410.807
-444.672
-428.598
-504.309
-490.158
-754.202
-623.011
-1372.85
277.21
-6286.34
-1497
-461.642
-263.142
-466.939
-427.704
-407.799
-440.69
-426.934
-509.641
-496.767
-756.463
-623.323
-1263.58
299.127
-6409.22
-1496.34
-460.821
-262.405
-465.022
-424.28
-402.772
-433.743
-422.828
-512.323
-505.759
-767.539
-646.941
-1307.2
287.954
-6318.23
-1495.7
-460.432
-262.048
-463.734
-421.989
-399.259
-428.077
-425.669
-514.419
-513.31
-778.717
-646.67
-1349.64
232.16
-6214.23
-1494.93
-459.543
-261.127
-461.361
-416.888
-391.179
-412.276
-415.365
-512.425
-523.864
-792.729
-646.873
-1376.71
207.213
-6145.06
-1588.87
-505.439
-286.782
-505.297
-467.017
-434.996
-473.553
-444.306
-597.249
-593.443
-1010.37
-712.75
-1726.05
257.022
-7693.34
-1589.32
-506.169
-287.592
-507.467
-471.698
-442.643
-487.406
-458.302
-600.121
-582.03
-976.758
-736.894
-1685.87
392.402
-7777.7
-1589.64
-506.544
-287.941
-508.672
-473.976
-446.135
-493.787
-457.766
-598.251
-569.433
-951.239
-685.897
-1560.85
371.457
-8119.48
-1589.98
-507.192
-288.586
-510.46
-477.453
-451.334
-502.419
-463.232
-598.757
-557.437
-968.506
-635.145
-2005.13
150.779
-7626.48
-1590.17
-507.659
-288.959
-511.637
-479.68
-454.417
-507.31
-465.231
-596.041
-543.575
-976.216
-634.792
-1663.78
272.732
-8029.96
-1590.3
-508.046
-289.328
-512.72
-481.822
-457.542
-512.308
-470.291
-599.579
-536.053
-990.092
-659.764
-1740.69
306.243
-7846.67
-1590.34
-508.148
-289.485
-513.26
-482.955
-459.238
-515.112
-471.404
-594.834
-528.001
-965.296
-633.262
-1526.02
367.846
-8260.39
-1590.31
-507.988
-289.516
-513.413
-483.413
-459.901
-516.89
-471.898
-596.998
-522.382
-1013.8
-582.63
-1870.72
134.802
-7903.23
-1590.15
-507.545
-289.317
-512.983
-482.731
-458.981
-515.808
-471.733
-599.419
-524.235
-1001.58
-604.76
-1625.26
358.402
-8147.72
-1589.88
-506.94
-289.001
-512.152
-481.397
-456.992
-513.369
-470.481
-605.378
-532.462
-997.748
-614.665
-1670.01
249.2
-8343.98
-1589.43
-506.158
-288.46
-510.767
-479.079
-453.595
-508.914
-466.047
-605.969
-540.877
-1019.43
-535.53
-2158.36
54.6664
-7769.18
-1588.9
-505.412
-287.944
-509.316
-476.664
-450.116
-504.002
-462.861
-609.111
-555.081
-1008.1
-604.681
-2040.9
208.514
-8191.21
-1588.19
-504.55
-287.134
-507.242
-473.029
-444.625
-495.773
-457.517
-610.952
-572.552
-1000.75
-689.797
-1721.68
349.109
-8415.74
-1587.48
-504.126
-286.718
-505.854
-470.643
-440.912
-489.517
-457.452
-612.98
-585.914
-1021.77
-758.556
-1761.54
357.039
-8104.02
-1586.7
-503.221
-285.756
-503.433
-465.81
-433.048
-476.381
-443.504
-612.372
-602.173
-1062.6
-771.257
-1809.66
232.68
-8063.51
-1681.91
-564.134
-315.797
-555.613
-527.077
-485.429
-557.399
-489.441
-716.668
-645.979
-1196.17
-695.033
-1896.55
193.24
-10580.3
-1682.28
-564.792
-316.502
-557.522
-530.8
-491.834
-566.593
-501.554
-720.13
-635.452
-1169.85
-680.101
-1988.58
277.183
-10696.8
-1682.54
-565.157
-316.82
-558.634
-532.723
-494.89
-571.587
-502.741
-720.246
-623.311
-1158.37
-637.568
-1972.98
32.5443
-11145.8
-1682.82
-565.744
-317.399
-560.294
-535.822
-499.75
-579.558
-508.763
-725.956
-612.26
-1200.64
-538.929
-2726.49
-470.008
-9874.69
-1682.97
-566.153
-317.735
-561.409
-537.843
-502.727
-584.182
-511.509
-727.646
-601.587
-1223.36
-635.089
-2114.29
10.7367
-10941
-1683.08
-566.458
-318.067
-562.431
-539.915
-505.869
-589.99
-517.137
-737.501
-590.666
-1252.02
-614.752
-2211.81
109.417
-10433.9
-1683.09
-566.472
-318.187
-562.922
-540.967
-507.545
-593.117
-519.376
-733.24
-581.744
-1204.59
-571.383
-1949.63
24.6334
-11345.3
-1683.03
-566.23
-318.18
-563.014
-541.444
-508.153
-595.801
-520.505
-741.896
-564.585
-1325.44
-504.81
-2683.85
-499.665
-10269.5
-1682.83
-565.726
-317.932
-562.513
-540.682
-507.053
-594.092
-518.913
-740.757
-566.901
-1293.35
-567.646
-2397.18
40.3841
-10647.6
-1682.51
-565.066
-317.57
-561.605
-539.349
-504.825
-591.301
-515.408
-743.639
-576.833
-1245
-434.316
-2361.07
-466.394
-11419.6
-1682.02
-564.246
-316.991
-560.162
-537.069
-501.245
-586.478
-509.601
-741.881
-579.281
-1314.14
-432.294
-2812
-294.674
-10107.7
-1681.43
-563.471
-316.446
-558.672
-534.817
-497.73
-581.954
-505.735
-740.868
-601.388
-1257.89
-437.446
-2964.3
-506.409
-10524.5
-1680.69
-562.605
-315.64
-556.64
-531.569
-492.558
-574.921
-500.409
-739.726
-621.521
-1233.12
-603.611
-2349.45
-285.674
-11599.5
-1679.96
-562.166
-315.217
-555.291
-529.534
-489.242
-570.257
-498.872
-739.812
-636.167
-1239.58
-718.274
-2168.08
271.317
-11014.6
-1679.18
-561.288
-314.313
-553.076
-525.68
-482.666
-562.122
-487.896
-739.907
-655.334
-1277.87
-789.856
-2189.19
57.3822
-11010.1
-1746.85
-662.068
-369.451
-621.662
-643.68
-591.893
-742.734
-622.406
-1010.28
-797.543
-1751.24
-872.252
-3217.32
728.782
-13931.4
-1747.06
-662.475
-369.811
-622.974
-645.516
-595.86
-745.063
-626.411
-1002.26
-777.673
-1689.48
-839.38
-3451.66
848.92
-14152.7
-1747.2
-662.682
-369.917
-623.72
-646.324
-597.646
-745.728
-625.391
-990.603
-754.065
-1597.62
-790.592
-3152.91
903.699
-14358.4
-1747.34
-663.004
-370.172
-624.843
-647.937
-600.734
-748.987
-627.131
-991.017
-730.377
-1649
-715.88
-3434.99
-133.269
-13324.8
-1747.4
-663.163
-370.24
-625.553
-648.804
-602.526
-749.93
-627.298
-983.044
-720.027
-1583.74
-715.49
-2473.98
481.85
-15295.9
-1747.43
-663.183
-370.312
-626.157
-649.933
-604.411
-753.851
-630.123
-995.028
-708.669
-1654.4
-717.693
-2935.5
1059.84
-13805.7
-1747.37
-662.962
-370.205
-626.358
-650.234
-605.312
-754.703
-632.246
-983.965
-698.987
-1559.97
-692.233
-2604.37
87.2775
-15306.1
-1747.22
-662.558
-370.038
-626.192
-650.434
-605.286
-757.616
-632.923
-1001.66
-683.176
-1748.1
-558.04
-3444.01
-240.729
-12906.2
-1746.94
-661.965
-369.683
-625.569
-649.599
-604.186
-755.668
-631.532
-995.361
-692.114
-1707.31
-657.059
-3560.2
-98.7963
-12964.8
-1746.54
-661.263
-369.287
-624.597
-648.625
-602.041
-754.709
-626.202
-1002.38
-688.936
-1665.19
-598.471
-3127.78
-15.2401
-14791.7
-1746
-660.458
-368.728
-623.223
-646.92
-599.113
-751.696
-622.665
-1000.71
-704.647
-1684.32
-780.531
-2915.71
417.352
-14012.8
-1745.39
-659.718
-368.25
-621.834
-645.477
-596.177
-750.425
-619.556
-1007.42
-711.85
-1715.08
-681.048
-3661.46
-581.543
-13762.1
-1744.66
-658.944
-367.574
-620.042
-643.396
-592.218
-747.878
-617.174
-1012.58
-740.706
-1676.05
-774.128
-3201
964.091
-15540.2
-1743.98
-658.553
-367.242
-618.868
-642.241
-589.756
-747.15
-616.556
-1024.37
-763.125
-1777.35
-825.196
-3623.99
889.125
-14993.9
-1743.29
-657.792
-366.514
-617.01
-640.026
-585.13
-745.611
-612.312
-1036.27
-787.637
-1839.81
-904.727
-3458.01
756.895
-15077.1
-1917.27
-2620.16
-3248.43
-4095.47
-5124.13
-6467.6
-8152.96
-10368
-13231
-16797.7
-22750.3
-25301
-47709.1
-40433.8
-130044
-745.822
-901.024
-997.249
-1248.98
-1552.43
-1994.79
-2534.55
-3297.77
-4264.25
-5550.89
-7930.84
-11235.7
-13593.2
-25125.4
-18327.6
-463.407
-609.068
-751.406
-1003.3
-1285.8
-1693.34
-2167.28
-2906.15
-3704.26
-5224.32
-6739.73
-10762
-12550.5
-26345.1
1798.98
-705.331
-943.33
-1189.85
-1554.94
-1984.49
-2598.59
-3301.32
-4363.68
-5411.41
-7185.46
-9007.35
-11871.4
-14639.5
-14680.1
-11481.6
-744.866
-1003.38
-1279.73
-1678.13
-2153.85
-2831.77
-3589.04
-4723.96
-5694.66
-7590.54
-8953.28
-12844.6
-13615.5
-20584.4
-12453.7
-665.797
-929.149
-1218.19
-1616.96
-2106.8
-2815.37
-3602.79
-4758.66
-5720.79
-7824.72
-9598.8
-13901
-15728.4
-21253.6
-11069.1
-874.335
-1271.39
-1687.26
-2213.13
-2885.72
-3827.83
-4879.31
-6291.05
-7618.73
-10589.8
-12625.9
-17129.8
-17226.4
-21046.7
-8885.17
-702.279
-1060.7
-1409.36
-1817.45
-2420.76
-3356.05
-4401.75
-6002.41
-8341.49
-11912.2
-13366.3
-16964.1
-14585.1
-18173.4
-3823.76
-1191.1
-1866.57
-2372.97
-3043.64
-4199.56
-5752.72
-7565.18
-10182.7
-13005.8
-15898.1
-16295.6
-17797
-12771.1
-14930
-10558.8
-808.003
-1339.39
-1657.09
-1967.65
-2897.59
-4086.3
-5322.25
-7588.99
-9393.45
-11388.1
-11527.4
-13862
-9268.67
-17665.2
1839.55
-2165.52
-3193.45
-3005.09
-4041.88
-6758.89
-8907.59
-12649.7
-15881.8
-16332.9
-15984.6
-14627.6
-14326.2
-11741.3
-17164.6
-4605.56
-520.849
-1702.17
-2268.01
-2151.65
-3506.8
-4701.69
-4964.89
-6173.89
-6286.59
-7125.73
-6628.81
-9097.12
-1864.59
-3718.12
21752.6
-5849.89
-6371.16
-962.78
-4640.82
-11919.8
-11105
-21563
-24914.4
-22128.3
-14684.5
-11519
-6700.48
-4257.12
-9459.27
4549.62
-1017.01
-2077.39
856.039
2338.37
-2190.44
-6903.52
2507.02
2731.05
2112.68
5909.43
19449.7
18706.9
13177.5
2325.42
-20673.9
-15769.2
-18108
-28003.5
-32025.8
-24676.3
-28624.4
-14524.1
-26846.1
-40824.8
-64857.9
-66445.1
-67149.5
-58997.6
-63463.9
-18280.5
-1917.48
-2620.32
-3248.03
-4094.6
-5121.21
-6463.75
-8140.45
-10354.6
-13190.5
-16741.7
-22613.4
-25123.7
-47072.6
-39918.9
-123670
-746.062
-900.925
-996.043
-1246.51
-1546.05
-1985.16
-2510.14
-3264.75
-4178.62
-5430.66
-7653.31
-10867.4
-13173.2
-24250.6
-19722.8
-463.385
-608.376
-749.277
-999.015
-1277.28
-1678.97
-2139.42
-2863.85
-3614.95
-5083.57
-6474.08
-10429.8
-12233.2
-26057.8
2147.42
-706.501
-943.776
-1188.41
-1550.69
-1974.97
-2580.53
-3264.15
-4299.16
-5246.24
-6901.38
-8462.34
-11283.2
-13861.6
-14798.1
-11953.3
-745.321
-1000.99
-1272.02
-1663.06
-2125.98
-2782.56
-3500.62
-4573.76
-5365.65
-7025.28
-8036.29
-11972.2
-13056.1
-21831.6
-17812.2
-669.285
-930.234
-1213.17
-1604.53
-2080.88
-2767.96
-3518.05
-4587.28
-5206.22
-6908.32
-8441.04
-13058.4
-16102.8
-24492.7
-14050.8
-871.509
-1256.99
-1654.55
-2160.6
-2798.72
-3689.54
-4643.39
-5830.14
-6604.64
-9104.65
-11040
-16612
-18935.4
-24370.7
-10726.3
-706.787
-1059.71
-1385.13
-1774.96
-2337.07
-3241.51
-4258.3
-5668.71
-7743.37
-11087.4
-13082.1
-18457.6
-16909.7
-22840.6
-6443.42
-1166.47
-1787.89
-2229.76
-2856.97
-3942.06
-5515.28
-7175.33
-9873.14
-13256.6
-16544.4
-16399
-18496.7
-14049.2
-20399.5
-6871.03
-814.588
-1303.06
-1510.73
-1825.84
-2735.37
-3922.35
-5133.63
-7825.39
-10148.9
-12127.7
-11541.3
-13727.1
-10101.5
-17430.9
-2841.99
-2017.2
-2841.82
-2666.43
-3808.13
-6174.83
-8788.1
-12358.7
-16182.1
-16770.6
-16476.3
-15030.6
-14648.8
-12582.8
-19275.4
-8689.56
-373.63
-1525.28
-2205.44
-2467.13
-3472.12
-4842.04
-5418.43
-7282.46
-7961.36
-8420.47
-8136.25
-10463.5
-5527.11
-6741.66
14057
-5396.52
-6830.51
-2313.74
-6202.09
-13717.6
-14796.3
-18992.9
-24452.9
-23914.4
-18989.9
-11832.7
-7501.73
-5486.28
-7710.09
-8225.35
-934.323
-2579.04
450.767
-169.102
-4205.66
-7229.64
482.429
2833.2
4537.69
4136.1
13675.4
16586.5
13235.5
863.298
-27499.4
-17435.6
-19121.2
-25400
-28510.4
-20322.5
-20538.8
-17296.8
-24485.2
-36779.1
-56010.3
-65036.7
-65868.9
-58504.1
-63081.7
-36582.9
-1917.6
-2620.39
-3247.62
-4093.73
-5118.11
-6459.89
-8127.82
-10343
-13152.1
-16697.3
-22489.1
-24952.1
-46862.2
-39488.6
-125037
-746.131
-900.623
-994.821
-1244.22
-1540.54
-1976.8
-2490.1
-3237.56
-4110.78
-5345.54
-7444.96
-10608.4
-12707.9
-23830.6
-18468
-463.263
-607.769
-747.683
-995.952
-1271.48
-1668.95
-2121.22
-2835.81
-3558.76
-5000.21
-6310.77
-10276.6
-12048
-26348
5995.08
-707.262
-943.974
-1187.28
-1547.78
-1968.52
-2567.85
-3239.02
-4255.06
-5136.36
-6730.93
-8129.18
-11007.4
-13453.4
-15543.6
-11415.2
-745.426
-999.011
-1266.39
-1652.77
-2107.1
-2749.21
-3445.32
-4482.16
-5168.87
-6701.42
-7564.51
-11678
-12968.4
-23926.8
-16911.6
-671.327
-930.402
-1209.82
-1598.29
-2066.75
-2741.31
-3473.67
-4488.19
-4874.34
-6498.68
-8116.03
-13078.2
-17732.4
-28773.2
-15505.2
-869.9
-1246.85
-1633.42
-2128.93
-2742.91
-3601.44
-4520.41
-5597.18
-6090.5
-8559.23
-10739.5
-17625.5
-22675.1
-28583.3
-11726.1
-709.835
-1059.21
-1376.82
-1765.68
-2300.19
-3205.51
-4257.59
-5481.44
-7608.21
-11042.9
-13393
-20739.2
-20457
-28266.3
-6240.17
-1150.23
-1721.54
-2126.5
-2732.24
-3759.82
-5378.83
-7027.35
-10050.1
-13776.8
-16016.6
-15815.9
-18871.9
-14310.8
-23113
-874.334
-855.518
-1277.33
-1447.17
-1767.79
-2652.14
-3876.84
-4945.57
-7683.23
-9591.64
-11147
-10842.9
-13885.3
-10916.1
-17584.7
782.203
-1846.05
-2423.08
-2422.49
-3473.8
-5827.15
-8346.58
-11843.6
-15936.7
-17047.8
-18438.8
-17370.9
-17858.9
-15380.1
-21932.9
-10376.6
-400.014
-1689.49
-1869.65
-2274.41
-3367.5
-4688.65
-5574.55
-7712.82
-9187.29
-10205.4
-9539.03
-12001.3
-7536.26
-7144.01
15194.1
-5379.47
-5987.14
-3147.5
-6690.73
-13654
-14248.7
-17670.1
-24037.3
-24910
-21563.1
-13042.9
-8020.92
-5634.76
-6596.71
-16734.3
-1149.42
-1441.02
1847.16
-1478.6
-4206.7
-4536.77
934.9
2034.09
5917.7
7365.21
12771.6
14113.8
11659.9
-226.121
-28282.6
-19532.4
-22038
-23637.8
-27491.4
-17803.9
-17809
-19892.7
-25776.9
-35779.9
-50017.9
-61380.4
-64804.7
-59122
-69998.2
-39955.2
-1917.7
-2620.47
-3246.92
-4092.43
-5113.72
-6454.28
-8109.3
-10325.3
-13092.7
-16629.2
-22306.7
-24681.2
-46335.5
-39036.6
-122584
-746.255
-900.201
-993.166
-1241.12
-1533.17
-1965.61
-2463.15
-3200.08
-4018.62
-5226.82
-7165.03
-10248.7
-12109.7
-22985.6
-17657.4
-463.162
-606.974
-745.375
-991.372
-1262.55
-1653.51
-2092.47
-2789.82
-3468.36
-4862.37
-6055.21
-9968.95
-11794
-26599.3
3827.82
-708.323
-944.209
-1185.46
-1543.18
-1958.59
-2548.34
-3201.08
-4185.5
-4976.09
-6475.68
-7619.19
-10477.1
-12735.2
-16644.4
-11982.5
-746.024
-996.753
-1258.87
-1638.42
-2080.12
-2699.27
-3361.64
-4324.89
-4864.44
-6214.22
-6827.67
-10984.7
-12509.7
-27014.3
-18244.3
-674.509
-930.832
-1204.58
-1588.34
-2045.93
-2699.97
-3405.39
-4323.2
-4450.08
-6019.99
-7376.6
-12579.5
-20186.5
-36715.6
-20833.6
-870.069
-1235.58
-1607.61
-2091.02
-2670.93
-3470.47
-4351.52
-5046.5
-5343.91
-7651.65
-9837.96
-18769.7
-28550.7
-36713
-13642.3
-714.219
-1055.18
-1356.86
-1748.29
-2258.47
-3167.08
-4191.46
-5077.5
-6885.15
-10446.4
-13589.3
-23733.8
-25887.2
-36852.5
-4047.12
-1140.64
-1649.57
-2039.37
-2677.67
-3581.77
-5222.24
-6471.81
-9067.05
-12067.8
-14613.5
-15420.5
-19125.1
-13133.5
-16949.5
8093.87
-874.558
-1202.95
-1377.59
-1798.3
-2668.4
-3852.09
-4796.17
-7572.76
-9608
-11875.7
-12211.8
-15163.6
-11975.5
-15896.2
4305.54
-1769.99
-2132.79
-2459.23
-3614.93
-5476.1
-8189.26
-13136.5
-19080
-19430.3
-19717.4
-18939.9
-20316.9
-17671.7
-21593.4
-11168.1
-722.14
-1219.78
-1365.94
-2560.86
-3537.15
-4672.59
-6025.41
-8937.94
-9847.8
-11040.3
-11238.4
-13461.2
-8980.3
-7430.56
12362.5
-3315.57
-4653.61
-4201
-7373.86
-12641.8
-14249.5
-19673.2
-25476.5
-26202.3
-22173.9
-15672.4
-10915.2
-7238.02
-10272.1
-26587.2
378.624
1108.06
-856.29
-3369.25
-3631.69
-4783.66
1254.62
2412.87
3832.52
7484.81
13336.7
12913.8
10737.9
-201.349
-25483.9
-21231.7
-22352.4
-25163.6
-25737.4
-17212.8
-19017.8
-22335.8
-27234.8
-36123.1
-48061.7
-57910.6
-62937.7
-59278.3
-74333.8
-40184.3
-1917.71
-2620.46
-3246.09
-4090.91
-5108.62
-6447.79
-8088.98
-10306.5
-13026.6
-16561.9
-22105.4
-24416
-45859.2
-38468.7
-120925
-746.208
-899.541
-991.351
-1237.92
-1525.92
-1954.65
-2437.79
-3164.74
-3934.51
-5124.9
-6911.8
-9950.59
-11546
-22333.6
-17826
-462.93
-606.092
-743.157
-987.172
-1254.39
-1639.43
-2066.66
-2747.93
-3389.82
-4747.57
-5825.71
-9688.56
-11443.4
-27312.3
1089.7
-709.005
-944.118
-1183.64
-1539.06
-1949.31
-2530.44
-3166.61
-4120.37
-4844
-6272
-7157.19
-9932.26
-11894.2
-18655.2
-14329.6
-746.089
-994.381
-1252.26
-1626.23
-2056.04
-2657.23
-3288.84
-4191.47
-4640.55
-5918.96
-6223.64
-10212
-12278
-32353.4
-24341.8
-676.323
-930.235
-1200.97
-1582.06
-2027.96
-2666.61
-3344.03
-4173.94
-4239.65
-5717.51
-6469.27
-12207.5
-25817.1
-49781.1
-30478.6
-868.475
-1227.23
-1592.19
-2062.36
-2606.15
-3372.54
-4184.05
-4618.67
-4977.68
-7148.46
-8859.69
-22912
-40758.1
-51973.2
-18315.6
-713.283
-1050.04
-1355.06
-1745.28
-2223.08
-3147.15
-4023.59
-4878.48
-6486.87
-10095.9
-13479.5
-28507.5
-32972.1
-45922.2
9719.47
-1129.33
-1650.58
-2064.68
-2629.38
-3429.19
-5044
-5709.91
-7930.45
-10168.1
-12993.1
-14488.6
-18471.4
-11706.8
-8904.04
13389.4
-851.935
-1269.84
-1483.56
-1817.35
-2615.63
-3924.65
-4839.68
-7529.75
-9379.97
-12017.9
-12264.8
-15555.5
-12287.7
-15150.6
8441.99
-1763.19
-2341.01
-2612.82
-3529.42
-5409.06
-7481.03
-10946.2
-15377.3
-15887.2
-16700.6
-16389.2
-18771.6
-16098.5
-18491.6
-11417.4
-701.157
-1181.09
-991.469
-1868.57
-3020.84
-5005.3
-5920.97
-8329.49
-8493.61
-10129.4
-11171.5
-13577.6
-8922.32
-7211.85
7665.86
-2645.29
-4249.43
-6954.62
-8538.74
-11816.3
-11819
-18294.9
-27667.2
-27346.5
-21131.9
-15871.2
-11749.9
-8386.83
-19713.4
-30478
403.137
-371.295
-2554.52
-4958.18
-5406.6
-4582.7
2571.43
5531.5
5068.23
7816.42
12737
11916.6
9536.33
-1325.36
-20062.6
-21969.2
-23052.2
-22022.4
-21629.3
-19186.4
-24517.5
-28710.4
-30784.6
-39290.7
-52142.3
-58825.3
-62685.3
-60885.8
-78026.2
-34855.8
-1917.68
-2620.38
-3245.07
-4089.11
-5102.75
-6440.19
-8065.81
-10284.3
-12949.6
-16489.6
-21864.2
-24138.1
-45255.5
-37884
-119502
-745.991
-898.703
-989.349
-1234.55
-1518.51
-1943.48
-2411.88
-3128.27
-3849.27
-5020.9
-6648.97
-9640.85
-10873.1
-21565.4
-17075.7
-462.722
-605.231
-740.906
-982.816
-1245.76
-1624.55
-2038.42
-2700.67
-3304.11
-4613.5
-5555.04
-9281.02
-10806.6
-28106.6
-1600.33
-709.502
-943.789
-1181.42
-1534.25
-1939.14
-2511.47
-3128.2
-4050.42
-4709.4
-6033.26
-6596.63
-9116.11
-10520.1
-20963.9
-17696.1
-746.677
-992.893
-1246.6
-1614.87
-2033.43
-2616.23
-3208.48
-4047.42
-4424.5
-5560.91
-5379.39
-8570.51
-11665.1
-38930.6
-33870.2
-678.106
-929.513
-1196.15
-1573.71
-2011.1
-2634.31
-3265.76
-4079.2
-4205.68
-5326.66
-4807.98
-11352.8
-32203.7
-67556.6
-39791.5
-871.979
-1225.46
-1581.97
-2043.1
-2563.76
-3288.38
-3972.52
-4497.73
-4729.04
-6531.82
-7568.96
-28162.4
-52824.6
-73781.2
-15283.7
-714.435
-1041.29
-1337.8
-1731.82
-2216.6
-3083.1
-3828.03
-4735.33
-5829.88
-8887
-14016.5
-32938
-38375.4
-45790.2
30777.3
-1145.27
-1658.81
-2082.52
-2667.25
-3409.27
-4719.83
-5164.8
-6651.12
-8313.78
-11332.2
-14438.1
-21249
-13273.8
-10340.2
12508.3
-835.9
-1210.15
-1434.87
-1836
-2712.8
-3806.36
-4509.08
-6577
-8496.56
-11595.2
-12360.9
-16102.6
-13300.2
-17142.8
5656.41
-1914.06
-2460.64
-3097.09
-3863.95
-5045.39
-6508.23
-7928.87
-11659.8
-13722.4
-15013
-14777.9
-17495.7
-14400.9
-17598.5
-11181.4
-630.719
-882.897
-1185.22
-2632.1
-3472.93
-4664.93
-4996.87
-7218.04
-6972.56
-9384.52
-10764.9
-13289.9
-8451.08
-7855.86
3981.7
-4883.16
-6214.78
-6162.83
-6938.96
-8966.39
-11427.4
-14442
-22079.9
-23092.6
-19310.9
-16134.5
-13548.7
-10733.3
-29602.1
-24849.3
-683.756
-2235.44
-2523.65
-3283.37
-3272.87
-494.371
4368.94
5409.71
4271.96
6300.4
11806.8
11822
10732.4
-4395.64
-15747.3
-16595.1
-15761.2
-18681.6
-22219.7
-23866.1
-24449.5
-28624
-31165.5
-38199.8
-51697.7
-57024.9
-61884.4
-62060.2
-77601.9
-29717
-1917.57
-2620.13
-3243.8
-4086.88
-5096.31
-6432.14
-8042.41
-10261.3
-12868.5
-16414.6
-21605.5
-23878.4
-44626.8
-37286.5
-118282
-745.554
-897.681
-987.305
-1231.2
-1511.39
-1932.88
-2388.27
-3095.79
-3775.82
-4929.55
-6421.53
-9352.05
-10273.6
-20815
-16540.5
-462.36
-604.257
-738.706
-978.733
-1237.75
-1610.97
-2012.97
-2658.99
-3226.43
-4476.33
-5285.1
-8781.54
-9990.94
-29031.5
-4976.24
-709.587
-943.103
-1179.14
-1529.54
-1929.05
-2492.62
-3091.17
-3983.41
-4578.95
-5767.5
-6008.93
-8043.68
-8947.23
-23374
-21616
-746.373
-990.488
-1240.68
-1603.94
-2012.83
-2579.74
-3140.99
-3933.42
-4201.51
-5050.77
-4332.66
-5939.61
-10865.1
-47502
-43183
-679.03
-928.373
-1192.78
-1566.83
-1992.7
-2594.45
-3191.27
-3936.3
-3898.24
-4491.01
-2405.54
-7620.57
-34541.4
-86077
-38991.5
-870.756
-1216.93
-1565.44
-2012.97
-2507.25
-3194.89
-3820.39
-4355.81
-4255.56
-5174.03
-5719.55
-25821.4
-53791.5
-80566.4
10823.3
-716.526
-1039.32
-1340.26
-1728.24
-2171.49
-2970.22
-3738.01
-4785.99
-5852.93
-9090.12
-14518
-30813.9
-34664.2
-32529.1
29224.4
-1126.91
-1620.6
-2024.47
-2512.42
-3170.59
-4410.06
-5293.79
-7043.34
-8753.45
-11991.6
-16160.4
-24494.2
-17018.5
-17110.5
13053.5
-827.394
-1224.57
-1475.84
-1795.27
-2453.24
-3561.29
-4587.9
-6703.23
-8761.5
-11654.6
-12974.2
-16170.7
-12989.5
-18643.2
1627.66
-1823.74
-2211.88
-2418.98
-2901.03
-4280.4
-6304.78
-7410.52
-11322.1
-13363.2
-14569.3
-13966
-16528.6
-13396.7
-17785
-8865.44
-586.61
-1092.78
-1157.91
-1613.07
-2824.14
-3983.27
-3857.24
-6611.47
-6890.54
-9418.77
-9566.57
-12097.1
-8025.25
-5329.65
3955.22
-3237.6
-4524.31
-5131.39
-6943.83
-9069.53
-11983.9
-11883.9
-20114.7
-23587.7
-16690.6
-14750.7
-16022.4
-14478.2
-33175.8
-18762
-797.39
-2336.72
-3424.27
-3245.85
-643.142
-2255.14
326.215
5389.37
4318.3
7380.89
10146.7
10101.3
12485.5
-6327.5
-7209.38
-20530.5
-20707.9
-23728.5
-25572
-25374.3
-26071
-32495.1
-31559.7
-36710.9
-54816.3
-61249
-64752.8
-64809.9
-72963.5
-36066.4
-1917.35
-2619.69
-3242.33
-4084.54
-5089.8
-6423.81
-8018.21
-10236.8
-12784.4
-16339.8
-21335.5
-23635.6
-43899.8
-36663.7
-116992
-744.942
-896.515
-985.214
-1227.97
-1504.78
-1923.37
-2366.91
-3067.15
-3711.1
-4849.43
-6227.87
-9084.46
-9770.3
-20032.1
-15967.2
-461.988
-603.377
-736.746
-975.112
-1230.51
-1598.99
-1989.44
-2619.95
-3150.22
-4339.57
-5029.93
-8236.01
-9168.77
-29690.7
-8458.28
-709.192
-941.987
-1176.54
-1524.68
-1919.44
-2475.69
-3056.73
-3919.9
-4445.2
-5498.67
-5463.47
-6811.66
-7804.31
-25960.7
-24499.2
-746.381
-989.376
-1237.2
-1596.68
-1998
-2552.48
-3083.62
-3821.26
-3963.99
-4550.28
-3159.66
-3473.83
-11907.5
-54540.4
-44426.8
-678.516
-926.21
-1188.15
-1559.17
-1979.44
-2567.9
-3127.5
-3792.49
-3552.18
-3697.82
-179.832
-3789.57
-31545.4
-95619
-19794.5
-874.381
-1219.7
-1566.35
-2010.83
-2495.65
-3155.88
-3705.53
-4083.75
-3639.49
-3780.49
-3447.2
-20552.1
-41420.8
-59009
40194.4
-713.011
-1027.73
-1327.44
-1720.54
-2179.61
-2970.49
-3658.48
-4488.21
-5254.25
-8300
-12382.7
-23234.7
-24723.5
-33569.5
8866.94
-1147.82
-1660.76
-2101.95
-2639.87
-3320.04
-4445.48
-5272.16
-6434.63
-7968.37
-11142.5
-14876.9
-25286
-20864.8
-21940.3
15629.6
-746.266
-1158.79
-1447.29
-1858.6
-2588.97
-3761.51
-4647.96
-6563.99
-8809.03
-12021.5
-13936.4
-17685.2
-13312.2
-19892
-1816.72
-2232.05
-2743.55
-3049.2
-3736.76
-4876.96
-6788.69
-8193.52
-11999.1
-14560.8
-15752.8
-15408
-18033.7
-14545.1
-18534.3
-8658.18
-653.625
-1357.01
-1727.62
-2510.97
-4058.05
-4995.94
-4941.98
-7254.97
-8354.52
-9612.14
-9239.83
-12152
-9017.01
-7648.86
1882.22
-4626.31
-6604.12
-7435.83
-9743.24
-11727
-13898.2
-13751.9
-19939.8
-25117.4
-19293.2
-21004.8
-19910.5
-16824.5
-30309.8
-17173.2
-1598.43
-2789.72
-3789.77
-3981.94
-2887.43
-2411.29
-1584.41
4289.1
6521.99
9193.52
7420.38
5953.19
10204.3
-7134
15866
-16071.6
-15303.5
-16667.3
-17615.4
-19642.5
-21162.4
-29673.8
-32121.1
-34540.1
-50500.6
-50645.8
-56329.7
-61859.8
-71472.7
-50687.3
-1916.99
-2619.02
-3240.7
-4081.96
-5083.01
-6415.25
-7994.81
-10212.4
-12701.8
-16267.6
-21083.9
-23414.9
-43227.1
-36064.9
-115930
-744.172
-895.235
-983.166
-1224.98
-1498.85
-1915.19
-2348.97
-3045.3
-3662.1
-4790.69
-6093.89
-8873.86
-9492.14
-19388.3
-15433
-461.438
-602.367
-734.866
-971.921
-1224.24
-1589.01
-1969.39
-2589.79
-3088.67
-4235.61
-4841.9
-7824.23
-8737.31
-29838.2
-10965.5
-708.355
-940.532
-1173.93
-1520.02
-1910.16
-2459.81
-3025.05
-3872.74
-4342.38
-5302.56
-5036
-5903.74
-7156.39
-26884.4
-24451.8
-745.157
-986.94
-1232.88
-1589.34
-1985.3
-2530.37
-3041.88
-3756.63
-3794.4
-4187.19
-2334.24
-2612.02
-13760.1
-56050.6
-34871.6
-677.232
-924
-1184.44
-1552.16
-1963.35
-2534.11
-3071.93
-3710.87
-3278.28
-3146.43
1005.71
-673.249
-24044.8
-90545.3
4269.21
-870.195
-1210.19
-1551.57
-1989.47
-2463.67
-3102.57
-3651.63
-3998.22
-3240.68
-2684.38
153.181
-14321.6
-26930
-34661.2
54995.8
-713.753
-1027.78
-1326.08
-1713.21
-2136.76
-2887.66
-3731.33
-4453.23
-4978.46
-7230.32
-9399.5
-19700.8
-18391
-45275.3
-4579.27
-1119.23
-1586.16
-2012.67
-2515.54
-3146.08
-4387.26
-5266.61
-6156.98
-7836.98
-11022.5
-13712.7
-22805.8
-24711.5
-24876.7
16388.9
-770.502
-1145.19
-1474.79
-1859.72
-2421.92
-3696.96
-4366.93
-6078
-8316.9
-11493.1
-13458.2
-17614.3
-13259.1
-19528.2
-1672.06
-1979.26
-2512.06
-2758.54
-2652.69
-3945.99
-5866.6
-6913.71
-10634.7
-13484.2
-15684.4
-16206.2
-18707.7
-15466.3
-19926
-8062.69
-519.414
-1278.38
-1632.98
-1510.96
-2953.73
-4440.19
-4557.35
-7179.46
-8475.41
-10232.3
-9990.74
-11864.5
-8072.03
-12485.4
-340.249
-4275.36
-5495.58
-4183.22
-6930.56
-9504.99
-17553.5
-15674
-17866
-22846.8
-19830.5
-16687
-17454.4
-13541.1
-26257.1
-15239.3
-1388.39
-1834.23
-2919.12
-3602.3
-83.6052
-2086.07
-2019.77
3310.53
7436.86
10037.8
10050.7
8439.42
12787.2
2892.96
40859.7
-16722.6
-17489
-23096
-24770.1
-22911.5
-17955.6
-28296.2
-36064
-42216
-53768.9
-56652.7
-59349.6
-61154.1
-65511.5
-53591.7
-1916.5
-2618.17
-3238.97
-4079.27
-5076.32
-6407.22
-7972.36
-10187.7
-12620.7
-16208.2
-20851.4
-23244.9
-42581.5
-35495.2
-114987
-743.31
-893.932
-981.271
-1222.45
-1493.84
-1908.82
-2334.53
-3029.7
-3622.84
-4751.32
-5999.44
-8778.38
-9394.67
-18819.3
-14626.9
-460.908
-601.521
-733.394
-969.456
-1219.05
-1581.56
-1953.06
-2566.9
-3034.71
-4165.64
-4730.6
-7764.56
-8587.61
-29396.3
-12112.7
-707.073
-938.775
-1171.31
-1515.7
-1901.96
-2447.66
-2998.61
-3832.04
-4244.3
-5169.53
-4821.19
-5976.47
-6472.71
-24997.7
-21617.7
-744.232
-986.007
-1231.39
-1586.07
-1978.46
-2521.03
-3015.52
-3707.56
-3648.56
-4021.74
-2658.8
-3682.65
-14007.4
-54013.2
-21120
-674.321
-921.262
-1180.69
-1545.27
-1952.97
-2518.25
-3027.13
-3568.19
-2898.46
-3027
568.049
318.779
-13500.4
-72544.9
25508.6
-870.766
-1215.13
-1556.46
-1993.45
-2470.48
-3111.9
-3644.99
-3651.48
-2763.24
-2012.69
3376.2
-6688.22
-17680.1
-31290.5
52408.6
-707.326
-1024.82
-1316.84
-1700.9
-2143.77
-2935.61
-3559.23
-4005.69
-4356.86
-6472.03
-5317.79
-19861.2
-21728.7
-55002.3
-12160
-1146.8
-1648.97
-2056.73
-2618.07
-3299.35
-4628.49
-5149.96
-7022.34
-9331.95
-12052.7
-13065.9
-20134.6
-26738.1
-30057.2
12065
-808.19
-1178.41
-1433.55
-1863.01
-2659.77
-3721.14
-4754.79
-6786.03
-8642.07
-10912.9
-11729.3
-16526.6
-14270.5
-20383.6
-2173.19
-1955.21
-2614.37
-3045.84
-3735.94
-4766.77
-6661.84
-8733.09
-11730.5
-14337.3
-16341.3
-16770.5
-20343.2
-19204.5
-21989.7
-8812.44
-644.948
-1191.97
-1609.47
-2397.26
-3385.01
-4719.81
-5131.54
-7944.67
-8386.48
-8171.27
-8715.04
-13701.1
-16193.3
-13594.1
-2695.37
-5205.87
-7329.83
-6915.5
-8685.32
-7146.69
-10673.7
-13917.3
-17281.9
-20827
-19953.1
-23542.2
-30471.7
-29498.5
-17420.4
-11023.8
-1549.59
-3476.48
-2874.84
-3864.38
-3439.74
-1289.04
2135.71
6963.17
9687.75
12048.1
11957.3
10898.9
13987.7
21611.3
44426.1
-19760.1
-17851.9
-18550.8
-19912.2
-24024.4
-23664.7
-29192.8
-32868.4
-39954.3
-51588.8
-57420.9
-58764.9
-56148.1
-53465.3
-51837.2
-1915.86
-2617.15
-3237.07
-4076.29
-5069.66
-6399.53
-7951.26
-10164.1
-12550.1
-16169.4
-20647.9
-23125.9
-42049.4
-35015.3
-114359
-742.386
-892.654
-979.614
-1220.35
-1489.65
-1903.98
-2323.68
-3020.93
-3597.33
-4741.6
-5960.46
-8784.62
-9432.74
-18502
-13880.8
-460.25
-600.623
-732.092
-967.497
-1214.97
-1576.32
-1940.09
-2553.15
-2999.66
-4155.1
-4682.62
-7940.55
-8535.79
-28611
-11967.7
-705.433
-936.777
-1168.84
-1511.95
-1894.86
-2437.92
-2976.1
-3818.78
-4210.64
-5187.92
-4772.55
-6366.69
-5806.06
-22748.2
-17561.9
-742.546
-984.35
-1229.9
-1583.73
-1975.44
-2518.04
-3004.78
-3722.86
-3649.56
-4071.73
-2967.98
-4847.97
-13418.9
-52957.5
-11208.1
-670.958
-918.31
-1178.16
-1540.12
-1943.8
-2499.76
-2990.78
-3625.09
-2916.82
-3242.93
-519.066
-393.876
-5373.21
-55762.5
38423.3
-866.835
-1211.48
-1553.88
-1989.44
-2476.82
-3118.83
-3697
-3927.8
-2728.24
-2139.03
4375.67
-1137.52
-11566.6
-43193.5
37209.6
-704.546
-1025.67
-1319.05
-1693.31
-2125.82
-2849.37
-3662.04
-4199.57
-4767.14
-6812.28
-4248.86
-20717.2
-27322.4
-69146.3
-19402.5
-1121.46
-1602.74
-2013.04
-2575.94
-3296.41
-4709.16
-5922.25
-8950.76
-12450.3
-14960
-14734.9
-19937.1
-25014.4
-34083.4
9044.27
-812.735
-1168.75
-1459.78
-1857.3
-2543.6
-3492.55
-4993.01
-6978.34
-8646.64
-11107.8
-11847
-16330.9
-15074.5
-21347.8
-2389.28
-1593.65
-2188.48
-2570.66
-3446.38
-4888.66
-7082.37
-8778.71
-12496.3
-16089.2
-19670
-20973.3
-23336.7
-21798.6
-23184.2
-8923.91
-675.056
-1312.77
-1566.35
-2027.26
-3137.29
-5220.67
-3819.23
-4097.04
-4488.21
-5624.53
-9310.96
-13760.1
-17153.1
-13779.9
-4569.3
-3547.47
-5251.55
-8240.67
-8671.8
-9436.6
-7875.31
-10257
-15481.5
-20027.7
-21284.4
-27641.8
-35407
-33325.2
-11239.7
-11133.2
397.363
-974.425
-2642.49
-4085.43
-5686.27
-2254.61
2863.54
2591.78
4353.24
7264.09
7138.35
6246.79
5418
28210.7
27034
-21750.4
-24397.2
-23094.7
-22837.2
-19782.9
-25241.7
-30169.1
-36150.5
-47209.9
-60719.5
-63941.5
-59011.6
-54561.9
-50375
-57257.2
-1915.17
-2615.97
-3235.01
-4073.49
-5064.03
-6393.33
-7931.61
-10141.4
-12488.2
-16141
-20475.7
-23037.3
-41569.1
-34601.9
-113901
-741.562
-891.604
-978.287
-1218.76
-1486.42
-1901.21
-2316.59
-3016.81
-3580.13
-4749.32
-5958.94
-8871.73
-9495.29
-18275.2
-13026.3
-459.724
-599.97
-731.147
-966.101
-1211.84
-1573.37
-1930.78
-2545.48
-2975.54
-4176.43
-4658.15
-8213.33
-8493
-27466.7
-11100.7
-703.77
-934.912
-1166.77
-1509.07
-1889.17
-2432.43
-2959.38
-3811.94
-4197.19
-5287.01
-4815.74
-6986.13
-5060.23
-21028.1
-13408.1
-741.479
-983.966
-1230.31
-1584.01
-1975.17
-2523.86
-2998.34
-3748.92
-3698.87
-4282.35
-3170.37
-5777.05
-11023.1
-51843.7
-4715.75
-667.525
-916.037
-1176.81
-1536.7
-1938.15
-2497.18
-2957.33
-3648.22
-3089.52
-3555.9
-1557.97
-1565.21
597.949
-42492.8
39191.5
-868.162
-1217.64
-1561.77
-1996.83
-2494.2
-3163.81
-3672.33
-4276.91
-3066.72
-2993.22
3584.78
1757.05
-2132.21
-50531.5
22620.4
-702.075
-1028.47
-1320.28
-1686.03
-2132.82
-2826.3
-3512.63
-4356.54
-5215.91
-7396.59
-5302.12
-19428.8
-29002
-83184.7
-31288.8
-1141.96
-1628.5
-2016.13
-2589.74
-3400.5
-4708.24
-6149.66
-9630.69
-13954.9
-17170.2
-16407
-21078.7
-24363.8
-37315.4
4881.81
-855.338
-1182.98
-1406.4
-1845.65
-2575.82
-3521.27
-4496.18
-6691.17
-8659.25
-11124.1
-11597.9
-15783.8
-15149.8
-21629
-2063.61
-1760.26
-2077.65
-2364.05
-3487.36
-5004.37
-7128.16
-10158.7
-14718.8
-17234.7
-19182.5
-21423.3
-25510.9
-23204.7
-24604.5
-7516.89
-832.221
-1556.49
-1572.89
-2429.16
-3146.5
-4751.25
-3344.46
-3859.96
-4092.26
-5018.87
-7973.67
-13889.5
-15707.6
-15146.8
-3783.6
-4017.39
-4906.35
-5392.08
-8888.61
-10413.4
-9998.91
-8558.83
-20385.1
-27952.1
-29710.3
-30625.4
-31964.1
-35508.2
-8690.92
-15666.6
-93.746
1427.61
-525.703
-3639.61
-4909.02
-4200.35
-950.4
234.86
-709.274
509.885
-317.769
2164.33
-603.398
25079.5
25079.1
-20836.1
-23492.1
-28168.2
-27984.1
-19043.3
-24191.6
-30844
-26845.8
-32476.5
-44572.7
-49489.2
-51494.4
-47251.2
-55948
-55370.2
-1914.34
-2614.63
-3233.03
-4070.99
-5058.58
-6386.49
-7913.25
-10124.6
-12440.3
-16121.2
-20317.2
-22996.4
-41286.8
-34350.3
-113779
-740.75
-890.605
-977.124
-1217.55
-1484.15
-1899.56
-2311.83
-3016.69
-3574.91
-4777.86
-5997.57
-8977.81
-9626.83
-18228.2
-12423.2
-459.075
-599.244
-730.311
-965.267
-1209.85
-1571.83
-1923.68
-2543.17
-2965.17
-4229.17
-4679.52
-8501.21
-8552.13
-26284.2
-9592.92
-701.766
-932.83
-1164.87
-1507.06
-1885.06
-2429.33
-2949.17
-3820.41
-4220.25
-5476.08
-4989.12
-7778.18
-4723.11
-20177
-10765.6
-740.063
-983.737
-1231.72
-1586.49
-1977.99
-2533.9
-3006.54
-3796.37
-3797.37
-4670.35
-3436.27
-6893.89
-8174.02
-47776.3
-1119.26
-663.15
-913.201
-1176.97
-1537.28
-1937.28
-2499.97
-2954.98
-3709.92
-3400.52
-4110.73
-2184.91
-3218.49
4541.22
-28398.6
34656.4
-869.003
-1226.89
-1576.92
-2011.33
-2516.02
-3208.73
-3732.39
-4451.12
-3592.23
-4036.76
1378.37
347.469
3382.99
-48527.5
12630.4
-696.297
-1029.32
-1331.5
-1693.35
-2141.36
-2821.66
-3433.58
-4441.23
-5437.79
-8167.53
-6597.85
-19265.5
-26772.6
-88944.6
-43768.2
-1164.15
-1705.45
-2080.57
-2599.86
-3436.02
-4738.42
-6058.58
-8697.96
-12193.5
-15698.4
-17189.6
-23142.4
-24529.8
-41917.7
-1136.67
-828.716
-1262.18
-1456.55
-1797.73
-2510.77
-3458.44
-4420.88
-6274.26
-8209.07
-11253.6
-12468.3
-16665.4
-15470
-22890.5
-2153.02
-1957.36
-2413.78
-2288.33
-3250.62
-5016
-7380.24
-9799.23
-13688.2
-16296.7
-18847.3
-20339.1
-23517.8
-22570.8
-26338.5
-5180.52
-575.706
-2018.31
-2121.14
-2452.13
-3072.11
-4352.79
-3292.26
-3782.15
-4445.99
-5563.59
-8049.71
-14113.1
-15834
-18114.5
729.87
-5923.58
-6182.23
-4141.49
-7511.71
-11877.9
-10475.4
-13139.2
-22573.7
-26422
-27815
-29806.3
-30909.1
-32532.4
-10547.9
-8937.59
-1118.26
-1013.8
2770.3
-570.996
-5214.58
-3044.14
-2973.63
5.47505
2922.19
5839.28
2999.03
4029.76
963.217
25851.7
34691.9
-18880
-24053.4
-26883
-32199.6
-21320.1
-22711.3
-23715.3
-26089.7
-34982.7
-46380.8
-49174.3
-50904.7
-48826.4
-61733
-49092.6
-1913.58
-2613.4
-3231.23
-4068.64
-5053.68
-6381.02
-7898.6
-10110.9
-12398
-16093.5
-20166.3
-23037.6
-40951.7
-34146
-113657
-740.33
-890.159
-976.649
-1217.26
-1483.36
-1899.88
-2311
-3020.68
-3579.04
-4812.89
-6034.62
-9061.77
-9807.2
-18200
-11576.5
-458.745
-598.917
-729.977
-965.008
-1208.75
-1571.37
-1920.28
-2545.23
-2961.47
-4275.11
-4695.11
-8674.88
-8698.04
-25148.6
-8879.43
-700.411
-931.493
-1163.75
-1505.91
-1882.53
-2428.08
-2943.49
-3829.59
-4238.31
-5633.73
-5122.1
-8389.65
-4559.22
-19232
-8694.05
-739.35
-983.913
-1233.14
-1588.67
-1980.88
-2542.35
-3015.08
-3831.15
-3856.76
-4960.21
-3594.83
-7776.37
-5244.91
-40390.8
83.3993
-660.307
-911.643
-1177.81
-1538.14
-1937.62
-2501.63
-2950.87
-3737.63
-3576.3
-4578.29
-2491.83
-4698.76
6573.71
-19819.3
28653.8
-870.609
-1234.27
-1589.19
-2024.23
-2536.86
-3242.99
-3792.48
-4566.51
-3841.96
-4476.72
215.231
-1485.51
5897.33
-46982.2
2617.14
-692.478
-1031.31
-1345.56
-1706.27
-2160.36
-2819.92
-3353.42
-4267.8
-4987.11
-8319.69
-7295.22
-19788.8
-23365.8
-91122.2
-54921.4
-1181.84
-1763.64
-2149.15
-2662.84
-3514.39
-4772.18
-6095.11
-8551.8
-11518.7
-15466.5
-16994.4
-23960.5
-24732.8
-47658.9
-8725.42
-793.936
-1315.01
-1553.53
-1861.9
-2568.89
-3498.16
-4315.14
-5961.66
-7616.62
-10355.7
-12465.5
-17493
-16384
-25392.2
-1388.79
-2171.84
-2835.73
-2507.74
-3421.51
-5334.49
-7629.55
-9850.37
-14214.7
-17085.7
-19404.1
-21061.4
-24168.5
-21205.9
-26214.7
-907.098
-631.404
-1951.77
-2621.74
-2996.3
-3797.29
-4515.52
-3608.56
-4400.59
-5406.5
-6022.91
-7190.94
-12377.4
-13290.5
-18436.5
8551.46
-5664.22
-6619
-3790.19
-6468.77
-11770.7
-13096.4
-13446.4
-23472.2
-27821.4
-28820.9
-30515.3
-29689
-30006.1
-11167.8
-4721.92
-812.942
-2514.05
1589.87
2094.15
-7398.2
-5751.18
-2416.41
646.487
2308.88
3945.21
505.226
1407.44
-1236.97
21341.9
28440
-17799.3
-22167
-28633
-34162.7
-27524.2
-27269.8
-26736.6
-26470
-35530.6
-41624.5
-41003.8
-45833.2
-49032.2
-64776.3
-38587.2
-1912.82
-2612.23
-3229.66
-4066.7
-5049.93
-6376.8
-7888.12
-10100.8
-12371
-16074.6
-20109.7
-23026.1
-40905.8
-34608.4
-114016
-739.563
-889.226
-975.605
-1216.13
-1481.39
-1898.04
-2306.98
-3019.42
-3577.5
-4835.72
-6093.36
-9182.02
-9840.51
-17766.2
-11224.4
-458.151
-598.37
-729.52
-964.74
-1207.83
-1571.37
-1917.61
-2549.09
-2961.84
-4331.98
-4757.08
-8924.97
-9061.12
-24544
-6485.46
-698.473
-929.586
-1162.29
-1504.95
-1880.68
-2428.01
-2939.69
-3845.83
-4268.87
-5831.86
-5352.39
-9112.44
-5128.27
-18934.8
-9042.17
-738.28
-984.323
-1235.74
-1593.26
-1987.14
-2556.33
-3032.88
-3894.52
-3961.63
-5373.33
-3973.98
-9229.28
-4249.46
-36215.1
593.745
-655.941
-908.66
-1179.08
-1542.95
-1944.85
-2513.77
-2962.83
-3808.81
-3767.72
-5266.79
-3184.62
-7218.06
5957.61
-14936.3
41052
-874.63
-1246.66
-1611.65
-2051.09
-2571.23
-3295.38
-3881.87
-4805.84
-4336.96
-5566.09
-1541.24
-6467.64
4143.46
-41464.4
-2135.23
-688.003
-1031.09
-1369.05
-1743.87
-2212.5
-2866.52
-3372.62
-4349.09
-4811.54
-8255.28
-7917.85
-21804.6
-21552.8
-87764.7
-59165.7
-1216.29
-1834.93
-2262.04
-2763.68
-3604.12
-4810.13
-6173.06
-8451.93
-10221.2
-13784.3
-15759.5
-24264.4
-25063
-49400.1
-15688.7
-807.965
-1347.04
-1731.77
-2031.16
-2707.46
-3522.26
-4178.94
-5550.5
-6489.31
-8710.94
-11143.3
-17086.6
-17071.5
-29160.8
-1047.03
-2266.94
-3140.06
-3031.17
-3598.79
-5281.25
-7244.83
-10064.7
-14577.5
-16757.4
-18506.4
-19890.8
-23783.5
-21444.9
-27706.8
1881.67
-685.069
-2035.71
-2970.65
-2792.93
-3653.64
-4146.17
-3543.99
-4035.04
-4505.76
-4184.02
-5025.51
-10766
-12163.7
-16580.6
10375.5
-6382.5
-6990.43
-2762.96
-2811.2
-6996.01
-10076.9
-15851.6
-28014.6
-28195.4
-27860.5
-29754.3
-28826.3
-27484.6
-10177.9
5324.31
-689.721
-2745.04
1257.51
5956.96
-4669.76
-4638.33
-2447.79
1565.77
5407.96
6938.6
1752.15
2697.11
-398.324
23611.8
35214.3
-16700.8
-21536.7
-32040.7
-40709.8
-41208.4
-41145.4
-30419.4
-29911.7
-43115.5
-47787.9
-43622.5
-48443.1
-59021.5
-76547.7
-65671.1
)
;

boundaryField
{
    outletsourceFace
    {
        type            zeroGradient;
    }
    outletdestinationFace
    {
        type            zeroGradient;
    }
    outletFace
    {
        type            zeroGradient;
    }
    outletWall
    {
        type            fixedValue;
        value           uniform 0;
    }
    inletFace
    {
        type            zeroGradient;
    }
    inletWall
    {
        type            fixedValue;
        value           uniform 5;
    }
    inletsourceFace
    {
        type            zeroGradient;
    }
    inletdestinationFace
    {
        type            zeroGradient;
    }
}


// ************************************************************************* //
