/*--------------------------------*- C++ -*----------------------------------*\
| =========                 |                                                 |
| \\      /  F ield         | OpenFOAM: The Open Source CFD Toolbox           |
|  \\    /   O peration     | Version:  4.1                                   |
|   \\  /    A nd           | Web:      www.OpenFOAM.org                      |
|    \\/     M anipulation  |                                                 |
\*---------------------------------------------------------------------------*/
FoamFile
{
    version     2.0;
    format      ascii;
    class       volScalarField;
    location    "5";
    object      p;
}
// * * * * * * * * * * * * * * * * * * * * * * * * * * * * * * * * * * * * * //

dimensions      [0 2 -2 0 0 0 0];

internalField   nonuniform List<scalar> 
6750
(
-575.729
-363.921
-554.402
-531.436
-506.426
-474.082
-427.917
-379.697
-335.28
-284.341
-249.342
-239.067
-272.582
-251.914
-320.415
-574.616
-366.625
-554.609
-531.649
-506.426
-473.975
-427.562
-379.377
-335.89
-285.82
-250.188
-239.499
-272.451
-244.98
-320.367
-574.154
-368.113
-554.602
-531.74
-506.17
-473.646
-427.188
-379.116
-336.197
-287.271
-250.929
-241.679
-270.669
-240.836
-321.968
-573.374
-370.408
-554.678
-531.869
-506.087
-473.481
-426.941
-378.984
-336.891
-289.319
-252.634
-244.011
-267.931
-238.122
-320.213
-572.818
-372.076
-554.659
-531.881
-505.784
-473.162
-426.609
-378.832
-337.257
-291.011
-254.681
-245.999
-264.624
-236.116
-318.912
-572.142
-373.708
-554.664
-531.879
-505.62
-472.972
-426.466
-378.797
-337.688
-292.714
-257.116
-247.451
-261.885
-235.546
-317.481
-571.571
-374.973
-554.547
-531.644
-505.489
-472.94
-426.364
-378.862
-337.819
-293.856
-259.452
-248.245
-258.809
-234.793
-317.071
-571.324
-375.659
-554.402
-531.513
-505.542
-473.035
-426.471
-378.951
-337.924
-294.505
-260.879
-248.517
-257.995
-234.233
-317.205
-571.575
-374.925
-554.547
-531.642
-505.489
-472.94
-426.367
-378.866
-337.834
-293.913
-259.54
-248.269
-258.797
-234.873
-316.995
-572.141
-373.633
-554.662
-531.872
-505.614
-472.968
-426.469
-378.813
-337.729
-292.812
-257.278
-247.518
-261.891
-235.681
-317.389
-572.813
-371.977
-554.656
-531.87
-505.774
-473.155
-426.612
-378.854
-337.316
-291.149
-254.896
-246.167
-264.644
-236.295
-318.817
-573.364
-370.294
-554.673
-531.854
-506.071
-473.471
-426.945
-379.015
-336.966
-289.489
-252.872
-244.247
-267.968
-238.345
-320.128
-574.14
-367.988
-554.595
-531.723
-506.15
-473.632
-427.189
-379.15
-336.277
-287.461
-251.19
-241.967
-270.704
-241.072
-321.922
-574.601
-366.492
-554.601
-531.631
-506.401
-473.959
-427.565
-379.417
-335.978
-286.028
-250.464
-239.82
-272.495
-245.205
-320.331
-575.712
-363.782
-554.393
-531.415
-506.395
-474.059
-427.915
-379.732
-335.356
-284.559
-249.627
-239.412
-272.604
-252.063
-320.574
-799.971
-257.958
-455.24
-497.661
-456.567
-418.927
-372.532
-328.342
-298.003
-286.516
-305.765
-293.084
-307.256
-257.736
-475.218
-799.337
-258.885
-456.733
-498.401
-457.172
-419.247
-372.386
-328.03
-298.499
-287.239
-307.163
-294.75
-313.72
-260.322
-456.969
-799.172
-259.316
-457.289
-498.516
-457.13
-419.1
-372.2
-328.021
-298.707
-288.233
-309.141
-296.642
-315.086
-260.723
-448.408
-798.717
-260.141
-458.334
-498.98
-457.508
-419.314
-372.202
-327.952
-299.052
-289.473
-312.595
-299.131
-314.942
-261.646
-441.201
-798.399
-260.743
-458.913
-499.032
-457.445
-419.168
-372.015
-327.96
-299.268
-290.509
-315.742
-301.573
-314.271
-261.429
-437.283
-797.9
-261.41
-459.5
-499.164
-457.479
-419.134
-371.951
-327.998
-299.582
-291.53
-318.344
-303.526
-313.363
-261.603
-435.008
-797.323
-262.184
-459.574
-498.903
-457.425
-419.191
-371.766
-328.084
-299.713
-292.178
-320.386
-305.143
-312.761
-261.882
-433.768
-797.008
-262.672
-459.645
-498.813
-457.515
-419.332
-371.753
-328.062
-299.807
-292.625
-321.743
-306.793
-312.711
-262.169
-433.536
-797.306
-262.167
-459.555
-498.89
-457.41
-419.173
-371.75
-328.076
-299.712
-292.235
-320.463
-305.211
-312.785
-261.916
-433.754
-797.865
-261.379
-459.466
-499.138
-457.447
-419.097
-371.916
-327.979
-299.586
-291.632
-318.51
-303.658
-313.407
-261.657
-435.027
-798.351
-260.697
-458.864
-498.993
-457.396
-419.114
-371.965
-327.928
-299.272
-290.646
-315.999
-301.78
-314.331
-261.492
-437.324
-798.658
-260.084
-458.272
-498.928
-457.443
-419.246
-372.138
-327.911
-299.059
-289.648
-312.914
-299.386
-314.995
-261.717
-441.29
-799.104
-259.248
-457.216
-498.452
-457.049
-419.014
-372.117
-327.965
-298.701
-288.431
-309.509
-296.938
-315.125
-260.779
-448.556
-799.264
-258.809
-456.652
-498.329
-457.081
-419.15
-372.294
-327.97
-298.486
-287.456
-307.565
-295.069
-313.744
-260.367
-457.165
-799.893
-257.874
-455.148
-497.578
-456.458
-418.811
-372.419
-328.267
-297.965
-286.739
-306.168
-293.411
-307.259
-257.679
-475.52
-824.45
-235.189
-251.003
-372.08
-337.31
-299.872
-267.418
-241.134
-238.509
-287.261
-357.15
-353.377
-295.302
-151.892
-789.132
-824.525
-234.27
-251.533
-372.779
-337.992
-300.495
-267.777
-241.42
-238.56
-287.355
-358.051
-359.57
-301.341
-170.414
-779.011
-824.585
-233.799
-251.804
-372.966
-338.14
-300.684
-267.973
-241.811
-237.994
-286.994
-357.724
-361.486
-303.378
-179.446
-775.328
-824.659
-233.099
-252.191
-373.444
-338.619
-301.184
-268.315
-242.03
-237.518
-286.533
-357.621
-362.804
-308.315
-186.268
-767.195
-824.737
-232.576
-252.518
-373.72
-338.848
-301.453
-268.453
-242.296
-236.922
-285.705
-357.005
-362.785
-311.261
-190.074
-761.55
-824.808
-232.007
-252.893
-374.026
-339.12
-301.761
-268.649
-242.659
-236.579
-285.036
-356.657
-362.154
-312.723
-191.212
-756.023
-824.891
-231.612
-253.325
-374.364
-339.364
-301.926
-268.667
-243.167
-236.276
-284.112
-356.387
-361.085
-313.209
-192.379
-752.707
-824.907
-231.508
-253.533
-374.559
-339.527
-301.998
-268.566
-243.264
-236.208
-283.659
-356.111
-360.283
-313.371
-193.088
-751.825
-824.846
-231.647
-253.3
-374.339
-339.335
-301.897
-268.638
-243.149
-236.251
-284.113
-356.403
-361.053
-313.144
-192.332
-752.35
-824.754
-232.029
-252.855
-373.983
-339.071
-301.706
-268.59
-242.596
-236.516
-285.031
-356.648
-362.103
-312.637
-191.106
-755.628
-824.667
-232.588
-252.469
-373.658
-338.776
-301.37
-268.361
-242.199
-236.822
-285.693
-356.989
-362.729
-311.168
-189.895
-761.082
-824.579
-233.101
-252.133
-373.366
-338.528
-301.077
-268.195
-241.897
-237.393
-286.531
-357.601
-362.751
-308.224
-186.041
-766.706
-824.495
-233.789
-251.735
-372.871
-338.026
-300.55
-267.82
-241.642
-237.843
-286.999
-357.709
-361.439
-303.274
-179.154
-774.798
-824.427
-234.252
-251.459
-372.672
-337.865
-300.345
-267.607
-241.232
-238.396
-287.37
-358.05
-359.536
-301.24
-170.082
-778.44
-824.345
-235.16
-250.92
-371.959
-337.164
-299.699
-267.221
-240.923
-238.32
-287.268
-357.148
-353.32
-295.19
-151.471
-788.522
-824.48
-286.072
-188.353
-308.086
-267.031
-222.405
-185.791
-152.958
-152.796
-209.682
-288.025
-326.964
-267.377
-21.3373
-934.186
-824.431
-285.793
-188.365
-308.379
-267.46
-223.018
-186.375
-153.538
-152.601
-209.587
-289.983
-331.165
-275.665
-22.0371
-932.021
-824.43
-285.7
-188.494
-308.593
-267.717
-223.373
-186.851
-153.816
-151.671
-208.529
-288.292
-330.583
-278.676
-23.5493
-932.492
-824.4
-285.488
-188.549
-308.856
-268.085
-223.896
-187.334
-154.001
-150.736
-207.655
-287.153
-331.98
-283.362
-25.3574
-930.519
-824.383
-285.382
-188.671
-309.109
-268.377
-224.342
-187.723
-154.352
-149.749
-206.532
-285.44
-332.315
-285.542
-28.5074
-929.041
-824.353
-285.236
-188.727
-309.312
-268.638
-224.767
-188.14
-154.984
-148.842
-205.691
-284.252
-332.681
-286.441
-30.7033
-926.392
-824.338
-285.15
-188.795
-309.473
-268.832
-225.109
-188.445
-156.005
-147.941
-204.933
-282.742
-331.881
-286.372
-33.0228
-924.899
-824.316
-285.107
-188.806
-309.509
-268.874
-225.17
-188.37
-156.406
-147.643
-204.688
-281.64
-330.868
-285.903
-34.1531
-923.97
-824.33
-285.128
-188.782
-309.448
-268.809
-225.078
-188.417
-155.99
-147.875
-204.865
-282.67
-331.851
-286.195
-33.5951
-923.756
-824.336
-285.195
-188.699
-309.265
-268.59
-224.703
-188.074
-154.89
-148.734
-205.579
-284.119
-332.607
-286.122
-31.232
-925.086
-824.353
-285.324
-188.629
-309.04
-268.301
-224.24
-187.61
-154.197
-149.606
-206.372
-285.249
-332.214
-285.142
-28.9097
-927.418
-824.357
-285.416
-188.495
-308.768
-267.983
-223.758
-187.177
-153.786
-150.559
-207.475
-286.921
-331.853
-282.903
-25.6879
-928.823
-824.373
-285.614
-188.427
-308.483
-267.588
-223.2
-186.65
-153.546
-151.465
-208.332
-288.028
-330.43
-278.154
-23.8062
-930.661
-824.363
-285.701
-188.292
-308.253
-267.312
-222.821
-186.144
-153.232
-152.372
-209.388
-289.708
-330.99
-275.103
-22.2847
-930.138
-824.399
-285.97
-188.269
-307.944
-266.86
-222.181
-185.53
-152.618
-152.541
-209.478
-287.743
-326.745
-266.762
-21.5982
-932.24
-844.401
-290.208
-163.379
-272.929
-227.707
-181.137
-143.023
-104.635
-97.0433
-135.813
-194.848
-268.62
-204.189
-88.724
-1063.83
-844.385
-290.161
-163.398
-273.18
-228.07
-181.626
-143.594
-104.908
-96.3243
-134.332
-195.114
-269.461
-204.898
-81.622
-1062.33
-844.407
-290.166
-163.465
-273.387
-228.339
-181.969
-144.175
-104.813
-95.6547
-132.705
-193.909
-268.741
-205.456
-79.1225
-1061.72
-844.389
-290.145
-163.511
-273.633
-228.685
-182.426
-144.712
-104.73
-94.8389
-131.215
-193.125
-268.692
-205.712
-75.2192
-1060.29
-844.402
-290.165
-163.586
-273.872
-228.993
-182.848
-145.222
-104.843
-94.1395
-129.701
-191.889
-268.16
-206.018
-74.2491
-1059.5
-844.385
-290.153
-163.626
-274.066
-229.258
-183.248
-145.815
-105.302
-93.5553
-128.186
-190.765
-267.829
-205.915
-73.5223
-1057.72
-844.4
-290.164
-163.664
-274.23
-229.468
-183.563
-146.335
-106.251
-92.9818
-126.75
-189.562
-267.141
-205.741
-73.9736
-1056.83
-844.379
-290.149
-163.669
-274.272
-229.513
-183.621
-146.38
-106.775
-92.8225
-126.303
-188.866
-266.666
-205.463
-74.9483
-1054.89
-844.387
-290.14
-163.654
-274.207
-229.445
-183.531
-146.312
-106.227
-92.9499
-126.677
-189.482
-267.105
-205.622
-75.7034
-1054.66
-844.366
-290.104
-163.601
-274.021
-229.206
-183.178
-145.749
-105.185
-93.5018
-128.089
-190.651
-267.715
-205.495
-75.0265
-1055.67
-844.365
-290.097
-163.548
-273.804
-228.909
-182.738
-145.104
-104.666
-94.0522
-129.579
-191.737
-268.03
-205.585
-75.5712
-1056.91
-844.337
-290.063
-163.46
-273.543
-228.572
-182.277
-144.544
-104.495
-94.7213
-131.078
-192.939
-268.482
-205.146
-76.3982
-1057.68
-844.337
-290.069
-163.401
-273.272
-228.2
-181.784
-143.961
-104.531
-95.5079
-132.555
-193.702
-268.5
-204.808
-80.1202
-1058.86
-844.3
-290.059
-163.327
-273.049
-227.913
-181.415
-143.347
-104.596
-96.1544
-134.173
-194.887
-269.182
-204.198
-82.5596
-1059.38
-844.3
-290.093
-163.297
-272.78
-227.531
-180.902
-142.749
-104.292
-96.8482
-135.64
-194.61
-268.307
-203.421
-89.5315
-1060.74
-880.493
-286.754
-155.17
-260.276
-214.796
-172.168
-135.738
-99.4437
-88.9669
-114.42
-166.034
-268.223
-222.675
-145.684
-1249.32
-880.504
-286.74
-155.223
-260.523
-215.185
-172.697
-136.431
-99.6616
-88.3771
-112.23
-164.714
-267.736
-221.674
-142.739
-1247
-880.545
-286.757
-155.291
-260.725
-215.478
-173.075
-137.13
-99.4707
-87.9401
-110.831
-163.83
-267.322
-221.427
-142.424
-1246.32
-880.55
-286.757
-155.35
-260.969
-215.86
-173.57
-137.8
-99.334
-87.2864
-109.282
-162.702
-266.837
-220.502
-140.301
-1244.28
-880.582
-286.799
-155.419
-261.191
-216.195
-174.012
-138.44
-99.372
-86.8652
-107.989
-161.649
-266.32
-220.208
-140.074
-1243.7
-880.561
-286.808
-155.469
-261.367
-216.489
-174.437
-139.203
-99.733
-86.7059
-106.466
-160.454
-266.031
-219.989
-139.692
-1240.93
-880.582
-286.833
-155.51
-261.5
-216.71
-174.761
-139.876
-100.473
-86.5397
-104.98
-159.292
-265.416
-219.42
-140.685
-1240.36
-880.556
-286.813
-155.515
-261.53
-216.754
-174.827
-140.004
-100.946
-86.5754
-104.53
-158.651
-265.299
-219.628
-142.363
-1236.58
-880.557
-286.812
-155.5
-261.484
-216.678
-174.729
-139.859
-100.448
-86.5319
-104.915
-159.241
-265.454
-219.62
-143.171
-1236.58
-880.524
-286.766
-155.444
-261.328
-216.424
-174.365
-139.138
-99.6152
-86.6651
-106.392
-160.384
-265.906
-219.406
-141.585
-1237.99
-880.514
-286.739
-155.383
-261.128
-216.096
-173.898
-138.321
-99.2002
-86.7851
-107.903
-161.572
-266.268
-219.711
-141.702
-1239.85
-880.472
-286.679
-155.297
-260.881
-215.728
-173.415
-137.628
-99.1113
-87.1697
-109.185
-162.576
-266.62
-219.67
-141.719
-1240.61
-880.455
-286.649
-155.222
-260.613
-215.318
-172.882
-136.907
-99.2083
-87.7913
-110.728
-163.695
-267.089
-220.476
-143.589
-1242.22
-880.407
-286.614
-155.152
-260.394
-215.007
-172.477
-136.172
-99.3718
-88.2025
-112.119
-164.546
-267.428
-220.617
-143.852
-1242.8
-880.381
-286.606
-155.096
-260.13
-214.6
-171.925
-135.452
-99.1238
-88.7647
-114.293
-165.843
-267.859
-221.512
-146.617
-1244.9
-925.4
-285.54
-153.649
-260.358
-213.81
-178.097
-150.11
-120.03
-112.698
-140.889
-190.152
-292.861
-272.906
-144.351
-1470.9
-925.444
-285.563
-153.719
-260.61
-214.234
-178.72
-150.975
-120.635
-112.414
-138.564
-188.847
-292.614
-272.508
-144.493
-1466.63
-925.503
-285.608
-153.786
-260.806
-214.534
-179.107
-151.686
-120.566
-112.164
-137.329
-188.283
-292.272
-271.333
-145.67
-1466.05
-925.525
-285.651
-153.86
-261.056
-214.942
-179.66
-152.473
-120.716
-111.711
-135.733
-187.231
-292.022
-270.367
-145.244
-1462.86
-925.572
-285.735
-153.933
-261.275
-215.29
-180.108
-153.12
-120.93
-111.43
-134.628
-186.327
-291.206
-269.184
-146.328
-1463.89
-925.568
-285.766
-153.994
-261.451
-215.602
-180.565
-153.904
-121.553
-111.55
-133.295
-185.259
-291.362
-269.87
-146.911
-1458.56
-925.613
-285.809
-154.04
-261.58
-215.831
-180.898
-154.515
-122.498
-111.335
-131.864
-184.039
-290.276
-268.474
-149.42
-1459.36
-925.585
-285.784
-154.043
-261.604
-215.877
-180.982
-154.648
-123.104
-111.375
-131.391
-183.414
-290.828
-270.809
-152.208
-1450.03
-925.597
-285.77
-154.022
-261.556
-215.788
-180.86
-154.487
-122.482
-111.327
-131.805
-183.974
-290.419
-269.24
-152.928
-1452.3
-925.553
-285.69
-153.958
-261.396
-215.518
-180.481
-153.82
-121.432
-111.48
-133.181
-185.074
-291.076
-268.78
-149.336
-1454.36
-925.528
-285.633
-153.887
-261.192
-215.169
-179.979
-152.981
-120.746
-111.307
-134.495
-186.137
-291.147
-268.455
-148.359
-1457.57
-925.46
-285.538
-153.794
-260.944
-214.783
-179.481
-152.271
-120.464
-111.526
-135.548
-186.902
-291.587
-268.865
-147.011
-1457.27
-925.408
-285.474
-153.702
-260.669
-214.342
-178.886
-151.43
-120.265
-111.933
-137.119
-187.933
-291.869
-269.649
-146.964
-1459.45
-925.328
-285.42
-153.63
-260.453
-214.019
-178.469
-150.682
-120.298
-112.146
-138.323
-188.419
-292.069
-270.625
-145.809
-1459.77
-925.26
-285.373
-153.549
-260.183
-213.573
-177.82
-149.785
-119.655
-112.39
-140.616
-189.684
-292.266
-270.884
-145.293
-1463.43
-981.535
-289.759
-158.996
-272.24
-224.643
-196.303
-178.064
-157.282
-158.192
-186.096
-236.117
-316.712
-334.211
-111.523
-1819.56
-981.586
-289.802
-159.066
-272.502
-225.086
-197.044
-179.098
-158.412
-158.497
-184.489
-235.794
-318.338
-337.83
-114.525
-1800.36
-981.653
-289.863
-159.127
-272.698
-225.385
-197.439
-179.796
-158.424
-158.352
-183.473
-235.539
-318.214
-335.109
-118.251
-1798.48
-981.678
-289.921
-159.198
-272.951
-225.801
-198.062
-180.712
-158.939
-158.347
-182.282
-235.242
-319.289
-335.261
-118.007
-1789.51
-981.734
-290.023
-159.266
-273.168
-226.144
-198.511
-181.339
-159.238
-158.214
-181.442
-234.617
-318.55
-334.878
-122.549
-1787.06
-981.729
-290.056
-159.321
-273.338
-226.449
-198.997
-182.139
-160.136
-158.713
-180.577
-234.133
-319.962
-337.966
-126.481
-1770.33
-981.78
-290.111
-159.364
-273.462
-226.664
-199.318
-182.619
-161.196
-158.446
-179.479
-232.871
-318.529
-334.845
-132.095
-1770.47
-981.747
-290.079
-159.36
-273.478
-226.699
-199.41
-182.759
-161.873
-158.683
-179.314
-232.524
-319.861
-340.338
-136.771
-1752.27
-981.766
-290.063
-159.34
-273.43
-226.609
-199.269
-182.574
-161.162
-158.421
-179.43
-232.841
-318.769
-336.448
-136.987
-1759.36
-981.709
-289.968
-159.28
-273.27
-226.346
-198.893
-182.021
-159.982
-158.576
-180.387
-233.79
-319.61
-336.064
-129.751
-1764.98
-981.681
-289.901
-159.213
-273.068
-225.995
-198.353
-181.155
-159.003
-158.001
-181.213
-234.269
-318.554
-334.155
-125.691
-1777.41
-981.602
-289.788
-159.124
-272.82
-225.61
-197.845
-180.451
-158.609
-158.031
-181.945
-234.634
-318.697
-333.25
-120.618
-1781.76
-981.543
-289.707
-159.032
-272.538
-225.156
-197.173
-179.472
-158.029
-157.963
-183.069
-234.841
-317.607
-332.573
-120.002
-1790.11
-981.453
-289.641
-158.965
-272.322
-224.831
-196.743
-178.729
-157.968
-158.044
-184.014
-234.947
-317.521
-334.889
-116.294
-1791.81
-981.376
-289.572
-158.879
-272.039
-224.36
-195.97
-177.654
-156.787
-157.678
-185.549
-235.165
-315.749
-330.983
-113.047
-1810.29
-1051.51
-299.996
-170.095
-294.477
-246.797
-225.395
-217.258
-203.227
-215.746
-240.505
-302.384
-351.208
-438.934
-73.1535
-2197.05
-1051.57
-300.047
-170.167
-294.748
-247.241
-226.242
-218.385
-204.918
-216.614
-239.409
-302.561
-351.617
-438
-71.4241
-2185.75
-1051.64
-300.116
-170.227
-294.948
-247.535
-226.659
-219.05
-205.136
-216.374
-238.392
-302.071
-350.855
-431.102
-73.6916
-2193.22
-1051.66
-300.175
-170.295
-295.204
-247.946
-227.355
-220.074
-206.112
-216.783
-237.555
-302.44
-351.664
-433.762
-73.5589
-2179.9
-1051.73
-300.288
-170.361
-295.423
-248.278
-227.806
-220.654
-206.526
-216.579
-236.75
-301.699
-349.567
-432.759
-81.7041
-2184.3
-1051.72
-300.316
-170.412
-295.584
-248.565
-228.314
-221.473
-207.666
-217.502
-236.464
-301.571
-352.148
-440.165
-86.5801
-2152.69
-1051.78
-300.375
-170.45
-295.704
-248.758
-228.603
-221.811
-208.575
-217.425
-235.278
-299.057
-348.05
-425.894
-92.984
-2174.41
-1051.73
-300.34
-170.442
-295.712
-248.776
-228.69
-221.992
-209.244
-218.256
-235.456
-299.737
-350.093
-447.926
-103.412
-2121.61
-1051.74
-300.332
-170.421
-295.663
-248.683
-228.532
-221.732
-208.5
-217.361
-235.235
-299.093
-348.404
-428.656
-99.0424
-2157.36
-1051.68
-300.222
-170.356
-295.494
-248.427
-228.17
-221.287
-207.434
-217.199
-236.101
-300.705
-351.277
-435.525
-90.2964
-2147.7
-1051.65
-300.148
-170.288
-295.29
-248.081
-227.594
-220.38
-206.191
-216.154
-236.323
-300.939
-349.477
-431.92
-86.5126
-2166.61
-1051.56
-300.017
-170.196
-295.035
-247.696
-227.066
-219.696
-205.639
-216.185
-236.917
-301.186
-350.513
-430.459
-78.5381
-2165.56
-1051.5
-299.924
-170.101
-294.743
-247.237
-226.309
-218.589
-204.572
-215.67
-237.658
-300.712
-349.923
-427.515
-76.9697
-2175.58
-1051.4
-299.845
-170.032
-294.519
-246.912
-225.849
-217.867
-204.285
-215.81
-238.564
-300.948
-350.386
-433.459
-75.1482
-2167.75
-1051.32
-299.763
-169.94
-294.222
-246.433
-224.962
-216.686
-202.529
-214.859
-239.576
-300.654
-350.01
-434.359
-75.9862
-2175.95
-1134.5
-317.586
-185.775
-325.252
-278.697
-263.459
-266.254
-255.568
-282.63
-294.852
-377.32
-367.956
-533.662
50.2072
-2933.68
-1134.55
-317.632
-185.844
-325.523
-279.131
-264.374
-267.461
-257.811
-284.571
-295.837
-382.217
-373.932
-568.944
16.6746
-2829.64
-1134.63
-317.705
-185.906
-325.73
-279.423
-264.832
-268.126
-258.332
-284.472
-295.374
-382.489
-374.673
-551.207
13.8052
-2851.59
-1134.66
-317.755
-185.969
-325.981
-279.825
-265.594
-269.295
-259.895
-285.843
-296.078
-386.824
-378.415
-572.403
3.15833
-2808.42
-1134.73
-317.874
-186.036
-326.203
-280.15
-266.059
-269.857
-260.454
-285.804
-295.674
-387.433
-377.624
-587.375
-36.9367
-2757.62
-1134.71
-317.89
-186.079
-326.353
-280.419
-266.582
-270.741
-261.797
-287.486
-296.459
-388.542
-382.894
-590.84
-52.7668
-2694.54
-1134.78
-317.952
-186.114
-326.473
-280.595
-266.832
-270.973
-262.444
-287.642
-295.153
-384.425
-379.303
-560.096
-57.1237
-2736.85
-1134.72
-317.914
-186.105
-326.47
-280.594
-266.907
-271.225
-263.126
-289.249
-295.997
-388.561
-379.349
-582.471
-58.5969
-2690.33
-1134.73
-317.92
-186.09
-326.425
-280.5
-266.734
-270.851
-262.317
-287.526
-295.094
-384.623
-379.483
-563.372
-64.9673
-2714.85
-1134.66
-317.807
-186.019
-326.249
-280.246
-266.393
-270.471
-261.467
-286.985
-295.95
-387.221
-382.388
-582.686
-55.8096
-2692.85
-1134.63
-317.74
-185.955
-326.048
-279.905
-265.786
-269.47
-259.992
-285.132
-295.027
-386.222
-377.271
-585.747
-44.4919
-2736.03
-1134.54
-317.602
-185.863
-325.786
-279.519
-265.23
-268.773
-259.263
-284.929
-295.128
-385.232
-376.68
-569.922
-6.01535
-2787.14
-1134.48
-317.51
-185.77
-325.493
-279.059
-264.392
-267.495
-257.578
-283.382
-294.25
-380.459
-372.826
-545.474
8.64493
-2833.94
-1134.38
-317.425
-185.702
-325.261
-278.729
-263.882
-266.757
-256.964
-283.332
-294.55
-379.803
-371.848
-562.098
12.7337
-2812.51
-1134.31
-317.344
-185.611
-324.961
-278.253
-262.919
-265.477
-254.635
-281.245
-293.372
-374.411
-365.319
-524.79
47.6531
-2915.43
-1228.24
-344.384
-206.151
-365.086
-321.876
-312.341
-328.927
-318.671
-368.623
-362.171
-497.865
-417.73
-763.88
30.8617
-3556.72
-1228.28
-344.408
-206.212
-365.333
-322.276
-313.224
-330.192
-321.155
-371.944
-363.999
-507.314
-418.469
-771.583
46.9802
-3503.67
-1228.35
-344.468
-206.271
-365.533
-322.554
-313.692
-330.834
-321.754
-371.909
-363.176
-507.4
-416.709
-767.173
44.5283
-3555.77
-1228.37
-344.493
-206.316
-365.756
-322.918
-314.446
-332.1
-323.685
-374.328
-364.16
-516.801
-416.275
-847.714
10.9898
-3405.17
-1228.43
-344.599
-206.374
-365.967
-323.217
-314.882
-332.576
-324.129
-373.992
-362.727
-514.82
-411.796
-821.611
-5.08571
-3418.46
-1228.41
-344.593
-206.395
-366.087
-323.439
-315.364
-333.462
-325.483
-375.944
-363.576
-515.469
-417.016
-808.471
12.7093
-3421
-1228.47
-344.648
-206.42
-366.197
-323.584
-315.546
-333.527
-325.712
-375.423
-361.149
-504.829
-405.232
-725.686
14.7764
-3571.92
-1228.41
-344.589
-206.394
-366.171
-323.549
-315.582
-333.822
-326.377
-377.804
-362.205
-518.619
-394.468
-898.482
-75.6747
-3290.34
-1228.42
-344.588
-206.377
-366.127
-323.453
-315.405
-333.33
-325.502
-375.19
-361.059
-505.697
-406.464
-732.288
8.03733
-3537.32
-1228.33
-344.468
-206.297
-365.942
-323.2
-315.098
-333.045
-324.98
-375.022
-362.64
-512.352
-414.216
-791.951
9.38104
-3429.35
-1228.3
-344.403
-206.233
-365.748
-322.873
-314.5
-331.988
-323.441
-372.804
-361.594
-511.79
-409.936
-810.671
-16.8058
-3394.34
-1228.21
-344.259
-206.138
-365.485
-322.497
-313.95
-331.327
-322.775
-372.768
-362.603
-513.308
-412.98
-839.268
-7.26387
-3363.54
-1228.15
-344.169
-206.048
-365.202
-322.05
-313.092
-329.91
-320.686
-370.137
-361.482
-504.115
-414.07
-763.269
27.1578
-3493.16
-1228.05
-344.08
-205.979
-364.968
-321.721
-312.557
-329.166
-319.978
-369.977
-362.154
-503.45
-415.797
-763.563
30.6976
-3446.02
-1227.98
-344.002
-205.891
-364.681
-321.266
-311.608
-327.802
-317.397
-366.485
-360.215
-493.841
-415.9
-757.045
15.1251
-3484.41
-1330.29
-382.599
-230.179
-412.095
-373.701
-367.744
-400.204
-385.007
-463.412
-421.543
-623.547
-421.037
-876.451
287.24
-4718.91
-1330.33
-382.62
-230.235
-412.313
-374.061
-368.554
-401.603
-387.648
-469.023
-424.703
-647.544
-425.727
-949.327
268.719
-4706.53
-1330.4
-382.68
-230.294
-412.507
-374.321
-369.032
-402.234
-388.302
-469.204
-424.222
-651.363
-423.785
-984.186
157.561
-4787.08
-1330.43
-382.692
-230.329
-412.703
-374.64
-369.754
-403.628
-390.618
-473.525
-426.322
-680.512
-421.897
-1263.33
26.3165
-4295.82
-1330.5
-382.798
-230.388
-412.91
-374.91
-370.17
-403.994
-391.013
-472.613
-424.679
-673.566
-421.216
-1208.22
15.4894
-4358.63
-1330.48
-382.791
-230.394
-413.003
-375.08
-370.602
-404.87
-392.406
-474.851
-425.724
-672.044
-433.919
-1091.94
85.3183
-4583.52
-1330.54
-382.866
-230.425
-413.114
-375.197
-370.731
-404.732
-392.321
-473.028
-423.26
-649.5
-424.066
-918.827
98.3224
-4796.8
-1330.48
-382.82
-230.394
-413.07
-375.13
-370.719
-405.067
-392.915
-476.525
-423.642
-680.047
-396.441
-1206.93
-160.796
-4294.97
-1330.49
-382.834
-230.389
-413.039
-375.041
-370.547
-404.444
-391.978
-472.558
-422.655
-649.853
-424.404
-913.688
98.7951
-4776.01
-1330.42
-382.726
-230.316
-412.855
-374.795
-370.258
-404.278
-391.657
-473.418
-423.882
-666.784
-425.556
-1072.83
84.1387
-4600.31
-1330.4
-382.686
-230.27
-412.68
-374.494
-369.68
-403.166
-390.007
-470.735
-422.483
-666.216
-417.088
-1136.73
20.7978
-4435.21
-1330.32
-382.56
-230.185
-412.427
-374.139
-369.137
-402.575
-389.34
-471.288
-423.487
-676.1
-411.698
-1254.19
6.317
-4278
-1330.28
-382.492
-230.113
-412.173
-373.726
-368.292
-400.986
-386.833
-466.631
-421.361
-645.837
-417.993
-961.261
143.817
-4755.49
-1330.19
-382.411
-230.051
-411.947
-373.409
-367.736
-400.225
-386.061
-466.216
-421.721
-642.148
-419.295
-941.013
245.667
-4667.68
-1330.14
-382.352
-229.982
-411.692
-372.991
-366.849
-398.699
-383.312
-460.283
-418.481
-616.393
-414.831
-854.483
275.655
-4666.04
-1433.02
-435.193
-261.11
-469.485
-442.24
-439.277
-494.963
-470.82
-594.755
-501.949
-833.049
-460.089
-1208.14
256.404
-7035.84
-1433
-435.199
-261.119
-469.631
-442.476
-439.871
-496.388
-473.176
-603.969
-506.405
-895.714
-464.286
-1661.92
5.98048
-6190.03
-1433.02
-435.252
-261.141
-469.788
-442.639
-440.254
-496.684
-473.477
-602.229
-504.916
-881.039
-473.484
-1446.7
121.07
-6222.18
-1433.01
-435.233
-261.126
-469.912
-442.801
-440.773
-497.835
-475.471
-607.117
-505.613
-916.885
-462.69
-1750
-38.7932
-5599.79
-1433.04
-435.292
-261.143
-470.078
-442.938
-441.049
-497.632
-475.289
-602.781
-502.015
-885.349
-458.807
-1600.51
-6.32165
-5921.78
-1433.01
-435.228
-261.088
-470.106
-442.959
-441.302
-498.175
-476.282
-604.343
-501.832
-881.812
-468.806
-1443.12
142.64
-6159.29
-1433.04
-435.246
-261.085
-470.191
-442.983
-441.322
-497.549
-475.621
-599.097
-497.411
-832.134
-446.867
-1164.94
193.624
-6421.02
-1432.97
-435.148
-261.013
-470.106
-442.85
-441.225
-497.871
-476.102
-603.932
-498.087
-879.569
-422.366
-1529.94
-315.35
-5601.03
-1432.97
-435.119
-260.991
-470.074
-442.766
-441.081
-497.158
-475.222
-598.536
-497.194
-833.666
-447.993
-1144.65
206.715
-6437.75
-1432.89
-434.977
-260.903
-469.884
-442.558
-440.854
-497.374
-475.388
-602.487
-499.9
-873.956
-460.886
-1407.54
161.623
-6176.26
-1432.85
-434.91
-260.86
-469.733
-442.339
-440.394
-496.494
-474.093
-600.377
-499.989
-875.886
-455.787
-1508.26
6.68322
-6034.43
-1432.76
-434.775
-260.778
-469.497
-442.078
-439.966
-496.412
-473.971
-604.279
-503.035
-911.284
-455.513
-1743.27
-57.2253
-5556.84
-1432.7
-434.705
-260.721
-469.286
-441.783
-439.294
-495.017
-471.761
-599.132
-502.459
-877.313
-468.145
-1471.92
84.709
-6018.91
-1432.61
-434.625
-260.666
-469.081
-441.541
-438.813
-494.551
-471.332
-600.573
-503.938
-891.469
-461.219
-1683.18
-49.7246
-6023.17
-1432.55
-434.567
-260.613
-468.872
-441.22
-438.117
-492.956
-468.858
-590.984
-499.694
-827.091
-457.844
-1212.31
196.165
-6837.48
-1534.49
-503.541
-296.179
-533.08
-517.528
-512.662
-591.669
-553.865
-719.394
-578.723
-1054.5
-519.226
-2108.45
93.9905
-6894.67
-1534.51
-503.564
-296.175
-533.209
-517.629
-513.122
-592.934
-555.986
-728.755
-582.079
-1095.65
-500.494
-2195.75
-43.0981
-6448.32
-1534.59
-503.633
-296.184
-533.36
-517.68
-513.478
-592.782
-556.139
-724.388
-579.198
-1061.07
-496.663
-2004.65
224.736
-7035.45
-1534.63
-503.628
-296.15
-533.459
-517.674
-513.864
-593.532
-557.931
-728.403
-577.869
-1084.66
-485.094
-2137.5
28.1616
-7619.67
-1534.71
-503.715
-296.164
-533.62
-517.669
-514.081
-592.699
-557.38
-720.857
-573.146
-1033.1
-488.753
-1757.23
134.927
-8715.61
-1534.72
-503.707
-296.104
-533.631
-517.544
-514.2
-592.776
-557.873
-720.906
-568.518
-1023.25
-443.414
-1661.15
420.427
-8718.41
-1534.77
-503.8
-296.115
-533.726
-517.489
-514.162
-591.721
-556.861
-714.382
-565.978
-989.628
-460.222
-1473.74
299.691
-9036.66
-1534.75
-503.781
-296.056
-533.641
-517.304
-513.98
-591.838
-556.982
-718.062
-563.542
-1023.95
-418.256
-1847.4
-421.593
-7812.95
-1534.77
-503.842
-296.074
-533.639
-517.248
-513.856
-591.115
-556.153
-712.926
-564.762
-987.186
-454.937
-1491.47
324.22
-9039.09
-1534.73
-503.798
-296.029
-533.47
-517.1
-513.636
-591.573
-556.369
-717.266
-564.225
-1004.8
-425.261
-1618.51
419.078
-8848.18
-1534.74
-503.82
-296.047
-533.363
-517.001
-513.252
-591.009
-555.361
-716.529
-568.38
-1017.95
-476.002
-1683.36
232.19
-8827.27
-1534.69
-503.766
-296.016
-533.151
-516.858
-512.847
-591.441
-555.462
-723.292
-572.515
-1072.3
-474.163
-2138.2
36.7438
-7796.2
-1534.68
-503.766
-296.02
-532.989
-516.717
-512.287
-590.389
-553.355
-719.125
-573.599
-1051.94
-485.325
-1997.39
198.401
-7086.78
-1534.65
-503.723
-295.999
-532.805
-516.58
-511.822
-590.316
-553.01
-722.953
-576.383
-1083.88
-491.731
-2170.64
-70.216
-6388.16
-1534.63
-503.719
-296.008
-532.651
-516.402
-511.259
-588.877
-550.736
-713.504
-573.268
-1045.29
-512.197
-2091.55
34.4419
-6700.24
-1601.75
-608.751
-350.968
-603.586
-631.272
-621.474
-746.345
-683.281
-932.009
-704.816
-1419.88
-592.519
-3083.79
256.718
-8949
-1601.7
-608.617
-350.769
-603.637
-630.909
-621.499
-745.79
-682.736
-932.083
-696.472
-1391.77
-559.856
-2791.05
-202.722
-8537.77
-1601.66
-608.596
-350.677
-603.757
-630.55
-621.642
-743.997
-681.826
-921.695
-690.303
-1345.4
-577.402
-2690.9
-121.621
-9501.89
-1601.58
-608.447
-350.46
-603.787
-630.023
-621.624
-742.662
-681.354
-917.385
-680.59
-1340.11
-584.478
-2850.88
-748.57
-11075.3
-1601.52
-608.38
-350.335
-603.911
-629.57
-621.659
-740.181
-679.956
-903.772
-675.298
-1267.02
-576.263
-2114.4
308.255
-12487.7
-1601.42
-608.213
-350.133
-603.871
-629.046
-621.529
-738.807
-679.168
-899.002
-663.795
-1242.4
-495.636
-1996.3
745.972
-12347.2
-1601.35
-608.124
-350.053
-603.946
-628.773
-621.445
-737.347
-678.408
-894.647
-667.708
-1258.28
-488.57
-2424
431.961
-11732.4
-1601.24
-607.942
-349.915
-603.83
-628.438
-621.171
-736.855
-678.04
-894.5
-661.673
-1249.58
-464.327
-2494.5
227.715
-10268.9
-1601.15
-607.839
-349.901
-603.819
-628.43
-621.102
-736.619
-677.81
-893.411
-668.303
-1258.54
-506.324
-2469.56
453.805
-11529.9
-1601.02
-607.653
-349.839
-603.638
-628.411
-620.901
-737.399
-677.824
-895.963
-662.203
-1233.23
-494.992
-1993.05
705.91
-12387.3
-1600.93
-607.545
-349.879
-603.544
-628.614
-620.723
-738.186
-678.044
-900.292
-673.548
-1261.13
-579.355
-2065.49
399.784
-12465.7
-1600.81
-607.404
-349.885
-603.342
-628.834
-620.472
-740.214
-679.016
-913.5
-678.677
-1341.1
-589.087
-2913.48
-763.708
-11124.5
-1600.7
-607.365
-349.949
-603.199
-629.112
-620.271
-741.172
-679.189
-917.778
-688.717
-1349.44
-587.708
-2720.67
-146.456
-9460.88
-1600.58
-607.289
-349.96
-603.032
-629.33
-620.008
-742.693
-679.939
-927.752
-695.098
-1395.93
-571.107
-2825.76
-221.237
-8418.2
-1600.51
-607.254
-350.027
-602.909
-629.543
-619.865
-743.048
-680.443
-927.702
-704.582
-1426.06
-609.32
-3100.9
244.437
-8716.21
-1759.67
-2428.35
-3046.01
-3855.46
-4805.08
-6026.63
-7593.71
-9659.38
-12314.8
-15523.9
-19895.2
-24330.4
-39638.7
-30227.2
-89051.8
-701.471
-855.188
-950.487
-1183.92
-1474.14
-1885.68
-2388.59
-3073.51
-3909.52
-4958.98
-6631.75
-7869.61
-12485.7
-14985.9
-10718.6
-447.593
-588.598
-725.999
-960.122
-1232.89
-1589.83
-2041.24
-2627.95
-3394.4
-4411.2
-5808.37
-8214.33
-11359.3
-18070.7
-11033.8
-694.374
-922.3
-1149
-1476.29
-1883.62
-2434.76
-3118.37
-4007.4
-5036.49
-6348.6
-7890.67
-9650.66
-11885.9
-11808.8
-10305.8
-737.854
-978.492
-1224.25
-1581.88
-2036.59
-2642.99
-3361.93
-4281.44
-5213.44
-6455.75
-7611.62
-9567.53
-10752.5
-14279.1
-13103.3
-714.598
-941.578
-1172.27
-1524.94
-2000.3
-2630.54
-3355.87
-4268.75
-5104.97
-6356.04
-7340.92
-9345.16
-9971.08
-12246
-10521.4
-870.759
-1166.66
-1511.75
-2035.67
-2710.72
-3543.16
-4472.33
-5601.64
-6469.04
-7879.21
-8500.67
-10841.5
-10820.2
-14428.5
-13609.2
-790.06
-1028
-1292.6
-1738.56
-2370.76
-3141.49
-3950.66
-4800.8
-5290.44
-6743.07
-7452.18
-10641.4
-10128.1
-15355.1
-10050.9
-1035.94
-1378.58
-1963.61
-2906.03
-3955.36
-5030.31
-6313.33
-7810.02
-8905.7
-11016.2
-10921
-14454
-11193
-19089.8
-8989.22
-879.212
-1100.55
-1524
-2339.49
-3280
-4175.97
-5144.44
-5500.65
-5953.29
-8664.37
-10140.8
-16870.6
-13746
-26376.8
-578.018
-1193.69
-1711.13
-3187.96
-4861.06
-6250.89
-7647.49
-9804.08
-12688.3
-17617.5
-22601.2
-21404.6
-22222.8
-12832.7
-27692.3
9047.08
-912.689
-1236.2
-2411.94
-4083.89
-5094.62
-5933.83
-7498.33
-9396.04
-13226
-18540.4
-18133.9
-25489.1
-31361
-56747.9
-26416.6
-1581.36
-3221.52
-6986.3
-9110.91
-10170.9
-14227.9
-19655
-27039.1
-34497
-45337.7
-46419
-40958.1
-32492.7
-78545.3
-31066.9
1927.79
624.178
-5301.95
-6821.19
-5671.97
-442.537
2117.05
-7217.21
-15449.4
-12631.3
-1874.91
-29023.5
-38603.6
-111026
103967
-16398.8
-18119.1
-17007.5
-11620.1
-9702.05
-8687.5
-10755.4
-15346.2
-26234.1
-43519.7
-66911.1
-148547
-322106
-517027
-494491
-1759.95
-2428.16
-3046.13
-3853.86
-4806.36
-6021.57
-7600.77
-9648.26
-12353
-15479.5
-19977.8
-24156.4
-39920.3
-29599.4
-91182.6
-701.556
-854.959
-950.613
-1183
-1475.58
-1881.37
-2396.98
-3060.58
-3931.18
-4921.65
-6712.68
-7787.32
-12509.2
-15045.6
-11085.2
-447.347
-588.239
-725.473
-958.749
-1231.19
-1585.5
-2035.1
-2620.77
-3385.26
-4410.09
-5746.33
-8196.04
-10937.4
-18799.9
-13772.6
-694.548
-922.633
-1149.29
-1476.1
-1882.73
-2432.26
-3115.08
-4003.8
-5021.4
-6320.12
-7819.13
-9571.32
-11951.2
-11695.4
-13585.4
-737.008
-976.614
-1219.89
-1573.52
-2023.42
-2624
-3338.68
-4249.04
-5156.4
-6359.95
-7457.88
-9380.82
-10500.7
-14104.9
-13992.7
-714.717
-942.211
-1172.11
-1523.42
-1997.69
-2628.85
-3354.35
-4255.6
-5050.15
-6218.77
-7117.02
-8989.54
-9669.04
-11761.3
-12592.1
-869.304
-1161.97
-1495.62
-2003.08
-2656.82
-3467.23
-4366.43
-5441.64
-6191.03
-7471.51
-7983.69
-10216.7
-10058.4
-13494.3
-13788.9
-790.571
-1027.57
-1281.96
-1722.02
-2354.46
-3143.73
-3955.68
-4741.47
-5078.49
-6303.42
-6757.02
-9778.43
-9163.33
-13895.4
-10026.9
-1040.37
-1371.03
-1907.99
-2793.49
-3776.35
-4796.1
-5962.52
-7199.74
-7692.67
-9581.4
-9571.06
-13192.1
-9537.3
-16955.5
-8986.66
-880.382
-1080.16
-1445.85
-2247.38
-3222.86
-4199.67
-5164.06
-5050.43
-5143.34
-7626.63
-8756.08
-14781.8
-11329.9
-23003.4
-5790.21
-1220.83
-1681.72
-3020.33
-4630.71
-5924.98
-7176.3
-9198.13
-11227.6
-15431.4
-21022.9
-20868.3
-21462.7
-11762.2
-25239
2807.69
-964.144
-1255.15
-2354.99
-4049.04
-5143.82
-6159.89
-8089.5
-11187.8
-13959.3
-17647.5
-17909.2
-25186.4
-30633.8
-64921.3
-33812.2
-1900.65
-3183.41
-6782.69
-9150.29
-10671.5
-14314
-22230.5
-32587.9
-42333.6
-50151.8
-51864.4
-45963.5
-57032.4
-102759
-6030.41
1395.11
508.995
-5061.01
-6873
-5634.49
-582.355
-2063.75
-12838.9
-22087.6
-18556.3
-7088.92
-9777.32
-11467.2
-143522
25790.3
-16637.9
-18904.1
-18645.7
-13729.2
-12027.9
-13959.9
-19396
-27711.9
-38160.9
-52377.3
-65016.3
-115783
-163295
-355468
-497082
-1760.13
-2427.9
-3046.93
-3853.12
-4809.47
-6017.04
-7604.79
-9631.62
-12381.1
-15451.9
-20050.2
-23956.8
-40406.4
-29121.4
-93079.8
-701.597
-854.713
-950.681
-1182.06
-1475.6
-1879.12
-2398.27
-3051.4
-3933.58
-4910.23
-6731.51
-7766.09
-12319.7
-15463.2
-13715
-447.145
-587.769
-724.597
-957.547
-1229.21
-1583.88
-2029.72
-2616.13
-3366.75
-4411.5
-5685.03
-8238.12
-10695.2
-20099.3
-11533.3
-694.732
-922.763
-1149.18
-1475.51
-1881.2
-2430.14
-3110.67
-3997.31
-5004.7
-6295.56
-7761.95
-9521.12
-11834.7
-11802.7
-12617.6
-736.236
-974.841
-1216.11
-1566.85
-2013.3
-2609.25
-3317.41
-4217.38
-5105.93
-6284.28
-7332.06
-9252.48
-10193.6
-14128
-12710.5
-715.093
-942.419
-1170.82
-1520.12
-1992.47
-2623.15
-3345.48
-4237.5
-5005.31
-6122.6
-6963.1
-8788.68
-9406.44
-11645.8
-11074.8
-866.657
-1154.88
-1478.33
-1976.6
-2621.13
-3420.4
-4292.6
-5325.11
-5986.8
-7172.24
-7604.19
-9797.64
-9475.85
-13102.6
-12020.7
-790.545
-1023.97
-1269.76
-1705.29
-2333.82
-3129.01
-3928.09
-4673.99
-4916.19
-5974.01
-6341.69
-9304.34
-8397.55
-13076.8
-8147.4
-1030.93
-1338.51
-1834.35
-2709.63
-3687.08
-4692.89
-5737.7
-6806.48
-6803.15
-8627.54
-8719.61
-12470.7
-8343.23
-15754.6
-6443.14
-876.508
-1050.75
-1383.76
-2168.69
-3169.35
-4188.88
-5090.87
-4733.73
-4888.9
-7068.06
-8001.54
-13666.4
-9741.88
-20830.3
-355.292
-1185.53
-1567.6
-2845.8
-4567.79
-5827.71
-7073.36
-8767.26
-9910.25
-12899.3
-17988.3
-20510.1
-23763.5
-8345.25
-21216.4
12418.6
-972.891
-1261.45
-2242.11
-3828.21
-4945.41
-6357.65
-8781.47
-12449.6
-14219.1
-17344
-13266.6
-24150.6
-19481.8
-53503.4
-24116.3
-1777.98
-3117.99
-6955.67
-9296.73
-10571.8
-15394.5
-25333.7
-33524.3
-42311.7
-58559.2
-58628
-53368.7
-59414.6
-76302.6
22924.9
1861.9
1401.66
-4431.23
-7052.1
-5735.11
-3831.38
-5852.29
-11906.1
-16069.1
-14499
-15326.7
-8627.89
21265.8
-59024
30693.8
-17627
-19994.8
-21079.3
-16566
-15537.7
-18551.3
-24538.6
-38309.9
-53479.7
-62033.7
-69403.7
-116730
-133947
-311553
-471747
-1760.49
-2427.53
-3047.15
-3851.06
-4811.73
-6010.97
-7615.2
-9616.17
-12411.5
-15408.7
-20123.9
-23806.2
-40766
-29141.5
-95518.7
-701.627
-854.414
-950.892
-1180.77
-1476.52
-1876.12
-2402.48
-3043.67
-3946.72
-4892.4
-6766.36
-7790.37
-12226.9
-16320.5
-16369.1
-446.869
-587.344
-723.831
-955.882
-1226.64
-1579.7
-2023.78
-2610.55
-3355.62
-4407.67
-5633.68
-8248.82
-10550.8
-20720.6
-8475.77
-694.881
-922.946
-1149.15
-1474.64
-1879.36
-2426.79
-3105.99
-3990.74
-4987.83
-6262.05
-7693.21
-9429.15
-11747.2
-11539.1
-11643
-735.17
-972.463
-1211.01
-1557.61
-1999.5
-2589.33
-3290.82
-4178.3
-5042.67
-6181.16
-7167.41
-9067.76
-9866.2
-13837.3
-11567.9
-715.224
-942.463
-1169.06
-1515.54
-1985.66
-2615.55
-3335.88
-4215.37
-4946.47
-5985.7
-6749.64
-8484.88
-9052.77
-11124.6
-9609.82
-863.964
-1146.71
-1456.3
-1939.32
-2569.17
-3349.49
-4188.64
-5162.37
-5722.69
-6765.61
-7086.1
-9211.37
-8868.87
-12279.9
-10430.8
-790.899
-1020.63
-1253.39
-1682.79
-2302.77
-3101.35
-3896.63
-4601.9
-4708.32
-5502.66
-5755.24
-8629.34
-7405.1
-11586.2
-6420.43
-1026.35
-1300.58
-1728.51
-2564.22
-3533.45
-4513.15
-5406.98
-6212.77
-5757.05
-7326.25
-7481.26
-11114.4
-6802.07
-13898.1
-3895.24
-870.371
-1005.14
-1281.8
-2047.5
-3047.06
-4097.14
-4961.58
-4354.52
-4524.34
-6093.65
-6831.7
-12053
-7124.76
-16642.9
3773.92
-1193.38
-1422.88
-2539.39
-4299.81
-5635.39
-6822.25
-7405.28
-7948.6
-10078.6
-14276.5
-16461.3
-22832.6
-7458.57
-17740.7
16131.2
-952.716
-1286.85
-2417.87
-3711.62
-4846.42
-6605.03
-8502.49
-11353.5
-12495.7
-14217.5
-14418.6
-24763.2
-13935.6
-45447.5
-14496.1
-1973.27
-3116.24
-7088.46
-10542.9
-12517.4
-16046.5
-24737.7
-30891.8
-36452.4
-47417.7
-62064.2
-51479.2
-75347.1
-77689.4
32155.2
1894.6
1965.22
-3192.49
-8253.71
-8695.43
-6459.42
-3038.25
-3429.56
-4753.61
-5330.9
-16105.8
590.711
-4557.85
-79360.8
20632.3
-18847.2
-20352.1
-22420.8
-19682.1
-19549.8
-22286.3
-30068.6
-43776.6
-58104.5
-76549.7
-88995.4
-149934
-135612
-293805
-442010
-1760.8
-2427.32
-3048.21
-3849.18
-4813.96
-6003.36
-7620.82
-9600.23
-12442.2
-15384.1
-20201.4
-23663.1
-40960.4
-29665.9
-98143.5
-701.687
-854.142
-951.176
-1180.04
-1477.6
-1874.06
-2404.73
-3037.02
-3953.67
-4892.24
-6796.26
-7909.49
-12093.8
-16845.2
-18011.8
-446.638
-586.93
-723.122
-954.653
-1224.4
-1576.68
-2017.06
-2604.1
-3340.63
-4408.64
-5602.75
-8257.16
-10475.1
-20650.2
-5737.58
-695.089
-923.093
-1149.07
-1473.84
-1877.59
-2423.8
-3100.5
-3982.19
-4970.25
-6230.75
-7633.32
-9331.71
-11585.2
-11112.9
-11477.2
-734.262
-970.395
-1206.81
-1550.06
-1988.31
-2572.49
-3266.35
-4140.7
-4985.75
-6089.12
-7023.5
-8887.81
-9550.44
-13471.6
-10718.2
-715.354
-942.32
-1167.41
-1511.28
-1979.35
-2607.27
-3324.14
-4191.75
-4897.57
-5873.57
-6586.94
-8226.82
-8746.57
-10559.2
-8707.95
-860.219
-1138.34
-1437.73
-1910.31
-2532.59
-3297.79
-4108.53
-5031.55
-5520.11
-6423.71
-6672.88
-8711.28
-8375.38
-11489.9
-9256.94
-788.767
-1016.32
-1240.9
-1667.71
-2281.38
-3073.95
-3860.48
-4539.21
-4533.81
-5153.84
-5413.96
-8103.11
-6769.47
-10328.8
-5002.57
-1012.56
-1262.22
-1642.08
-2455.34
-3434.09
-4389.6
-5179.22
-5783.26
-5046.37
-6334.87
-6453.09
-9954.91
-5992.65
-12260.6
-2109.38
-851.512
-975.902
-1246.84
-2010.34
-3014.05
-3978.21
-4760.18
-4088.37
-4203.79
-5314.06
-5619.48
-10424.3
-5172.94
-11891.2
5816.53
-1130.29
-1349.45
-2257.58
-4013.27
-5421.52
-6333.66
-6380.57
-6342.15
-8040.94
-11017.7
-12999.4
-18864.7
-4455.58
-10679.7
18808.4
-844.668
-1253.59
-2135.15
-3488.05
-4384.15
-5450.62
-6154.26
-8403.19
-9911.69
-11582.5
-11784.3
-18157
-11613.6
-34196
-4401.62
-1863.68
-2815.9
-5346.64
-7734.11
-9416.86
-10767.4
-15098.5
-21054.1
-25387.2
-31585.8
-39919.1
-38218.4
-44203.1
-68242.1
30441.7
2994.83
2102.46
-724.944
-6352.21
-6537.57
10.3903
5945.38
7185.75
7611.39
7356.45
2699.42
16252.7
-18.7888
-37293.1
60282.4
-18442.1
-19877.8
-21831
-22722.4
-22522.9
-23303.1
-29394.5
-41569.9
-56105.6
-75052.9
-94226.4
-144655
-194699
-280979
-394688
-1761.11
-2426.84
-3049
-3846.68
-4816.52
-5996.42
-7628.19
-9586.47
-12468.6
-15366.6
-20280.2
-23572.5
-40954
-30134.1
-100333
-701.766
-853.789
-951.3
-1179.5
-1478.65
-1872.36
-2408.76
-3030.07
-3960.67
-4890.65
-6820.31
-8090.24
-12016.4
-17462.5
-19182.4
-446.395
-586.539
-722.419
-953.424
-1222.23
-1573.32
-2011.62
-2598.5
-3330.55
-4407.2
-5595.74
-8263.06
-10509.7
-20315.8
-3714.47
-695.133
-923.077
-1148.86
-1472.9
-1875.9
-2420.65
-3096.48
-3975.07
-4956.73
-6199.55
-7582.25
-9219.87
-11392.5
-10585.5
-11319.8
-733.294
-968.305
-1202.8
-1542.78
-1977.59
-2556.35
-3244.35
-4106.83
-4935.1
-6001.89
-6892.8
-8693.43
-9266.08
-12970.5
-9769.48
-715.224
-941.785
-1165.54
-1506.47
-1972.37
-2597.67
-3312.96
-4170.22
-4856.52
-5773.03
-6436.73
-7951.67
-8411.54
-9805.24
-7747.08
-857.053
-1130.38
-1420.12
-1879.94
-2492.89
-3243.52
-4034.92
-4920.31
-5353.69
-6131.72
-6298.97
-8196.83
-7828.75
-10486.7
-8063.32
-786.746
-1010.11
-1226.14
-1644.17
-2250.4
-3031.45
-3822.89
-4497.04
-4432.45
-4895.9
-5043.53
-7444.45
-6034.66
-8794.14
-3759.28
-997.508
-1220.11
-1559.72
-2335.93
-3312.61
-4257.42
-5032.55
-5613.56
-4596.05
-5465.51
-5581.75
-8698.82
-4993.29
-9945.68
-944.62
-816.5
-901.776
-1137.69
-1898.57
-2896.24
-3821.16
-4755.52
-4236.66
-3583.67
-4138.97
-4053.83
-7961.23
-2773.18
-4768.73
6326.02
-1032.59
-1123.29
-1961.92
-3792.4
-5367.87
-6183.22
-7198.46
-5918.54
-6972.07
-8773.32
-10307.4
-15121.1
-2351.94
-4139.39
14939.2
-352.799
-707.917
-1767.05
-3298.52
-4337.61
-5705.07
-6681.29
-7547.56
-7028.81
-8296.85
-9377.32
-13197.8
-5300.74
-27667.7
4709.68
-1818.32
-3180.87
-5450.82
-7948.06
-9439.79
-10282.8
-11014.9
-16153.1
-19629.5
-25883.2
-28762.3
-29452.4
-21662.4
-49668.7
27016.6
1105.72
735.347
-191.954
-1753.52
-2728.29
-1617.35
-814.661
-2586.63
-4926.45
-10229.3
-10638.8
-15224.2
-3140.88
-16294.9
69221.5
-19708.4
-20378.1
-20502
-21932
-22511
-26651.8
-38515.1
-54101.4
-70180.7
-91048
-105461
-153384
-189784
-262539
-352458
-1761.43
-2426.27
-3049.93
-3844.45
-4819.57
-5990.11
-7634.79
-9578.24
-12497.7
-15351.5
-20349.4
-23500.1
-40872.7
-30513.2
-101944
-701.929
-853.641
-951.569
-1179
-1479.66
-1870.34
-2411.96
-3022.96
-3970.86
-4898.85
-6827.26
-8277.27
-11943.1
-18153
-18596.4
-446.291
-586.309
-721.891
-952.522
-1220.62
-1570.9
-2006.71
-2594.19
-3324.62
-4414.25
-5603.38
-8267.12
-10576.5
-20171.4
-2710.83
-695.269
-923.111
-1148.83
-1472.46
-1875.09
-2418.55
-3093.15
-3968.72
-4947.12
-6177.16
-7544.66
-9106.41
-11198.9
-10037.8
-10801.5
-732.787
-967.157
-1201
-1539.37
-1971.95
-2545.99
-3228.38
-4079.63
-4897.26
-5937.06
-6802.12
-8519.75
-9051.84
-12442.1
-8817.68
-714.893
-941.219
-1165.41
-1505.71
-1971.16
-2593.82
-3305.64
-4150.05
-4831.14
-5713.36
-6354.53
-7738.64
-8215.57
-9111.64
-6861.66
-854.721
-1128.44
-1420.81
-1879.34
-2487.08
-3222.52
-3995
-4843.49
-5268.39
-6006.7
-6186.1
-7900.35
-7637.68
-9812.57
-7117.67
-783.078
-1009.87
-1236.29
-1652.59
-2257.22
-3027.66
-3800.07
-4452.05
-4491.04
-5015.72
-5082.89
-7156.71
-6066.76
-8183.14
-3163.81
-992.638
-1253.94
-1637.57
-2421.67
-3388.26
-4258.85
-4989.88
-5492.33
-4808.47
-5321.49
-5431.66
-8591.09
-5543.97
-9231.51
-695.597
-803.389
-975.973
-1262.2
-1982.2
-2910.64
-3797.62
-4570.05
-4270.69
-3558.54
-4017.53
-3340.77
-6393.29
-3098.64
-4302.49
5831.58
-1225.11
-1446.41
-2394.12
-4105.74
-5519.87
-6135.52
-6932.21
-6545.78
-7143.04
-8894.3
-10645
-14406.3
-4958.92
-9183.13
1308.06
-261.43
-877.421
-1871.73
-3289.18
-4312.13
-5216.58
-6248.89
-6598.54
-6540.85
-6659.81
-7376.85
-14437.5
-7204.51
-30556.5
29.3957
-3693.86
-3904.13
-5011.16
-8328.74
-10228
-10962.8
-13933.9
-21714.6
-25929.2
-30266
-30502.8
-41004.8
-32811.7
-53729.9
17899.7
-648.55
-1571.46
-1526.31
-2661.84
-4366.45
-4412.15
-6188.36
-12122
-15478.9
-20333
-19607.8
-26613.5
-35475
-33039.4
19032.6
-17114.7
-19772.3
-21422.9
-21371.4
-19241.2
-23514.5
-34698.9
-49161.5
-58900.6
-72522.3
-82519.8
-110659
-181568
-230201
-337000
-1761.68
-2425.56
-3050.71
-3842.69
-4822.96
-5985.22
-7642.35
-9567.56
-12519.9
-15324.3
-20434.1
-23466.4
-40728.5
-30953.4
-103482
-702.02
-853.422
-951.833
-1178.29
-1480.94
-1868.98
-2416.56
-3019.21
-3983.22
-4914.53
-6827.29
-8444.32
-11833.9
-18789.1
-15618.2
-446.167
-586.08
-721.409
-951.885
-1219.69
-1569.85
-2005.17
-2593.78
-3322.99
-4417.64
-5605.21
-8258.27
-10582.4
-20132.2
-2100.9
-695.209
-922.967
-1148.65
-1472.02
-1874.67
-2417.33
-3092.08
-3965.07
-4940.63
-6156.65
-7512.24
-8995
-11007.6
-9492.24
-9830.73
-732.273
-966.107
-1199.25
-1536.19
-1967.1
-2537.55
-3216.53
-4058.53
-4867.42
-5881.23
-6722.18
-8361.36
-8872.33
-11836.1
-8011.23
-714.611
-940.59
-1164.17
-1503.19
-1967.28
-2587.29
-3298.56
-4133.93
-4805.78
-5648.2
-6268.8
-7536.38
-8020
-8413.49
-6040.34
-853.047
-1124.27
-1412.52
-1864.42
-2465.88
-3192.6
-3957.81
-4781.05
-5197.62
-5874.81
-6007.5
-7551.93
-7337.19
-9088.52
-6208.98
-783.018
-1006.04
-1227.58
-1639.71
-2234.87
-2995.84
-3770.77
-4406.76
-4406.95
-4828.66
-4890.46
-6752.17
-5773.84
-7522.14
-2420.54
-980.815
-1226.65
-1600.9
-2358.87
-3306.8
-4177.78
-4912.16
-5378.14
-4890.25
-5486.31
-5332.83
-7967.16
-5284.71
-8438.87
-32.3251
-795.531
-947
-1209
-1894.92
-2818.57
-3708.79
-4504.23
-4246.61
-3508.6
-3829.29
-3120.85
-5710.12
-2315.96
-3233.08
5430.52
-1071.65
-1359.97
-2349.31
-4071.75
-5321.27
-6035.15
-6715.8
-6507.25
-6609.79
-7772.73
-8733.43
-11800.6
-4556.58
-10200
-6146.53
-52.902
-233.187
-1102.37
-2778.84
-4014.3
-5219.36
-5984
-6687.16
-6668.84
-7365
-8174.56
-12445.9
-5234.73
-22697.7
-5799.64
-3456.06
-4310.42
-6662.63
-8228.77
-9497.49
-10694.2
-12806
-18343.8
-22330.9
-28300.2
-31169.1
-38260.6
-30826.2
-43225.6
27415.4
-125.144
-2409.7
-4054.48
-4322.73
-3492.47
-2939.12
-2776.78
-5095.73
-6562.23
-11339.8
-10620.6
-10865.1
-12441.3
-43581.2
2829.87
-14782.7
-16651.8
-17305.8
-18714.6
-18365.4
-21173.7
-29447
-42057.3
-50942
-60742.4
-67135.5
-87630.9
-124263
-201535
-320539
-1761.95
-2425.05
-3051.63
-3840.78
-4825.69
-5979.86
-7650.27
-9560.72
-12547.9
-15283.6
-20534
-23415
-40766.6
-31566.7
-105547
-702.147
-853.321
-952.487
-1177.87
-1482.65
-1867.88
-2420.78
-3017.3
-3998.92
-4937.15
-6834.91
-8587.8
-11602.7
-19178.9
-11109.8
-446.192
-586.103
-721.406
-951.904
-1219.42
-1569.32
-2003.6
-2594.05
-3325.8
-4426.42
-5608.89
-8246.77
-10505.6
-19893.5
-949.811
-695.232
-922.948
-1148.76
-1472.22
-1875.24
-2417.38
-3092.2
-3963.2
-4938.26
-6142.4
-7492.75
-8914.98
-10866.7
-9158.3
-8789.55
-732.385
-966.28
-1199.78
-1536.83
-1967.47
-2535.49
-3211.68
-4045.67
-4848.78
-5842.49
-6671.18
-8252.47
-8774.28
-11436.1
-7612.83
-714.46
-940.425
-1164.65
-1504.77
-1969.96
-2588.9
-3298.96
-4124.97
-4795.53
-5611.92
-6227.14
-7409.62
-7948.92
-8102.4
-5527.72
-853.518
-1126.34
-1418.22
-1874.34
-2475.78
-3195.33
-3949.04
-4748.71
-5148.5
-5776.17
-5907.2
-7340.06
-7237.85
-8820.05
-5785.15
-781.997
-1007.51
-1234.18
-1649.95
-2251.31
-3013.37
-3779.88
-4388.91
-4402.56
-4770.46
-4802.33
-6556.91
-5692.17
-7414.81
-2133.33
-987.797
-1248.11
-1635.81
-2417.73
-3369
-4210.1
-4902.49
-5326.04
-4650.36
-5071.23
-5009.22
-7430.8
-5012.18
-8117.55
164.438
-803.163
-969.812
-1261.18
-1979.52
-2890.96
-3766.3
-4528.36
-4165.26
-3575.18
-3869.59
-3090.23
-5720.16
-2019.35
-2917.32
2891.29
-1158.73
-1430.8
-2404.42
-4104.96
-5502.81
-6079.95
-6929
-6745.91
-7227.03
-8648.71
-9411.02
-12646.2
-3090.5
-9852.4
-3211.36
-158.332
-788.337
-1863.56
-3260.81
-4245.75
-5247.3
-6296.92
-7735.56
-7550.55
-7227.97
-7882.28
-12708.3
-6458.16
-18298.7
-10371.1
-3743.19
-4075.15
-4813.37
-7968.47
-10236
-11402.1
-15197.7
-25143.9
-31027.8
-35046.8
-37217.3
-50662.2
-44697
-43876.3
14302.3
-667.145
-1554.85
-1491.2
-2504.28
-4438.58
-4374.44
-6048.41
-12468.6
-18308.9
-21371.4
-23142.5
-32240
-33371.4
-58808.7
-10392.3
-16629.8
-19141.3
-21254.2
-22077.3
-20057.4
-24293
-34326.9
-45597.6
-55886.2
-67804.9
-78253.1
-106898
-132645
-211930
-293610
-1762.19
-2424.45
-3052.36
-3838.79
-4828.34
-5975.68
-7657.04
-9555.68
-12571.1
-15247.5
-20667
-23316.9
-41042.5
-32304.6
-108001
-702.231
-853.184
-953.031
-1177.76
-1484.68
-1867.67
-2426.94
-3014.44
-4015.55
-4952.64
-6871.92
-8735.6
-11332.3
-19323.8
-6449.05
-446.22
-586.232
-721.526
-952.231
-1219.8
-1569.69
-2003.63
-2594.72
-3328.06
-4432.21
-5622.54
-8231.16
-10421.4
-19072.3
1404.7
-695.082
-922.809
-1148.73
-1472.51
-1876.27
-2418.07
-3093.86
-3963.62
-4939.75
-6132.49
-7484.69
-8864.55
-10744.1
-9076.49
-8115.08
-732.567
-966.648
-1200.39
-1537.82
-1968.84
-2535.51
-3210.92
-4039.47
-4839.93
-5816.22
-6635.99
-8176.1
-8690.08
-11445.2
-7829.43
-714.445
-940.334
-1164.14
-1504.78
-1970.19
-2588.02
-3299.71
-4121.51
-4789.48
-5579.56
-6195.03
-7322.91
-7887.91
-8157.3
-5383.01
-854.867
-1126.73
-1415.54
-1870.68
-2471.06
-3190.31
-3944.56
-4728.87
-5112.27
-5675.26
-5787.76
-7124.36
-7089.59
-8768.74
-5944.25
-784.23
-1006.13
-1222.97
-1639.74
-2238.14
-3001.78
-3782.42
-4375.37
-4289.23
-4540.56
-4658.85
-6356.15
-5563.2
-7446.93
-2445.45
-991.313
-1215.13
-1559.92
-2329.44
-3273.32
-4163.18
-4865.39
-5224.05
-4321.04
-4882.27
-4900.68
-7014.15
-4991.22
-7688.59
28.9589
-810.899
-898.964
-1138.35
-1888.37
-2849.02
-3758.25
-4667.03
-3959.02
-3540.48
-3868.05
-3525.34
-6124.23
-2771.88
-2859.25
-26.5479
-1014.53
-1130.39
-1978.65
-3787.88
-5288.21
-6099.87
-6940.57
-5949.79
-6564.07
-7328.38
-8246.56
-11964.7
-4103.87
-10481.2
8782.7
-388.448
-700.548
-1823.28
-3306.87
-4162.05
-5802.45
-6834.57
-8461.51
-7252.02
-8289.07
-9970.06
-12481.3
-7433.77
-16464
-9002.12
-1725.78
-3257.16
-5614.07
-8051.67
-9151.33
-10377.5
-12519.9
-18931.6
-24317.6
-37725.4
-39272.3
-37799.2
-28466.9
-37197.8
11757.9
831.572
241.246
-322.294
-1567.22
-2456.56
-1412.5
-2324.59
-6483.26
-10579.4
-19879.1
-22800.5
-24911.4
-23492.6
-39163.1
791.909
-19759.6
-20153.1
-20269.1
-22147.5
-23953.6
-29638.2
-43677.2
-63393.2
-82572.7
-94992.2
-105071
-154631
-208548
-250138
-273567
-1762.39
-2423.9
-3053.25
-3837.35
-4831.42
-5973.07
-7664.33
-9548.32
-12583.5
-15217.8
-20807.5
-23188.8
-41447.5
-32984.4
-110361
-702.395
-853.235
-953.592
-1177.47
-1486.65
-1867.02
-2433.24
-3012.96
-4037.92
-4959.7
-6945.41
-8884.82
-11190.1
-19496.7
-3742.13
-446.364
-586.487
-721.863
-952.827
-1220.83
-1571.43
-2006.65
-2598.23
-3333.56
-4436.58
-5648.43
-8216.81
-10442.4
-17804
3600.41
-694.99
-922.699
-1148.88
-1473.33
-1878.4
-2420.52
-3097.78
-3964.95
-4944.14
-6129.9
-7497
-8836.41
-10667.7
-8919.92
-8258.47
-733.173
-967.92
-1203.1
-1542.46
-1975.2
-2541.48
-3216.46
-4038.71
-4840.67
-5812.09
-6639.84
-8159.41
-8639.02
-11852.2
-8888.41
-714.213
-940.228
-1165.31
-1508.61
-1976.2
-2593.72
-3305.28
-4120.19
-4800.29
-5591.42
-6231.62
-7326.32
-7949.68
-8625.56
-5634.84
-857.086
-1132.84
-1430.09
-1895.05
-2498.26
-3216.59
-3968.63
-4739.38
-5142
-5728.1
-5902.65
-7151.3
-7200.95
-9195.63
-6708.54
-784.922
-1010.08
-1234.64
-1659.07
-2262.57
-3031.34
-3800.84
-4368.15
-4382.11
-4681.02
-4810.07
-6407.32
-5948.8
-7949.56
-3402.62
-1003.72
-1251.32
-1635.77
-2439.52
-3371.83
-4241.95
-4910.87
-5205.76
-4476.62
-5067.24
-5169
-7023.68
-5722
-7614.27
52.0138
-839.748
-959.755
-1234.84
-1987.65
-2935.77
-3866.67
-4572.13
-3748.3
-3915.69
-4424.16
-4348.61
-6658.15
-3797.23
-3012.17
1027.82
-1093.42
-1340.22
-2276.48
-4021.48
-5333.74
-6183.92
-6069.6
-5718.3
-6358.46
-7134.75
-8195.76
-12403.9
-4207.21
-9957.75
16314.5
-803.481
-1222.01
-2132.31
-3500.89
-4227.85
-5353.35
-6023.53
-8320.42
-8461.38
-8052.08
-8076.23
-8390.48
-2350.06
-10609.2
-371.159
-1803.31
-2965.27
-5741.31
-8364.85
-9718.57
-11495.6
-15909.6
-21227.5
-24410.3
-29839.6
-29289.8
-18543
-3718.14
-6933.92
17952.1
3081.2
2013.79
-1343.23
-6879.03
-6606.59
614.205
6609.71
8143.81
5717.94
-3566.67
1526.01
13027.4
28411.6
18060.7
19580.6
-18285
-19507.8
-21880.1
-23251
-23930.1
-26583.4
-35516.5
-53512.6
-78361.2
-105475
-111973
-154953
-210325
-243613
-254911
-1762.52
-2423.15
-3053.87
-3836.39
-4833.89
-5971.49
-7674.6
-9545.59
-12596.2
-15183.7
-20917.6
-23086
-41874.7
-33515.6
-112230
-702.557
-853.256
-953.924
-1177.03
-1488.88
-1866.6
-2439.37
-3015.26
-4063.29
-4963.74
-7028.32
-9012.33
-11258.8
-19855.1
-3690.99
-446.505
-586.792
-722.268
-953.767
-1222.15
-1573.18
-2009.74
-2604.81
-3345.18
-4445.47
-5678.39
-8188.29
-10583
-16809.9
4057.93
-694.752
-922.513
-1148.98
-1474.16
-1880.44
-2423.01
-3102.55
-3969.63
-4955.35
-6130.72
-7521.93
-8783.08
-10649.3
-8258.8
-8996.39
-733.783
-969.373
-1206.26
-1547.72
-1982.35
-2548.95
-3225.79
-4045.19
-4852.2
-5816.34
-6656.15
-8147.81
-8585.6
-12104.4
-10588.7
-713.756
-939.927
-1166.54
-1512.23
-1981.52
-2598.49
-3312.31
-4125.09
-4822.52
-5614.88
-6281.64
-7331.12
-8033.16
-9078.63
-6121.79
-860.054
-1140.26
-1447
-1919.74
-2523.93
-3243.44
-4001.86
-4774.48
-5203.45
-5795.22
-6045.41
-7179.02
-7303.65
-9581.45
-7783.99
-785.731
-1013.44
-1245.89
-1671.39
-2277.22
-3045.61
-3819.21
-4387.93
-4495.57
-4826.63
-4951.73
-6404.34
-6120.71
-8258.61
-4647.26
-1016.14
-1292.47
-1723.75
-2544.47
-3449.55
-4316.36
-5030.67
-5404.52
-4739.35
-5211.35
-5398.22
-6901.88
-5902.94
-7305.1
501.539
-854.614
-992.384
-1266.29
-2012.49
-2937.66
-3937.66
-4713
-3888.85
-3944.7
-4482.32
-4457.55
-6208.38
-3467.79
-2196.66
973.538
-1161.36
-1450.14
-2586.4
-4319.71
-5552.95
-6595.54
-7025.82
-6633.57
-6945.75
-6579.31
-7778.74
-11889.9
-4148.93
-11443.8
7279.51
-905.87
-1317.4
-2417.12
-3619.1
-4507.87
-6319.56
-7863.75
-10460.8
-9522.67
-7289.39
-6122
-2832.77
-170.702
-13510.1
3355.88
-1845.68
-3378.9
-7493.24
-10734
-12648.9
-16567.6
-24071.4
-28412.3
-24091
-26850.2
-35169.2
-38306.8
-25641.1
-10220.4
10650.8
1961.39
1632.05
-3857.91
-8133.54
-8338.39
-6209.17
-4434.9
437.281
11754.4
15260.2
13269.5
1740.94
-8921.36
12257.9
31090.7
-18921.3
-20004.8
-21953.8
-19396.4
-19981.7
-25468.1
-36181.5
-53032.2
-69184.5
-91902.5
-84361.9
-116200
-188218
-223618
-245350
-1762.53
-2422.71
-3055.08
-3836.42
-4836.39
-5967.6
-7679.91
-9540.44
-12613.3
-15173.6
-21038.1
-22970.3
-42234.3
-34010.4
-114139
-702.687
-853.144
-954.553
-1176.52
-1491.43
-1866.72
-2443.4
-3011.94
-4087.62
-4968.33
-7145.43
-9142.5
-11431.3
-20165.1
-5499.08
-446.682
-586.948
-722.821
-955.021
-1224.34
-1576.22
-2013.86
-2608.95
-3355.99
-4457.78
-5733.88
-8232.2
-10859.7
-16700.3
2227.15
-694.546
-922.228
-1149.1
-1475.09
-1882.82
-2426.28
-3107.93
-3972.26
-4966.72
-6134.63
-7574.47
-8728.67
-10757.9
-7338.47
-11213.7
-734.537
-971.114
-1210.34
-1554.66
-1992.16
-2559.64
-3237.75
-4052.83
-4870.1
-5830.51
-6695.41
-8111.24
-8512.91
-11761.5
-11631
-713.313
-939.498
-1167.99
-1516.45
-1987.88
-2603.86
-3318.66
-4130.19
-4855.46
-5657.57
-6368.44
-7330.74
-8102.98
-9323.97
-6410.16
-862.05
-1147.39
-1466.83
-1951.93
-2563.77
-3287.89
-4053.48
-4833.24
-5312.16
-5919.98
-6251.64
-7268.38
-7376.42
-9781.6
-8280.44
-784.37
-1015.86
-1260.45
-1691.91
-2302.17
-3063.24
-3836.53
-4426.61
-4659.5
-5090.85
-5272.44
-6536.22
-6388.33
-8436.8
-5813.6
-1019.41
-1330.22
-1826.7
-2681.42
-3576.61
-4443.29
-5230.15
-5726.1
-5344.5
-5623.73
-5867.52
-7075.87
-6267.31
-6881.66
-368.452
-856.225
-1035.75
-1362.31
-2124.26
-3029
-3982.75
-4768.66
-4255.92
-4230.42
-4801.24
-4932.33
-5946.42
-3328.24
-1292.68
-5725.91
-1152.51
-1591.63
-2886.49
-4563.37
-5689.89
-6770.92
-8019.18
-8115.42
-8656.5
-7553.75
-8531.88
-10518.5
-4516.24
-10201
-11013.3
-904.054
-1258.3
-2231.69
-3747.65
-4519.08
-5862.18
-7498.4
-11417.4
-9751.69
-7898.61
-6497.01
-3037.18
-4090.78
-11012.6
-1489.58
-1618.25
-3361.38
-7205.41
-9396.59
-10379.3
-15198.1
-24757.8
-31040.7
-26434.2
-24547.8
-34032
-44465.8
-12521.9
-12989.3
10272.1
1967.99
924.205
-4886.19
-6701.45
-4899
-2733.87
-8834.32
-20267.8
-18070.8
2647.11
5938.43
-7669.18
10064.2
25963.5
49884.1
-17657
-19514.5
-20258.7
-16180.8
-16155.9
-22781.5
-32192
-55715.2
-87672.1
-112362
-105126
-155315
-233072
-226819
-250300
-1762.66
-2422.46
-3055.53
-3835.27
-4836.81
-5966.29
-7689.49
-9546.79
-12620.6
-15155
-21123.1
-22859.4
-42530.7
-34434.5
-115733
-702.782
-853.094
-955.045
-1176.65
-1492.72
-1866.21
-2448.21
-3011.79
-4105.53
-4965.58
-7234.28
-9255.72
-11581.8
-20271.6
-6637.27
-446.801
-587.333
-723.498
-956.275
-1225.34
-1576.87
-2014.9
-2616.19
-3368.39
-4468.63
-5773.21
-8263.26
-11114.5
-17008.5
1573.02
-694.331
-922.092
-1149.23
-1475.79
-1884.26
-2428.05
-3111.73
-3976.48
-4978.67
-6135.88
-7623.14
-8661.38
-10902.8
-6353.05
-13503.4
-735.113
-972.496
-1213.42
-1559.7
-1999.24
-2567.72
-3248.5
-4062.66
-4888.52
-5839.19
-6729.93
-8051.37
-8461.78
-10743.4
-13073.2
-712.739
-939.063
-1169.04
-1519.48
-1992.36
-2607.66
-3324.5
-4136.9
-4882.62
-5688.88
-6442.48
-7281
-8125.26
-9265.48
-8061.92
-864.184
-1153.87
-1482.8
-1975.36
-2591.31
-3318.45
-4091.86
-4880.96
-5406.42
-6018.31
-6408.15
-7362.55
-7532.75
-9871.59
-9350.47
-783.706
-1018.97
-1271.38
-1707.03
-2316.95
-3069.15
-3846.09
-4466.59
-4783.07
-5276.39
-5562.68
-6667
-6582.11
-8491.3
-7476.46
-1027.69
-1363.37
-1899.76
-2761.12
-3648.25
-4520.01
-5356.73
-5946.55
-5853.41
-6017.28
-6234.57
-6984.65
-6254.07
-6163.19
-1749.68
-857.571
-1066.17
-1424.21
-2198.16
-3054.79
-3971.93
-4775.25
-4571.3
-4537.74
-5252.78
-5279.92
-5297.49
-2995.76
-23.273
-16769.8
-1189.02
-1716.13
-3053.31
-4622.78
-5758.3
-6892
-8116.96
-8993.72
-10804.8
-8844.06
-9293.75
-7063.1
-4908.59
-11592.5
-31069.5
-892.61
-1279.18
-2365.24
-3932.04
-4622.66
-5668.44
-6711.07
-9453.71
-10987.2
-9905.27
-9734.8
-664.896
-3902.62
-6351.78
-9754.41
-1765.82
-3455.23
-7010.04
-9283.9
-10458.2
-14181
-20569.9
-29648.3
-36390.4
-31514.2
-21977.4
-28443.6
-22728.3
-30991.8
6184.06
1438.18
-149.914
-5389.03
-6579.77
-4527.4
36.4385
-3383.87
-16876.2
-22891.7
-18650.7
2179.75
10970.5
48700
433.363
44009.1
-16615.4
-18155.6
-17554.6
-13244.9
-12519.7
-17689.5
-26739.8
-42466.4
-72940.5
-116668
-151233
-192928
-201145
-213393
-250406
-1762.66
-2422.09
-3056.54
-3834.57
-4838.84
-5967.93
-7694.33
-9539.84
-12624.7
-15160.5
-21219.7
-22726.1
-42946.3
-35516.1
-118159
-702.924
-852.921
-955.651
-1176.37
-1493.93
-1864.62
-2455.07
-3005.12
-4123.38
-4969.39
-7371.3
-9374.33
-11614.4
-19431.9
-7949.6
-447.038
-587.528
-724.072
-957.301
-1226.83
-1579.72
-2021.99
-2623.41
-3380.02
-4484.87
-5847.36
-8394.04
-11503
-18691.3
-3516.63
-694.17
-921.792
-1149.11
-1476.23
-1885.92
-2431.18
-3117.36
-3978.6
-4991.4
-6143.96
-7710.13
-8600.71
-11219.1
-5684.46
-19318.7
-735.802
-973.996
-1217.11
-1566.34
-2009.55
-2579.77
-3261.03
-4069.76
-4910.46
-5854.4
-6792.94
-7853.43
-8417.02
-8186.22
-9890
-712.491
-938.322
-1169.28
-1521.29
-1995.69
-2610.01
-3326.74
-4140.24
-4919.37
-5730.63
-6544.64
-7093.06
-8017.03
-6869.13
-6267.21
-865.212
-1157.98
-1497.26
-2004.25
-2635.08
-3372.21
-4149.02
-4948.44
-5530.07
-6158.16
-6630.32
-7259.73
-7364.6
-7895.38
-7048.44
-782.666
-1019.18
-1281.31
-1722.9
-2329.78
-3063.33
-3830.3
-4498.33
-4934.85
-5532.06
-5949.71
-6697.72
-6647.77
-6902.18
-6878.79
-1022.08
-1370.78
-1952.36
-2868.52
-3802.89
-4706.27
-5575.04
-6310.27
-6563.05
-6838.16
-6839.7
-7003.14
-6644.55
-5327.02
-2742.97
-854.295
-1088.28
-1499.99
-2283.82
-3090.26
-3936.13
-4687.83
-4918.21
-5144.14
-6003.36
-5807.53
-5085.75
-3254.71
2095.96
-18338.5
-1160.21
-1751.36
-3216.59
-4851.01
-6070.6
-7314.62
-8587.28
-10068.1
-12159.4
-11164.5
-9724.85
-5692.01
-6298.44
-14674.1
-32015.9
-835.579
-1265.59
-2390.57
-3908.92
-4494.02
-5423.3
-6213.55
-8210.24
-8947.38
-10431.7
-7084.54
-1216.94
-1989.2
663.025
-6987.41
-1466.71
-3530.45
-7116.73
-9182.17
-10026.6
-14102.3
-18848.4
-24244.6
-29019.6
-29200.1
-9488.49
-17028.5
-31362.3
-39419.9
21732.6
1960.72
-194.077
-5526.73
-6511.1
-4259.47
663.447
1567.63
-5462.37
-6323.01
-14328.6
17201.1
62080.3
67726.5
-7853.99
40985.9
-16190.7
-17127.2
-15652.8
-10895.2
-9455.6
-11615.6
-14081.6
-17433.3
-44131.2
-113833
-177095
-179213
-193427
-187651
-246410
)
;

boundaryField
{
    outletsourceFace
    {
        type            zeroGradient;
    }
    outletdestinationFace
    {
        type            zeroGradient;
    }
    outletFace
    {
        type            zeroGradient;
    }
    outletWall
    {
        type            fixedValue;
        value           uniform 0;
    }
    inletFace
    {
        type            zeroGradient;
    }
    inletWall
    {
        type            fixedValue;
        value           uniform 5;
    }
    inletsourceFace
    {
        type            zeroGradient;
    }
    inletdestinationFace
    {
        type            zeroGradient;
    }
}


// ************************************************************************* //
