/*--------------------------------*- C++ -*----------------------------------*\
| =========                 |                                                 |
| \\      /  F ield         | OpenFOAM: The Open Source CFD Toolbox           |
|  \\    /   O peration     | Version:  4.1                                   |
|   \\  /    A nd           | Web:      www.OpenFOAM.org                      |
|    \\/     M anipulation  |                                                 |
\*---------------------------------------------------------------------------*/
FoamFile
{
    version     2.0;
    format      ascii;
    class       volScalarField;
    location    "21";
    object      p;
}
// * * * * * * * * * * * * * * * * * * * * * * * * * * * * * * * * * * * * * //

dimensions      [0 2 -2 0 0 0 0];

internalField   nonuniform List<scalar> 
6750
(
-182.852
-99.4529
-190.411
-190.454
-217.964
-226.451
-233.378
-236.478
-238.357
-242.802
-251.898
-243.421
-254.769
-139.265
-293.01
-182.512
-98.3518
-189.891
-190.586
-218.676
-227.184
-234.473
-236.968
-239.286
-243.053
-250.03
-243.653
-254.33
-137.963
-293.065
-182.207
-97.4152
-189.549
-190.79
-219.239
-227.758
-235.336
-237.711
-240.449
-243.683
-249.752
-245.987
-254.312
-137.371
-293.39
-181.818
-96.1815
-189.088
-191.032
-219.926
-228.412
-236.152
-238.286
-242.628
-243.125
-249.347
-243.239
-254.017
-136.409
-293.223
-181.47
-94.9085
-188.677
-191.29
-220.535
-228.949
-236.821
-238.489
-241.793
-243.136
-250.488
-242.355
-253.839
-136.217
-293.265
-181.19
-93.6543
-188.267
-191.499
-221.017
-229.358
-237.179
-238.258
-241.537
-243.133
-248.745
-241.769
-254.071
-135.485
-293.254
-181.063
-92.6648
-187.94
-191.647
-221.392
-229.857
-238.017
-239.504
-241.558
-242.47
-250.543
-246.772
-254.787
-135.683
-293.426
-181.099
-92.398
-187.86
-191.685
-221.487
-229.909
-238.07
-238.848
-241.563
-243.149
-249.685
-246.437
-255.77
-134.999
-293.629
-181.25
-92.9163
-188.102
-191.712
-221.424
-229.799
-237.895
-237.495
-240.973
-244.058
-251.195
-245.491
-254.947
-135.584
-293.373
-181.539
-94.0394
-188.553
-191.646
-221.148
-229.465
-237.361
-237.587
-241.484
-243.36
-249.46
-241.815
-254.211
-135.495
-293.121
-181.945
-95.3972
-189.081
-191.528
-220.741
-229.107
-236.846
-238.175
-241.268
-243.937
-251.424
-243.203
-254.071
-136.187
-293.057
-182.388
-96.7356
-189.589
-191.36
-220.224
-228.637
-236.231
-237.882
-242.193
-243.233
-249.997
-244.705
-254.195
-136.445
-292.966
-182.849
-98.0181
-190.139
-191.211
-219.634
-228.092
-235.567
-237.463
-241.035
-243.758
-250.437
-247.84
-254.609
-137.445
-293.124
-183.201
-98.9848
-190.542
-191.07
-219.137
-227.558
-234.743
-236.421
-239.377
-243.832
-251.389
-245.31
-254.657
-138.148
-292.82
-183.581
-100.115
-191.133
-191.023
-218.529
-226.988
-233.843
-236.511
-237.929
-243.36
-253.122
-246.329
-255.197
-139.584
-292.769
-251.399
-74.0235
-191.914
-191.719
-218.638
-227.327
-233.696
-234.049
-238.424
-242.554
-252.773
-237.59
-260.448
-100.165
-411.131
-250.96
-73.0307
-191.281
-191.752
-219.502
-228.314
-235.258
-235.353
-241.453
-243.368
-251.363
-236.657
-260.135
-99.1605
-411.544
-250.591
-72.38
-190.976
-191.894
-220.102
-228.968
-236.513
-237.238
-244.483
-244.687
-247.763
-236.769
-259.588
-98.8625
-412.374
-250.124
-71.4088
-190.447
-192.049
-220.846
-229.734
-237.347
-238.313
-241.853
-243.324
-249.763
-236.092
-259.073
-98.3327
-412.009
-249.729
-70.4742
-189.977
-192.245
-221.483
-230.347
-238.13
-239.359
-242.217
-242.866
-250.964
-234.733
-258.256
-98.5351
-412.058
-249.435
-69.5273
-189.433
-192.388
-221.966
-230.688
-238.275
-238.679
-241.859
-244.099
-250.276
-233.597
-258.212
-97.9405
-412.006
-249.38
-68.7564
-188.942
-192.505
-222.353
-231.182
-239.31
-239.222
-242.717
-243.791
-250.009
-236.222
-259.261
-98.0978
-412.453
-249.506
-68.5221
-188.798
-192.529
-222.434
-231.241
-239.379
-239.393
-242.106
-243.199
-247.951
-233.08
-259.034
-97.1055
-412.911
-249.656
-68.893
-189.154
-192.572
-222.399
-231.213
-239.298
-238.936
-242.318
-243.75
-249.205
-235.624
-259.568
-97.8942
-412.355
-249.958
-69.7304
-189.765
-192.543
-222.117
-230.817
-238.426
-237.592
-241.583
-243.655
-248.776
-233.465
-258.004
-97.8448
-411.662
-250.423
-70.7469
-190.424
-192.504
-221.736
-230.54
-238.217
-238.211
-241.943
-243.752
-250.687
-234.748
-258.068
-98.4272
-411.483
-250.947
-71.7272
-190.983
-192.415
-221.226
-230.118
-237.652
-238.48
-241.434
-243.034
-249.661
-236.053
-258.536
-98.3042
-411.217
-251.509
-72.7412
-191.599
-192.377
-220.622
-229.568
-237.107
-238.304
-244.137
-244.042
-248.223
-238.573
-259.281
-98.8456
-411.506
-251.937
-73.4171
-191.959
-192.312
-220.119
-229.066
-236.135
-237.406
-242.64
-243.904
-250.365
-237.996
-259.663
-99.1491
-410.661
-252.431
-74.4454
-192.671
-192.395
-219.401
-228.29
-234.798
-236.205
-239.535
-243.532
-251.424
-238.962
-260.238
-100.077
-410.221
-358.295
-26.6529
-187.656
-195.698
-220.727
-231.506
-238.227
-238.722
-241.65
-237.797
-242.131
-220.466
-264.775
-28.3619
-598.593
-357.731
-25.9932
-187.024
-195.542
-221.554
-232.53
-239.768
-240.219
-244.952
-241.556
-243.034
-218.75
-263.834
-28.0475
-599.308
-357.311
-25.8122
-186.799
-195.598
-222.06
-233.069
-240.763
-241.502
-246.815
-243.359
-240.225
-217.42
-262.427
-28.3013
-600.706
-356.768
-25.3942
-186.219
-195.599
-222.734
-233.811
-241.431
-242.046
-242.038
-241.152
-241.729
-218.266
-262.491
-28.579
-600.155
-356.363
-25.1486
-185.68
-195.697
-223.286
-234.322
-241.933
-242.292
-240.385
-238.986
-242.48
-218.518
-262.155
-29.3635
-600.58
-356.103
-24.8585
-184.959
-195.734
-223.695
-234.652
-242.133
-242.468
-241.08
-238.99
-242.512
-217.804
-260.745
-29.4416
-599.885
-356.211
-24.571
-184.247
-195.791
-224.003
-235.009
-242.789
-242.464
-242.317
-240.161
-240.895
-218.463
-262.364
-29.584
-600.92
-356.449
-24.4216
-183.996
-195.781
-224.029
-234.978
-242.716
-242.204
-241.631
-239.963
-241.532
-214.28
-258.44
-29.5297
-600.102
-356.528
-24.4884
-184.507
-195.844
-224.045
-235.003
-242.756
-241.929
-242.016
-240.372
-241.713
-217.748
-261.698
-29.6513
-600.458
-356.778
-24.7195
-185.317
-195.867
-223.835
-234.699
-242.146
-240.868
-241.201
-239.257
-241.39
-217.545
-260.448
-29.6277
-599.164
-357.251
-25.0303
-186.139
-195.945
-223.551
-234.49
-242.11
-241.783
-241.601
-240.476
-242.142
-218.317
-261.863
-29.5904
-599.481
-357.822
-25.3139
-186.733
-195.96
-223.13
-234.165
-241.764
-242.039
-242.257
-241.242
-240.219
-218.31
-262.002
-28.9116
-598.824
-358.482
-25.7886
-187.379
-196.099
-222.614
-233.651
-241.353
-241.994
-245.904
-241.734
-238.178
-219.079
-262.469
-28.7264
-599.168
-358.975
-26.01
-187.633
-196.125
-222.208
-233.278
-240.602
-241.349
-244.782
-240.679
-240.01
-219.788
-263.59
-28.5073
-597.657
-359.61
-26.7349
-188.337
-196.429
-221.565
-232.516
-239.4
-240.435
-242.5
-239.457
-239.884
-221.041
-264.528
-28.855
-596.653
-456.225
-8.61333
-175.057
-206.087
-225.302
-239.87
-247.245
-247.726
-244.9
-239.543
-231.966
-212.424
-265.976
54.5771
-780.546
-455.74
-8.17229
-174.664
-205.799
-225.831
-240.555
-248.217
-248.669
-247.504
-241.688
-233.806
-212.295
-264.086
52.9667
-783.16
-455.433
-8.24036
-174.555
-205.796
-226.165
-240.853
-248.73
-249.013
-249.54
-241.803
-232.479
-210.264
-259.081
52.201
-786.658
-455.013
-8.29914
-174.084
-205.682
-226.61
-241.372
-249.201
-249.028
-246.878
-238.2
-232.946
-212.814
-259.836
49.4129
-787.76
-454.773
-8.74338
-173.601
-205.721
-226.98
-241.668
-249.402
-248.731
-244.631
-235.883
-231.502
-213.083
-260.139
46.7183
-789.27
-454.715
-9.21754
-172.896
-205.69
-227.216
-241.899
-249.503
-248.743
-244.548
-234.928
-231.333
-211.747
-258.325
44.5065
-788.702
-454.991
-9.6408
-172.185
-205.719
-227.386
-242.094
-249.875
-248.822
-246.132
-236.913
-229.984
-209.979
-259.303
43.7145
-790.2
-455.227
-9.74086
-171.909
-205.704
-227.364
-242.022
-249.777
-248.5
-245.809
-236.651
-233.35
-210.886
-249.983
43.0392
-788.367
-455.231
-9.4116
-172.427
-205.797
-227.44
-242.099
-249.936
-248.497
-246.038
-236.522
-231.742
-211.914
-258.967
43.6575
-789.684
-455.354
-8.86019
-173.209
-205.858
-227.367
-241.992
-249.681
-248.144
-244.891
-235.374
-231.087
-211.256
-258.457
44.7051
-788.202
-455.674
-8.3966
-173.993
-206.018
-227.268
-241.901
-249.775
-248.75
-246.081
-237.39
-233.121
-213.811
-260.563
46.9012
-788.621
-456.092
-8.06104
-174.501
-206.097
-227.027
-241.747
-249.714
-249.113
-247.464
-238.658
-232.638
-212.974
-260.233
49.6191
-786.92
-456.631
-8.14246
-175.012
-206.361
-226.746
-241.431
-249.494
-249.403
-249.526
-241.099
-231.109
-210.97
-260.898
52.2591
-785.515
-457.015
-8.18733
-175.126
-206.452
-226.504
-241.263
-249.147
-249.264
-247.53
-240.724
-231.956
-211.91
-265.423
52.8712
-781.537
-457.571
-8.7722
-175.572
-206.894
-226.162
-240.835
-248.536
-248.929
-245.601
-240.6
-232.281
-213.436
-266.493
54.2433
-778.355
-562.746
-41.6885
-165.095
-225.618
-234.994
-252.305
-261.055
-260.592
-257.938
-243.792
-230.017
-213.505
-286.593
118.859
-995.677
-562.366
-41.1601
-164.933
-225.32
-235.216
-252.686
-261.48
-261.131
-259.13
-244.962
-230.223
-213.895
-282.2
114.896
-1000.85
-562.162
-41.1732
-164.931
-225.296
-235.407
-252.88
-261.682
-261.36
-259.714
-244.317
-229.932
-213.956
-273.649
113.569
-1006.47
-561.863
-41.2008
-164.661
-225.146
-235.591
-253.174
-261.915
-261.385
-259.197
-242.632
-232.455
-216.226
-271.772
108.3
-1010.08
-561.737
-41.7123
-164.394
-225.163
-235.798
-253.344
-262.026
-261.07
-257.744
-238.945
-230.994
-216.61
-271.303
102.551
-1012.3
-561.778
-42.2573
-163.974
-225.103
-235.867
-253.42
-261.984
-260.712
-257.353
-237.287
-229.862
-215.938
-267.752
97.6961
-1012.29
-562.092
-42.8549
-163.567
-225.13
-235.956
-253.533
-262.176
-260.775
-258.776
-241.952
-228.604
-210.579
-263.207
95.4204
-1013.12
-562.311
-43.0894
-163.389
-225.133
-235.916
-253.45
-262.031
-260.385
-258.158
-241.831
-229.355
-217.771
-255.186
94.7249
-1011.88
-562.369
-42.7051
-163.717
-225.261
-236.038
-253.562
-262.252
-260.47
-258.771
-240.905
-229.791
-214.138
-265.688
95.8814
-1013.02
-562.459
-42.0213
-164.183
-225.338
-236.063
-253.558
-262.19
-260.356
-257.579
-237.46
-230.103
-215.573
-268.485
99.046
-1011.95
-562.678
-41.5268
-164.701
-225.545
-236.149
-253.62
-262.451
-261.031
-259.026
-239.871
-233.407
-216.614
-272.194
104.233
-1011.83
-562.97
-41.2015
-164.998
-225.655
-236.082
-253.61
-262.555
-261.546
-260.3
-243.158
-233.707
-215.863
-272.56
110.281
-1009.35
-563.382
-41.3782
-165.312
-225.968
-236.071
-253.54
-262.597
-261.965
-260.993
-245.281
-231.738
-213.482
-275.124
115.743
-1005.45
-563.664
-41.5292
-165.319
-226.088
-235.983
-253.486
-262.57
-262.019
-260.366
-245.781
-231.55
-212.601
-282.886
117.189
-999.182
-564.112
-42.254
-165.535
-226.541
-235.944
-253.343
-262.48
-262.016
-259.646
-246.07
-233.259
-214.097
-286.769
120.897
-993.584
-680.479
-92.1773
-166.316
-253.389
-251.072
-270.048
-281.537
-280.553
-283.161
-259.538
-264.235
-236.144
-392.239
199.562
-1220.39
-680.138
-91.6646
-166.171
-253.081
-250.997
-270.16
-281.574
-280.611
-283.009
-260.323
-261.896
-235.164
-379.039
191.346
-1237.22
-679.998
-91.6486
-166.169
-253.062
-251.115
-270.364
-281.842
-280.922
-283.271
-261.824
-261.43
-239.157
-368.398
190.507
-1257.61
-679.735
-91.501
-165.995
-252.892
-251.071
-270.478
-281.866
-280.751
-281.799
-260.514
-261.338
-244.437
-359.243
176.63
-1277.83
-679.644
-91.7387
-165.928
-252.908
-251.191
-270.635
-281.815
-280.661
-279.132
-257.642
-255.467
-245.335
-345.435
159.036
-1286.4
-679.554
-91.9818
-165.796
-252.838
-251.154
-270.569
-281.485
-280.289
-278.273
-254.832
-252.25
-242.526
-330.821
142.487
-1290.35
-679.721
-92.371
-165.707
-252.896
-251.272
-270.648
-281.533
-280.201
-279.814
-258.313
-251.567
-236.824
-319.675
132.312
-1290.39
-679.998
-92.4647
-165.687
-252.931
-251.256
-270.584
-281.32
-279.907
-279.353
-259.457
-249.977
-242.516
-312.221
128.425
-1290.17
-680.275
-92.1878
-165.836
-253.081
-251.434
-270.748
-281.59
-279.977
-279.856
-256.681
-252.253
-237.351
-321.008
132.746
-1290.49
-680.453
-91.8495
-165.94
-253.164
-251.495
-270.787
-281.729
-280.027
-278.797
-253.45
-252.875
-240.888
-330.507
143.402
-1290.02
-680.653
-91.8157
-166.2
-253.43
-251.724
-271.034
-282.365
-280.808
-280.428
-256.866
-257.541
-243.593
-345.013
160.216
-1286.46
-680.905
-91.7764
-166.342
-253.562
-251.776
-271.12
-282.721
-281.257
-282.869
-260.128
-262.431
-244.001
-359.714
178.105
-1277.91
-681.264
-92.1218
-166.591
-253.916
-252.009
-271.288
-283.095
-281.846
-284.915
-262.638
-264.127
-240.112
-370.298
193.205
-1257.83
-681.481
-92.2954
-166.623
-254.047
-252.013
-271.274
-283.102
-281.867
-285.074
-261.993
-264.599
-235.979
-380.52
194.576
-1236.22
-681.88
-92.9911
-166.834
-254.507
-252.248
-271.376
-283.332
-282.215
-285.761
-262.243
-268.86
-238.804
-393.797
202.392
-1219.3
-804.612
-137.898
-179.17
-286.901
-274.483
-293.336
-308.332
-307.767
-317.981
-288.372
-333.885
-283.549
-712.1
215.351
-1564.06
-804.234
-137.488
-178.953
-286.491
-273.994
-293.038
-307.485
-307.33
-319.544
-291.424
-329.933
-281.959
-673.147
209.994
-1588.22
-804.125
-137.525
-178.9
-286.471
-274.076
-293.457
-307.611
-308.26
-319.611
-295.978
-326.962
-291.204
-636.677
213.718
-1613.02
-803.833
-137.336
-178.715
-286.241
-273.802
-293.546
-307.218
-307.902
-316.862
-297.403
-321.292
-299.197
-559.407
200.604
-1647.1
-803.755
-137.482
-178.697
-286.257
-273.949
-293.867
-307.613
-307.283
-311.931
-297.449
-313.356
-307.747
-509.045
174.186
-1660.25
-803.603
-137.531
-178.672
-286.177
-273.862
-293.854
-307.354
-307.405
-309.142
-296.081
-305.55
-309.894
-473.121
152.056
-1663.95
-803.649
-137.762
-178.736
-286.278
-274.04
-294.045
-307.517
-307.616
-311.46
-296.452
-303.5
-308.763
-453.591
139.291
-1666.12
-803.82
-137.822
-178.868
-286.356
-274.073
-293.984
-307.507
-307.358
-311.005
-296.498
-301.896
-311.186
-444.499
134.753
-1666.95
-804.305
-137.662
-178.938
-286.557
-274.308
-294.274
-307.846
-307.393
-310.911
-295.527
-302.021
-308.026
-453.408
141.269
-1667.35
-804.617
-137.485
-178.838
-286.647
-274.372
-294.338
-308.037
-307.399
-308.968
-294.981
-303.794
-308.339
-472.139
155.623
-1664.93
-804.814
-137.714
-179.059
-287.013
-274.743
-294.749
-308.82
-307.787
-311.863
-297.248
-312.361
-306.217
-507.637
178.7
-1660.45
-805.079
-137.8
-179.164
-287.185
-274.85
-294.794
-309.072
-308.281
-316.888
-297.732
-321.252
-299.131
-556.031
206.847
-1647.72
-805.467
-138.159
-179.448
-287.63
-275.344
-295.075
-309.823
-309.16
-321.044
-297.198
-328.922
-291.376
-634.541
222.995
-1613.37
-805.66
-138.278
-179.551
-287.78
-275.421
-294.881
-309.931
-308.839
-321.743
-293.598
-333.05
-283.286
-678.496
219.941
-1586.81
-806.083
-138.846
-179.838
-288.321
-276.016
-295.276
-310.752
-309.687
-320.967
-291.893
-338.311
-287.103
-717.038
223.92
-1562.14
-938.517
-178.495
-198.837
-323.758
-306.584
-323.543
-348.764
-349.407
-374.386
-356.269
-518.264
-339.053
-1716.93
244.543
-1745.77
-937.991
-178.102
-198.539
-323.036
-305.313
-321.637
-344.868
-349.603
-375.338
-357.581
-495.694
-330.699
-1567.91
281.559
-1818.31
-937.852
-178.216
-198.455
-322.942
-305.275
-321.639
-344.152
-350.522
-376.099
-360.518
-486.705
-343.841
-1502.61
325.901
-1922.2
-937.418
-178.05
-198.222
-322.576
-304.599
-321.366
-342.078
-345.953
-372.354
-360.281
-466.657
-366.306
-1217.21
355.197
-2073.38
-937.277
-178.294
-198.188
-322.625
-304.687
-322.165
-341.976
-340.14
-363.808
-358.236
-443.261
-384.364
-910.319
323.884
-2146.67
-936.973
-178.352
-198.165
-322.558
-304.557
-322.222
-342.532
-338.19
-357.805
-355.31
-422.036
-401.704
-735.764
275.42
-2168.08
-937.054
-178.543
-198.242
-322.695
-304.771
-322.689
-342.628
-339.16
-356.322
-355.309
-409.848
-413.41
-679.531
233.784
-2162.53
-937.115
-178.619
-198.517
-322.849
-304.797
-322.812
-342.652
-338.765
-354.399
-353.901
-405.377
-415.978
-659.695
218.573
-2158.03
-937.719
-178.511
-198.635
-323.122
-305.182
-323.383
-343.319
-339.743
-355.143
-354.768
-407.061
-413.084
-678.023
233.952
-2164.02
-938.231
-178.303
-198.424
-323.22
-305.356
-323.58
-343.835
-338.901
-357.09
-354.758
-418.428
-401.934
-730.899
274.484
-2168.88
-938.445
-178.65
-198.721
-323.73
-305.996
-324.201
-344.649
-339.829
-363.446
-358.446
-440.596
-385.128
-890.356
326.259
-2150.32
-938.812
-178.717
-198.839
-323.953
-306.223
-324.115
-344.955
-344.192
-371.916
-361.922
-465.698
-366.022
-1193.66
359.501
-2081.88
-939.36
-179.025
-199.184
-324.565
-307.155
-324.68
-347.127
-349.392
-377.635
-364.569
-490.12
-345.574
-1511.73
338.53
-1927.31
-939.597
-179.083
-199.334
-324.791
-307.365
-324.614
-348.084
-349.81
-378.418
-362.349
-499.678
-327.07
-1589.34
285.087
-1812.04
-940.151
-179.616
-199.693
-325.592
-308.622
-326.212
-351.533
-350.87
-378.639
-362.087
-524.156
-336.637
-1724.94
246.975
-1742.9
-1082.63
-218.337
-222.905
-364.328
-347.597
-362.334
-407.514
-396.197
-460.805
-399.633
-750.333
-250.859
-1830.42
-98.3285
-2260.22
-1081.9
-217.75
-222.46
-362.931
-344.981
-357.055
-399.572
-397.679
-458.819
-400.844
-715.917
-244.512
-1793.78
-3.1005
-2298.18
-1081.7
-217.877
-222.354
-362.573
-344.412
-355.291
-397.536
-395.678
-459.09
-406.885
-714.254
-263.553
-1962.13
2.8571
-2315.35
-1081.06
-217.637
-222.037
-361.87
-342.883
-353.825
-389.156
-389.436
-450.857
-416.41
-674.517
-354.144
-1928.72
112.876
-2595.06
-1080.8
-218.009
-222.007
-361.95
-342.755
-355.597
-384.197
-379.04
-437.305
-423.799
-620.192
-409.471
-1448.51
246.308
-2783.83
-1080.29
-218.12
-221.958
-361.996
-342.329
-356.924
-385.047
-373.168
-427.31
-425.7
-584.634
-473.522
-1052.3
285.199
-2812.55
-1080.36
-218.432
-222.008
-362.244
-342.694
-357.728
-386.515
-369.217
-423.485
-427.634
-566.85
-510.382
-943.518
254.49
-2822.64
-1080.23
-218.616
-222.386
-362.504
-342.83
-358.213
-386.376
-366.589
-421.446
-426.19
-560.029
-517.186
-917.867
246.869
-2811.75
-1080.97
-218.54
-222.605
-362.895
-343.601
-359.062
-388.06
-368.276
-424.266
-426.027
-566.496
-511.603
-944.251
262.705
-2832.12
-1081.83
-218.192
-222.321
-362.997
-343.997
-359.346
-388.944
-370.797
-428.357
-425.315
-585.775
-477.679
-1046.4
294.722
-2820.15
-1082.13
-218.576
-222.734
-363.638
-345.077
-359.774
-390.315
-377.233
-437.292
-425.468
-622.054
-415.029
-1422.12
268.659
-2788.85
-1082.64
-218.609
-222.9
-363.904
-345.589
-359.087
-393.257
-385.99
-451.384
-421.797
-678.935
-359.563
-1923.63
137.838
-2622.13
-1083.42
-218.959
-223.337
-364.848
-347.263
-360.332
-400.776
-393.371
-462.487
-415.109
-724.81
-266.093
-2020.12
18.3965
-2321.45
-1083.73
-219.022
-223.523
-365.311
-347.859
-361.502
-403.539
-397.713
-464
-410.075
-728.955
-241.85
-1819.44
10.2326
-2307.61
-1084.46
-219.73
-224.007
-366.723
-350.258
-366.114
-411.054
-398.088
-467.361
-410.341
-765.765
-252.983
-1864.49
-88.8331
-2263.67
-1235.06
-262.947
-250.097
-410.737
-397.007
-410.198
-484.779
-442.815
-584.814
-435.676
-973.767
-340.885
-1628.6
-8.66723
-3052.32
-1234.11
-261.94
-249.354
-408.367
-392.588
-401.607
-474.681
-444.952
-573.453
-436.266
-932.789
-318.621
-1703.03
-25.67
-3014.77
-1233.8
-261.961
-249.172
-407.519
-390.714
-397.507
-471.47
-446.479
-568.727
-450.289
-945.982
-313.318
-1961.57
9.83905
-2941.54
-1232.94
-261.459
-248.656
-406.06
-387.553
-393.616
-454.205
-442.114
-557.031
-477.108
-890.942
-396.468
-2360.45
52.4256
-3121.86
-1232.53
-261.847
-248.64
-405.977
-387.486
-395.915
-444.4
-430.613
-541.838
-498.329
-810.942
-487.914
-1925.82
227.644
-3559.07
-1231.82
-261.944
-248.539
-406.062
-386.918
-399.033
-439.998
-425.933
-527.524
-512.12
-754.585
-569.879
-1366.22
371.68
-3601.98
-1231.81
-262.436
-248.6
-406.519
-387.333
-401.112
-440.768
-421.913
-518.332
-520.677
-740.604
-624.322
-1207.44
340.041
-3636.99
-1231.45
-262.731
-249.027
-406.83
-387.681
-401.951
-440.931
-419.435
-514.806
-521.546
-732.353
-628.65
-1179.09
331.271
-3622.19
-1232.32
-262.717
-249.399
-407.459
-388.903
-403.264
-445.47
-420.353
-518.841
-520.588
-745.904
-625.349
-1210.32
356.116
-3659.95
-1233.61
-262.239
-249.133
-407.651
-389.57
-403.11
-446.129
-424.098
-527.695
-515.965
-765.392
-575.853
-1363.67
390.995
-3616.93
-1234.1
-262.67
-249.651
-408.476
-391.165
-403.111
-450.973
-430.473
-543.662
-506.425
-821.131
-491.905
-1909.71
280.209
-3588.53
-1234.73
-262.797
-249.893
-408.912
-391.831
-401.576
-458.784
-439.805
-562.162
-489.482
-905.202
-406.383
-2374.51
111.694
-3213.55
-1235.76
-263.401
-250.512
-410.524
-394.692
-404.197
-475.117
-445.553
-577.207
-465.4
-964.179
-315.86
-2036.39
20.4985
-2961.58
-1236.18
-263.581
-250.779
-411.458
-396.376
-407.58
-479.754
-447.65
-583.603
-451.735
-960.108
-321.237
-1751.15
-1.58931
-3019.5
-1237.12
-264.693
-251.534
-413.79
-400.449
-415.666
-489.739
-448.303
-595.677
-451.666
-1002.45
-348.314
-1684.56
-0.348757
-3041.14
-1396.46
-317.777
-281.42
-468.097
-460.211
-472.293
-585.086
-505.221
-757.445
-506.555
-1215.94
-528.855
-1717.87
306.261
-4138.6
-1395.32
-316.265
-280.265
-464.704
-454.094
-461.692
-574.086
-508.537
-734.038
-510.645
-1178.73
-540.266
-1804.51
70.9802
-4222.27
-1394.86
-316.082
-279.948
-463.284
-450.823
-455.536
-570.009
-515.274
-727.819
-531.821
-1209.08
-488.771
-2113.05
30.5369
-4019.03
-1393.78
-315.194
-279.083
-460.749
-445.161
-447.017
-548.997
-509.823
-713.522
-561.95
-1131.36
-551.264
-2698.59
139.962
-3970.24
-1393.18
-315.417
-279.001
-460.167
-444.147
-449.1
-537.548
-500.36
-698.541
-591.92
-1027.32
-648.375
-2382.63
335.07
-4571.71
-1392.3
-315.371
-278.829
-459.944
-443.935
-453.327
-529.573
-497.539
-680.207
-614.145
-939.827
-708.657
-1735.52
495.169
-4632.81
-1392.12
-315.99
-278.985
-460.575
-444.78
-457.289
-528.213
-496.415
-669.988
-634.549
-942.619
-761.657
-1548.04
477.06
-4663.62
-1391.61
-316.393
-279.345
-460.804
-445.385
-458.426
-526.833
-495.93
-663.567
-634.532
-923.009
-758.457
-1506.69
465.69
-4658.16
-1392.52
-316.523
-279.911
-461.74
-447.068
-460.459
-533.988
-498.071
-670.512
-638.443
-950.096
-762.999
-1548.39
506.576
-4692.86
-1394.19
-316.012
-279.795
-462.187
-447.986
-459.903
-537.106
-500.045
-684.305
-627.892
-963.419
-703.966
-1778.76
523.899
-4639.24
-1395.05
-316.514
-280.366
-463.384
-449.775
-459.417
-546.839
-504.099
-707.135
-613.046
-1053.29
-635.202
-2458.87
342.466
-4585.27
-1395.78
-316.873
-280.728
-464.23
-450.811
-456.673
-557.508
-512.468
-726.725
-586.561
-1156.01
-529.207
-2814.79
170.074
-3930.12
-1397.04
-317.923
-281.689
-466.86
-455.836
-462.622
-577.717
-520.281
-743.959
-557.494
-1232.95
-475.226
-2194.26
69.3666
-3978.92
-1397.62
-318.306
-282.105
-468.389
-458.982
-468.658
-582.303
-518.309
-750.725
-534.212
-1227.05
-539.141
-1884.34
87.4948
-4160.5
-1398.76
-319.922
-283.272
-471.759
-464.778
-479.173
-592.253
-516.044
-774.413
-527.763
-1264.09
-533.251
-1764.04
324.237
-4092.15
-1565.11
-385.594
-315.889
-536.732
-536.192
-547.524
-699.127
-589.954
-958.333
-637.594
-1511.38
-627.599
-2354.84
963.677
-5225.89
-1563.81
-383.618
-314.303
-532.476
-528.754
-535.835
-685.111
-589.913
-929.982
-654.749
-1472.95
-733.342
-2488.46
580.225
-5478.97
-1563.19
-383.17
-313.849
-530.53
-524.92
-528.595
-680.394
-599.199
-919.777
-669.797
-1510.2
-698.623
-2698.15
385.412
-5480.24
-1561.9
-381.877
-312.583
-526.963
-517.564
-515.904
-659.317
-593.674
-899.031
-674.18
-1375.97
-691.31
-3356.97
446.036
-5377.03
-1561.08
-381.807
-312.298
-525.571
-514.592
-513.594
-650.023
-587.838
-881.785
-696.841
-1279.48
-828.488
-3055
704.814
-5966.47
-1560.01
-381.545
-311.892
-524.566
-513.39
-516.697
-641.369
-584.293
-856.554
-718.399
-1144.9
-835.042
-2286.53
723.483
-6099.53
-1559.56
-382.174
-312.101
-525.066
-514.612
-521.895
-639.279
-586.315
-852.832
-748.311
-1181.54
-881.049
-2049.51
743.122
-6115.33
-1558.93
-382.675
-312.282
-525.122
-515.164
-523.657
-636.137
-586.511
-840.159
-742.365
-1131.84
-872.28
-1985.54
693.459
-6167.11
-1559.77
-383.012
-313.048
-526.372
-517.38
-526.914
-644.678
-590.848
-856.355
-755.545
-1173.85
-889.525
-2006.32
749.153
-6156.24
-1561.76
-382.562
-313.243
-527.302
-518.699
-526.478
-650.03
-591.7
-873.126
-739.462
-1176.29
-809.998
-2415.68
765.951
-6128.59
-1563.19
-383.137
-313.975
-529.266
-521.366
-526.142
-662.935
-596.043
-904.734
-733.351
-1320.75
-779.884
-3148.44
647.477
-6038.15
-1564.07
-383.802
-314.578
-530.947
-524.056
-525.668
-673.239
-603.673
-926.794
-713.701
-1408.83
-633.333
-3426.9
394.196
-5334.76
-1565.5
-385.397
-316.002
-534.738
-531.303
-536.633
-694.153
-613.566
-949.694
-704.889
-1541.61
-692.048
-2754.03
380.388
-5443.99
-1566.25
-386.071
-316.609
-536.901
-535.361
-544.588
-700.016
-608.566
-959.342
-686.397
-1546.99
-770.932
-2598.11
533.482
-5444.51
-1567.57
-388.174
-318.261
-541.286
-542.752
-556.95
-712.966
-607.187
-988.617
-666.887
-1585.67
-666.744
-2418.65
981.284
-5184.6
-1735.52
-475.913
-360.848
-625.351
-642.744
-656.74
-857.159
-725.778
-1204.86
-790.104
-1950.72
-589.663
-3360.21
1429.47
-6429.7
-1734.2
-473.688
-358.93
-620.645
-634.372
-644.835
-838.522
-717.346
-1170.7
-805.856
-1899.96
-811.222
-3671.31
992.455
-6679.89
-1733.47
-473.027
-358.38
-618.401
-630.356
-637.651
-830.108
-719.409
-1156.54
-805.204
-1894.68
-842.639
-3808.26
810.708
-6947.72
-1732.09
-471.488
-356.804
-614.195
-622.352
-624.21
-807.842
-710.169
-1123.63
-800.611
-1692.68
-740.769
-4261.73
727.787
-6913.66
-1731.09
-471.161
-356.293
-612.11
-618.08
-617.316
-796.028
-705.762
-1107.86
-822.363
-1598.25
-950.475
-4143.8
1052.12
-7487.47
-1729.9
-470.738
-355.556
-610.188
-614.713
-615.412
-784.879
-701.517
-1073.2
-831.654
-1432.86
-904.915
-3091.6
1077.03
-7936.54
-1729.18
-471.282
-355.683
-610.229
-615.243
-619.332
-783.359
-705.417
-1077.52
-858.84
-1499.54
-919.143
-2967.5
1082.46
-7714.25
-1728.47
-471.821
-355.677
-610.103
-615.306
-621.191
-779.927
-704.405
-1055.7
-850.253
-1406.22
-938.147
-2793.6
1166.85
-8146.54
-1729.2
-472.355
-356.538
-611.575
-617.974
-625.468
-789.414
-710.548
-1081.32
-862.532
-1425.72
-951.399
-2828.95
1251.09
-7904.69
-1731.37
-472.076
-357.089
-613.045
-620.139
-626.33
-796.004
-711.557
-1102.59
-847.232
-1473.77
-874.296
-3577.4
1175.55
-7916.08
-1733.34
-472.696
-358.152
-615.948
-624.743
-629.326
-811.176
-718.965
-1145.15
-863.027
-1688.79
-835.802
-4347.19
1030.11
-7480.76
-1734.44
-473.576
-359.009
-618.533
-629.315
-634.028
-823.871
-726.049
-1168.88
-851.146
-1771.08
-650.676
-4301.18
757.664
-6811.85
-1735.88
-475.573
-360.824
-623.176
-637.862
-647.448
-847.792
-739.448
-1202.79
-851.286
-1973.84
-784.482
-3976.77
871.72
-6861.2
-1736.72
-476.539
-361.591
-625.784
-642.417
-655.724
-858.509
-740.512
-1218.36
-843.576
-2019.14
-820.931
-3957
1079.05
-6566.01
-1738.07
-478.934
-363.653
-630.801
-651.143
-668.874
-878.172
-749.632
-1253.79
-821.561
-2065.73
-603.279
-3613.08
1640.76
-6292.39
-1899.41
-589.912
-412.919
-727.724
-764.023
-778.685
-1031.85
-894.597
-1481.6
-953.242
-2390.95
-599.139
-4163.04
1938.6
-8417.01
-1898.09
-587.471
-410.688
-722.794
-754.874
-766.299
-1009.75
-875.914
-1435.57
-947.673
-2319.57
-921.859
-4855.31
1295.88
-8660.1
-1897.25
-586.566
-410.003
-720.4
-750.534
-759.493
-998.135
-866.263
-1413.61
-926.709
-2264.44
-901.021
-5061.59
873.055
-8825.1
-1895.78
-584.787
-408.144
-715.862
-742.036
-746.524
-973.891
-846.386
-1361.26
-923.157
-2018.49
-758.199
-5314.03
751.894
-9003.72
-1894.62
-584.184
-407.396
-713.354
-737.103
-738.335
-957.652
-834.945
-1335.62
-950.871
-1924.15
-1032.88
-5256.64
1053.25
-9688.32
-1893.3
-583.581
-406.351
-710.766
-732.164
-732.203
-942.016
-825.234
-1290.46
-957.718
-1765.06
-924.028
-3848.86
1015.96
-10543.7
-1892.4
-583.977
-406.292
-710.314
-731.51
-733.176
-940.209
-827.083
-1299.47
-959.439
-1904.46
-929.371
-3745.56
769.031
-9808.93
-1891.7
-584.511
-406.188
-710.124
-731.144
-734.426
-938.001
-824.873
-1266.78
-961.874
-1757.9
-998.844
-4003.18
1126.29
-10852.1
-1892.36
-585.222
-407.049
-711.803
-734.251
-739.338
-948.436
-833.825
-1292.89
-953.252
-1759.01
-1010.05
-3744.18
1285.12
-10873.3
-1894.42
-585.176
-407.894
-713.816
-737.643
-743.018
-958.857
-842.159
-1332.75
-949.419
-1881.45
-1007.1
-4629.21
1296.55
-10480.6
-1896.68
-585.86
-409.417
-717.593
-744.295
-750.785
-978.872
-858.381
-1400.41
-986.019
-2234.2
-1026.92
-5497.6
864.421
-9833.3
-1898.1
-586.908
-410.574
-720.972
-750.441
-759.382
-997.735
-873.446
-1441.86
-987.18
-2337.45
-830.979
-5180.52
559.165
-8753.73
-1899.58
-589.203
-412.74
-726.231
-760.023
-773.73
-1024.68
-897.646
-1493.8
-1002.47
-2485.05
-908.369
-5098.47
744.737
-8724.71
-1900.46
-590.515
-413.703
-729.197
-765.216
-782.021
-1039.08
-911.111
-1520.92
-1015.27
-2556.62
-971.891
-5087.17
1155
-8499.19
-1901.76
-593.142
-416.125
-734.599
-775.047
-795.953
-1063.14
-933.358
-1567.9
-1015.47
-2613.35
-716.173
-4567.04
1831.94
-8274.4
-2014.64
-768.456
-500.599
-852.065
-961.441
-966.253
-1323.22
-1121.48
-1932.23
-1104.04
-3088.73
-521.745
-5314.85
2818.05
-11099.7
-2013.54
-766.295
-498.295
-847.756
-952.703
-955.279
-1300.45
-1099.33
-1870.99
-1070.22
-2967.84
-760.418
-6102.74
1995.84
-11425.4
-2012.75
-765.411
-497.573
-845.816
-948.526
-950.233
-1288.32
-1087.59
-1835.9
-1034.21
-2872.08
-653.56
-6252.54
1352.44
-11624.1
-2011.49
-763.817
-495.669
-841.905
-940.368
-939.958
-1264.36
-1066.4
-1762.19
-1022.21
-2583.39
-623.867
-6669.8
818.881
-12100
-2010.42
-763.189
-494.847
-839.793
-935.456
-933.842
-1247.21
-1054.48
-1710.66
-1058.39
-2415.08
-953.812
-6230.07
1613.33
-12960.2
-2009.27
-762.639
-493.724
-837.434
-930.16
-927.849
-1229.89
-1044.24
-1655.44
-1079.26
-2284.35
-901.437
-4565.17
1287.58
-14114
-2008.47
-762.954
-493.543
-836.942
-928.737
-927.46
-1225.74
-1044.63
-1654
-1071.05
-2392.18
-944.608
-4747.97
982.266
-12511
-2007.96
-763.491
-493.401
-836.849
-928.195
-928.425
-1224.48
-1046.35
-1627.07
-1085.21
-2235.16
-937.8
-5574.94
860.242
-12873.8
-2008.65
-764.211
-494.139
-838.484
-931.333
-933.063
-1235.17
-1054.32
-1656.7
-1058.48
-2266.03
-988.647
-4871.31
1223.67
-14792.8
-2010.42
-764.291
-494.952
-840.514
-935.244
-937.998
-1249.11
-1066.03
-1721.02
-1061.3
-2481.19
-939.307
-6027.8
1576.91
-13629.4
-2012.34
-764.884
-496.558
-844.16
-942.396
-946.896
-1272.49
-1083.87
-1816.16
-1078.02
-2993.4
-853.85
-7056.74
639.274
-12713.1
-2013.73
-765.856
-497.799
-847.399
-948.799
-955.463
-1293.88
-1102.03
-1880.56
-1090.68
-3084.11
-640.508
-6368.95
1351.28
-12061.7
-2015.04
-767.911
-499.966
-852.18
-958.059
-968.073
-1320.68
-1128.75
-1950.23
-1119.1
-3222.88
-574.183
-6412.91
1712.6
-11650.3
-2015.86
-769.229
-500.946
-854.851
-963.131
-975.052
-1335.5
-1144.52
-1991.41
-1142.73
-3341.46
-626.758
-6588.4
2448.43
-11320
-2016.92
-771.588
-503.376
-859.656
-972.443
-987.587
-1359.64
-1169.74
-2050.32
-1169.02
-3432.21
-473.679
-6223.87
3605.93
-11091.5
-2224.93
-3133.66
-4038.27
-5205.99
-6700.86
-8470.73
-10836.5
-13454.3
-17235.2
-21029.1
-28133.5
-30563.6
-55372.1
-40529.9
-132263
-935.868
-1213.86
-1417.64
-1770.92
-2210.45
-2718.22
-3427.08
-4160.03
-5396.07
-6434.92
-9333.69
-11166.2
-16458
-24637.1
-25464.1
-649.001
-888.101
-1102.42
-1429.77
-1799.4
-2261.29
-2830.95
-3556.07
-4481.88
-5857.16
-7510.9
-11066.4
-13516.2
-26957.2
-6823.83
-991.582
-1371.86
-1744.64
-2244.11
-2837.06
-3564.36
-4439.08
-5504.07
-6811.55
-8436.83
-10495.4
-12662.3
-15466.8
-16699.1
-15985.1
-1127.47
-1540.31
-1936.07
-2450.45
-3057.97
-3777.73
-4616.64
-5597.69
-6763.14
-8092.9
-9595.21
-11199.9
-11927.1
-14784.6
-13227.6
-1115.1
-1548.6
-1976.31
-2521.16
-3161.95
-3899.31
-4723
-5656.8
-6746.82
-7912.16
-9270.15
-10301.9
-11555.4
-13687
-10731.8
-1549.45
-2104.18
-2632.55
-3260.61
-3970.96
-4749.64
-5594.37
-6557.5
-7643.22
-8722.86
-9920.1
-10152.8
-11137.6
-10869.4
-3349.84
-1294.77
-1815.71
-2337.52
-2955.85
-3659.95
-4429.61
-5212.04
-6049.92
-6907.24
-7831.02
-8564.37
-7757.06
-9537.33
-5798.76
-3681.69
-2319.05
-3089.32
-3809.04
-4586.6
-5385.45
-6155.04
-6910.52
-7840.58
-8854.39
-10048.9
-10681.9
-10397.4
-11549
-7635.59
-34048.2
-1295.66
-1904.04
-2508.74
-3157.65
-3884.13
-4808.14
-5806.1
-6513.5
-7007.45
-8711.13
-10072.4
-9462.62
-12139.7
-2728.86
8875.37
-3791.81
-4997.58
-6111.45
-7219.29
-8363.59
-9361.26
-9444.69
-9501.19
-11242.8
-17620.5
-20768.9
-22318.7
-23184.5
-28711.5
-27568.5
-731.565
-1432.2
-1875.06
-2386.78
-3218.2
-3927.36
-4811.97
-5075.17
-6051.73
-12078.6
-17110.8
-18022.9
-15809.6
-13975.1
24299.8
-6290.72
-8961.64
-10707.4
-12981.4
-15900
-16030
-10285.5
-7393.58
-13462.4
-32532.8
-37464.6
-38021
-23206.7
-53178.7
-35315.5
3317.76
2698.32
3760.83
4097.79
8610.83
5503.69
8204.86
3752.48
1859.01
-1166.27
-7961.41
-6108.73
2584.34
41169.6
32102.7
-16084.4
-14082.1
-17925.4
-23495.8
-29051.7
-41937.6
-61710.2
-80785
-71270.7
-52815.6
-62419.5
-81047.1
-115267
-109569
-125436
-2223.53
-3131.77
-4035.65
-5202.73
-6695.91
-8463.97
-10825.5
-13438.6
-17206.5
-20985
-28050.4
-30473.4
-54914.5
-40127.8
-127802
-933.566
-1211.01
-1413.8
-1766.01
-2202.84
-2707.46
-3408.16
-4131.37
-5344.96
-6356.44
-9190.34
-10969.5
-16193
-23657.7
-25170.5
-646.295
-884.775
-1098.25
-1424.51
-1792.12
-2251.19
-2814.5
-3531.64
-4441.56
-5797.11
-7412.82
-10915.5
-13325.2
-26340.8
-7866.11
-986.972
-1366.37
-1737.8
-2235.5
-2825.13
-3546.95
-4410.29
-5460.1
-6742.58
-8334.49
-10330.6
-12429.3
-15083.6
-16370.4
-16049.9
-1117.64
-1528.07
-1920.72
-2431.76
-3033.96
-3745.03
-4564.87
-5522.08
-6650.54
-7942.31
-9361.66
-10925.1
-11485.4
-14326.1
-11201.7
-1103.5
-1534.05
-1957.98
-2498.78
-3131.63
-3853.04
-4644.88
-5549.62
-6602.09
-7735.59
-8998.06
-10055
-11044.3
-13830.1
-10570.9
-1523.4
-2069.59
-2589.33
-3210.27
-3908.77
-4663.56
-5457.04
-6378.45
-7406.59
-8440.32
-9479.27
-9754.4
-10293.2
-11419.5
5553.05
-1270.03
-1779.55
-2292.17
-2902.15
-3580.3
-4294.65
-4979.54
-5789.15
-6631.61
-7509.66
-8013.79
-7258.85
-8252.24
-6383.92
2609.95
-2247.83
-2992.85
-3697.06
-4465.15
-5244.11
-5960.34
-6613.42
-7574.13
-8513.64
-9472.49
-9462.49
-9486.09
-10221.1
-8899.52
-28605.2
-1254.62
-1839.69
-2434.67
-3074.86
-3721.58
-4615.66
-5457.57
-6266.36
-6964.11
-8304.46
-9240.9
-8584.26
-10559.1
1013.96
4533.17
-3669.05
-4788.75
-5889.52
-7004.07
-8363.36
-10095.5
-10574.9
-11833.9
-15006.3
-19910.2
-21371.6
-21922.1
-20624.9
-27654.8
-23292.9
-930.692
-1541.94
-1998.62
-2651.6
-4039.13
-5158.73
-5899.31
-8169.25
-11356.4
-15904.4
-18172.6
-19116.3
-12637.3
-11598.3
9811.44
-6960.35
-8891.75
-10843.5
-13864.6
-17265.2
-18933.6
-16562.8
-23819
-24678.8
-36351
-38916.1
-32714.3
-28178.4
-55022.6
-38210.2
2321.55
1957.41
1731.4
1214.5
4846.37
4456.65
3389.53
-3752.78
-4672.34
-3111.54
-11544.7
-8175.24
7855.22
45262.3
4178
-16287.4
-14891.5
-17574.7
-23311.2
-29170.2
-38574.5
-54010.3
-64988.8
-67904.4
-56890.6
-67312.2
-90734.5
-105025
-105475
-115790
-2222.49
-3130.39
-4033.71
-5200.33
-6692.1
-8458.85
-10817.1
-13426.7
-17184.6
-20950.4
-27986.7
-30383.3
-54791.3
-39804.5
-127509
-932.449
-1209.56
-1411.76
-1763.35
-2198.4
-2701.07
-3396.03
-4113
-5311.64
-6305.44
-9096.59
-10817
-15988
-23278.8
-24891.9
-645.105
-883.217
-1096.29
-1421.99
-1788.73
-2246.52
-2807.08
-3520.81
-4424.32
-5771.12
-7369.33
-10841.5
-13192.1
-26122.3
-7291.18
-984.626
-1363.56
-1734.34
-2231.16
-2819.16
-3538.22
-4395.5
-5437.63
-6707.48
-8283.69
-10246.9
-12313.4
-14901.7
-16176.2
-15502.9
-1112.07
-1521.36
-1912.39
-2421.76
-3021.41
-3728.48
-4538.89
-5485.82
-6599.26
-7880.26
-9268.88
-10842.5
-11361.6
-14322.5
-11453.6
-1097.61
-1527.19
-1949.75
-2489.45
-3119.41
-3832.81
-4608.69
-5502.27
-6544.24
-7673.23
-8911.03
-10002.2
-10913.3
-13726.6
-10343.1
-1507.19
-2049.41
-2565.14
-3182.33
-3874.19
-4616.3
-5385.31
-6291.79
-7308.72
-8338.13
-9343.06
-9653.89
-10039.3
-11579.4
1940.97
-1256.76
-1760.97
-2272.47
-2882.75
-3550.54
-4230.35
-4855.99
-5666.35
-6531.11
-7402.68
-7836.81
-7196.43
-8010.01
-5953.15
548.187
-2198.62
-2937.34
-3635.8
-4389.28
-5139.13
-5800.58
-6435.12
-7430.52
-8313.53
-9042.91
-8907.36
-8958.42
-9846.56
-9590.71
-18382.7
-1224.32
-1805.62
-2413.42
-3055.99
-3646.21
-4557.24
-5336.23
-6268.89
-7112.95
-8088.88
-8361.79
-7638.14
-7976.71
2912.9
9265.48
-3547.64
-4774.94
-5797.2
-6856.09
-8289.72
-10558.9
-11798.7
-14077.7
-15564.4
-16800.2
-17702.7
-19946.1
-19757.4
-27539.2
-23771.2
-690.436
-1507.64
-2094.75
-2784.16
-4486.71
-6289.43
-7872.01
-10687.3
-12090.8
-13160.8
-15985.8
-18517.5
-8974.3
-13566.9
1615.38
-8048.39
-9462.87
-10812.7
-13811.9
-17925.4
-20536.4
-20069
-23027.3
-27516.2
-36938.6
-42937.2
-30373
-38700.6
-59278
-46382.9
1157.05
221.215
914.986
1060.89
3451.52
5480.75
5101.35
1715.47
-4618.9
-4115.3
-17273.8
-5955.75
8346.9
43524
-5396.44
-15913.7
-15234
-17297.6
-22626.9
-28406.1
-37331.7
-46371.7
-52886.3
-60452.5
-60896.5
-71836.9
-100052
-99419.8
-108544
-110499
-2220.86
-3128.19
-4030.61
-5196.46
-6685.98
-8450.79
-10803.7
-13407.5
-17148.5
-20895.1
-27889.5
-30228.9
-54483.1
-39424.9
-125612
-930.69
-1207.36
-1408.69
-1759.36
-2191.64
-2691.31
-3377.51
-4085.44
-5260.37
-6229.08
-8953.46
-10608.8
-15638.2
-22520.4
-24267.7
-642.706
-880.207
-1092.5
-1417.1
-1781.89
-2236.88
-2791.72
-3497.84
-4387.44
-5713.84
-7281
-10687.3
-12993.4
-25500.9
-7072.55
-980.346
-1358.53
-1728.19
-2223.39
-2808.32
-3522.14
-4368.66
-5396.45
-6642.91
-8187.56
-10093.1
-12090.5
-14543.3
-15615.5
-15116.2
-1102.39
-1509.7
-1898
-2404.26
-2999.08
-3698.13
-4491.52
-5417.96
-6501.2
-7754.07
-9080.86
-10649.2
-11030.6
-14183.2
-11329.3
-1087.05
-1514.77
-1934.5
-2471.33
-3095.64
-3794
-4541.48
-5409.39
-6423.15
-7529.3
-8716.63
-9820.98
-10550.4
-13522.5
-9988.82
-1478.9
-2014.43
-2523.7
-3134.67
-3816.59
-4531.76
-5252.09
-6119.56
-7104.63
-8127.61
-9082.09
-9483.88
-9596.32
-11939.6
675.404
-1237.03
-1731.32
-2236.93
-2844.64
-3499.87
-4107.82
-4624.04
-5408.36
-6275.8
-7147.85
-7547.27
-7002.26
-7662.33
-5387.78
131.917
-2104.56
-2827.76
-3537.54
-4291.78
-5014.36
-5531.46
-6061.96
-6981.87
-7789.37
-8447.17
-8266.81
-8519.14
-9302.06
-9146.79
-10588.1
-1239.62
-1785.27
-2367.64
-3012.57
-3497.32
-4279.13
-4938.04
-5993.36
-6731.98
-7602.92
-7383.19
-6267.36
-4836.06
5715.02
14988.4
-3187.21
-4503.17
-5795.83
-7131.86
-9641.01
-13338.4
-14810.6
-15367.9
-14613.4
-14184.8
-14346.1
-16724.8
-18732.6
-26681.6
-21002
-1036.06
-1746.78
-2190.99
-2935.58
-5590.57
-7944.78
-9433.84
-11834
-12230.1
-13937.8
-15654.5
-15717.8
-3222.44
-11266
2706.87
-7990.27
-10156.3
-13861.4
-17566.1
-21196.9
-23809.5
-22827.7
-25038.5
-23137.8
-32273.5
-33870.7
-33665.2
-52215.2
-53587.4
-43555.6
1857.13
761.031
-998.745
-2184.2
574.419
4113.17
3710.4
484.912
-211.272
-808.944
-10027.6
11722.3
925.781
19763.3
-10018.8
-18943.3
-19478.7
-18977.4
-23941.4
-30243.1
-37629
-44736.5
-51488.6
-67109.9
-73231.5
-91253.5
-92303.2
-81711.4
-115637
-113085
-2219.45
-3126.3
-4027.83
-5192.95
-6680.15
-8443.29
-10790.6
-13388.6
-17112.3
-20840.4
-27789.2
-30075.3
-54234.6
-38947.3
-123947
-929.855
-1206.27
-1406.96
-1756.99
-2186.83
-2684.11
-3362.34
-4063.37
-5216.46
-6165.33
-8826.57
-10430.6
-15336.4
-21976.1
-24226.9
-641.342
-878.342
-1090.05
-1413.73
-1776.98
-2229.77
-2780.52
-3480.66
-4360.62
-5668.57
-7217.46
-10554.6
-12860.6
-25023.1
-7039.2
-977.783
-1355.49
-1724.44
-2218.54
-2801.21
-3511.21
-4350.13
-5367.62
-6596.82
-8114.81
-9976.39
-11904.9
-14270.5
-15092
-14594.9
-1095.73
-1501.71
-1887.94
-2391.85
-2982.94
-3676.46
-4459.15
-5373.1
-6437.27
-7669.09
-8961.04
-10523.9
-10856.8
-14155.5
-11115.3
-1080.43
-1507.57
-1925.79
-2461.62
-3082.69
-3770.8
-4502.01
-5355.39
-6354.73
-7440.83
-8621.35
-9690.28
-10399.4
-13357.9
-8912.08
-1455.78
-1985.03
-2487.08
-3091.4
-3761.54
-4455.4
-5151.12
-6003.15
-6988.07
-8019.47
-9001.73
-9536.62
-9549
-12016
1235.96
-1226.64
-1711.29
-2213.96
-2827.3
-3476.12
-4017.27
-4464.05
-5248.24
-6133.78
-6999.62
-7521.5
-7021.18
-7561.66
-4740.76
181.103
-2004.18
-2675.35
-3362.91
-4080.33
-4691.76
-4986.81
-5531.57
-6459.69
-7383.22
-8107.33
-7971.79
-8462.24
-9296.03
-7568.29
-10279
-1257.42
-1772.16
-2332.62
-2984.68
-3432.83
-4301.92
-4869.4
-5676.78
-6103.1
-6378.22
-5960.22
-5300.16
-3412.77
8778.88
12982.3
-2752.86
-3668.66
-4728.98
-5766.09
-7713.47
-11869.1
-14226.9
-13842.9
-11088.6
-9101.47
-9491.73
-13117.6
-18570.8
-25392.1
-24504.5
-1066.13
-1357.95
-2180.34
-3212.89
-6006.89
-8979.52
-10595.4
-11002.1
-9163.76
-9506.04
-11432.2
-13346.1
-3356.28
-10078
1418.9
-6431.82
-7693.76
-10487.4
-15382.4
-20585.1
-24793.2
-23285.7
-19342.8
-22170.6
-27611.4
-25777.1
-31812.7
-44043.8
-56109.4
-38450.5
2784.11
2635.68
671.346
1482.45
4460.31
6671.86
7675.04
6561.29
6149.48
7221.34
10804.3
14814
587.743
11038.5
-3753.65
-19163.8
-20284.3
-23720.2
-28290.4
-34282
-41294.6
-48403.9
-57008.7
-65940.8
-71581.1
-85361
-94788.6
-92944.1
-109080
-120777
-2217.97
-3124.32
-4024.82
-5189.15
-6673.62
-8435.08
-10775.5
-13366.9
-17069.5
-20779.2
-27664.4
-29903.6
-53923.3
-38409.5
-122153
-929.197
-1205.47
-1405.54
-1755
-2182.11
-2676.98
-3346.2
-4040.62
-5167.78
-6097.9
-8679.93
-10240.3
-14965
-21425.6
-23440.8
-639.81
-876.308
-1087.35
-1409.96
-1771.23
-2221.23
-2766.83
-3459.14
-4326.99
-5609.16
-7138.74
-10371.4
-12733.8
-24357.2
-6716
-975.087
-1352.41
-1720.71
-2213.61
-2793.45
-3498.91
-4329.12
-5334.48
-6543.11
-8025.75
-9838.46
-11667.7
-13970.4
-14373.5
-13800.4
-1089.09
-1493.9
-1878.16
-2379.48
-2965.81
-3652.72
-4423.13
-5321.84
-6361.27
-7561.21
-8813.29
-10330.1
-10686
-14058.7
-10578.8
-1073.99
-1501.07
-1917.93
-2452.04
-3067.59
-3744.04
-4457.79
-5292.77
-6270.91
-7326.7
-8506.6
-9485.03
-10350.8
-13225.7
-7092.33
-1435.96
-1962.54
-2458.33
-3056.47
-3710.28
-4383.19
-5046.39
-5872.64
-6843.21
-7892.35
-8944.28
-9535.29
-10014
-12304.8
1317.13
-1223.47
-1703.88
-2199.61
-2812
-3437.39
-3891.43
-4257.26
-5012.77
-5908.54
-6851.78
-7451.42
-7296.32
-7789.44
-5772.24
1497.84
-1959.63
-2624.64
-3283.92
-3978.9
-4423.31
-4574.6
-5074.15
-5994.81
-7086.6
-8065.05
-8441.48
-8994.75
-9681.81
-8663.26
-13324.1
-1337.05
-1828.98
-2315.42
-3025.42
-3233.28
-3826.09
-4194.97
-5004.6
-5723.95
-5975.07
-6188.92
-5450.64
-3362.46
8527.95
3440.17
-2686.81
-3624.53
-4544.25
-5073.25
-5819.24
-8181.11
-9879.51
-10553
-9507.03
-8571.06
-8506.85
-9245.6
-17960.6
-25580.4
-30604
-1070.61
-1524.08
-2205.33
-2761.29
-4088.34
-6742.82
-8594.8
-8261.54
-6440.21
-7040.41
-8731.77
-9375.29
-5456.17
-11642.4
880.113
-4742.99
-5112.19
-6036.94
-9113.4
-12418.5
-18505.5
-21547.8
-21013.6
-23414.9
-22296.3
-17591.4
-24514.3
-42947.8
-63425.1
-39317.6
768.138
197.608
883.755
1214.22
1938.58
3666.99
6068.3
3876.15
-4191.77
1651.05
10448.3
14442.8
5901.97
7495.3
9563.86
-21050.3
-23001.1
-26317.8
-32103.2
-39863.3
-45479.7
-52003.6
-63174.9
-74116.8
-78241
-87740.3
-95256
-101425
-98949.1
-127097
-2216.9
-3122.92
-4022.42
-5186.06
-6667.74
-8427.81
-10760.5
-13346.2
-17026.3
-20719.4
-27530.3
-29736.8
-53621.9
-37836.5
-120525
-929.409
-1205.73
-1405.37
-1754.53
-2179.1
-2672.18
-3332.73
-4022.5
-5123.83
-6040.67
-8540.06
-10067.4
-14613.7
-21029.3
-22447.5
-639.294
-875.432
-1085.93
-1407.6
-1767.04
-2214.55
-2755.86
-3441.1
-4298.92
-5553.43
-7070.35
-10180.7
-12658.4
-23637.1
-6276.3
-974.32
-1351.52
-1719.43
-2211.45
-2788.87
-3491.38
-4316.09
-5313.03
-6504.35
-7951.22
-9718.57
-11440
-13696.2
-13618
-12866.4
-1086.55
-1490.67
-1873.68
-2373.09
-2955.8
-3639.86
-4406.16
-5297.8
-6316.05
-7478.25
-8692.38
-10124.7
-10570.2
-14055
-9804.23
-1072.51
-1499.6
-1915.81
-2448.7
-3060.43
-3741.89
-4464.97
-5298.62
-6256.92
-7267.69
-8465.42
-9261.67
-10368.4
-13083.7
-5276.52
-1427.93
-1951.77
-2443.74
-3037.33
-3692.13
-4392.77
-5095.25
-5926.09
-6859.68
-7867.88
-8999.76
-9423.79
-10556.1
-12946.3
-122.052
-1225.09
-1700.66
-2190.45
-2798.6
-3433.47
-4029.93
-4539.63
-5260.83
-6058.53
-6967.34
-7614.46
-7223.18
-8056.5
-7284.41
3733.22
-1937.12
-2589.66
-3235.5
-3935.16
-4547.15
-5149.05
-5679.23
-6417.54
-7361.65
-8254.23
-8721.95
-9333.67
-9743.68
-10808.4
-14354.2
-1333.93
-1810.41
-2271.71
-2976.24
-3560.93
-4194.84
-4799.84
-5387.3
-5784.56
-6045.95
-6281.96
-4951.38
-2713.62
7400.8
-4981.52
-2715.03
-3621.84
-4492.49
-5414.88
-5860.76
-7126.94
-8328.64
-9804.18
-9824.91
-9263.74
-9805.23
-9190.41
-17900.7
-25754.4
-36369.2
-828.757
-1355.66
-2159.55
-3310.31
-4709.51
-6519.18
-6756.11
-6084.95
-5318.54
-6708.78
-9105.56
-8918.21
-6815.9
-13423.3
1469.78
-5773.46
-6183.34
-7196
-9813.09
-14851.6
-16987.1
-20961
-29360.3
-32890.9
-30486.6
-15063.4
-23052.5
-48229.9
-70262.7
-42653.6
76.2609
-1267.06
-771.114
413.675
-201.582
493.51
-1122.63
-5282.05
-12105.1
-10359.8
4187.02
15086
10950.3
6779.27
18957.7
-17155.5
-19659.8
-24130.2
-27992.5
-34871.5
-44987.5
-55791.2
-64175.2
-64371.3
-75047.1
-90846.2
-93940.7
-98670
-90236.5
-131025
-2216.19
-3122.14
-4020.56
-5183.63
-6662.27
-8421.21
-10745.2
-13326.2
-16980.5
-20660.3
-27377.6
-29588.6
-53275.2
-37249.1
-118938
-929.951
-1206.45
-1405.85
-1754.96
-2177.02
-2668.71
-3320.14
-4006.91
-5080.05
-5990.19
-8391.27
-9908.48
-14239.8
-20771.3
-20905.7
-639.065
-875.01
-1085.04
-1405.79
-1763.29
-2208.13
-2744.6
-3422.2
-4268.96
-5492.59
-6994.54
-9967.44
-12583.6
-22815.8
-5722
-974.343
-1351.84
-1719.65
-2211.02
-2785.95
-3485.1
-4303.32
-5291.63
-6463.75
-7872.36
-9584.4
-11193.4
-13333.6
-12870.4
-11907.1
-1085.93
-1489.96
-1871.95
-2369.59
-2948.01
-3627.58
-4386.6
-5269.98
-6262.72
-7384.47
-8543.25
-9869.81
-10270.6
-14091.9
-9562.14
-1073.64
-1502.23
-1918.83
-2450.56
-3056.62
-3733.79
-4455
-5286.53
-6224.08
-7196.16
-8415.32
-9024.48
-10215.3
-12826.8
-4750.75
-1427.93
-1952.06
-2440.22
-3028.18
-3672.25
-4371.07
-5084.2
-5922.65
-6819.72
-7814.16
-9045.28
-9303.73
-10745.9
-13589.5
-3634.77
-1231.07
-1713.97
-2202.88
-2797.67
-3410.3
-4007.6
-4577.84
-5323.21
-6099.08
-7097.43
-7687.53
-7624.8
-8072.48
-7949.67
1520.48
-1936
-2591.58
-3220.79
-3903.61
-4507
-5147.26
-5845.51
-6645.94
-7537.07
-8446.4
-8925.13
-10627.5
-11387.3
-12874.4
-16499
-1369.47
-1846.82
-2300.92
-2885.8
-3345.26
-4019.05
-4615.3
-5386.44
-6097.18
-6315.25
-7127.48
-4962.51
-3008.61
3891.75
-9731.11
-2597.57
-3403.47
-4286.84
-5186.04
-6116.12
-7674.91
-9077.88
-10762.6
-10477.5
-10173.8
-10711.6
-11413.7
-18342.2
-26245.7
-44385.9
-732.112
-1245.71
-2054.6
-3022.8
-3970.78
-5298.99
-6575.78
-6705.28
-6662.72
-8632.35
-9294.69
-9958.24
-10063.1
-14953.7
-2284.39
-6470.02
-6957.3
-7881.18
-9717.96
-13265.1
-18466.4
-25750.1
-29803.9
-28531.7
-29176.1
-14169.5
-26816.2
-55615.9
-69946.3
-47465
-271.252
-1484.68
-1790.81
-1314
-1291.76
-1811.76
-6418.8
-8264.26
-6697.78
-5251.43
2070.31
15365.3
2281.64
9916.13
30352.8
-17526.4
-18952.5
-24153.9
-30911.2
-38421.5
-41828
-44431.9
-49867.3
-53883.7
-68461.3
-91702.4
-95398
-94665.4
-91398
-135297
-2216.85
-3123.55
-4020.09
-5182.6
-6658
-8416.38
-10730.8
-13308.5
-16933.6
-20607.4
-27208.1
-29486.2
-52882.4
-36718.4
-117683
-930.69
-1207.38
-1407.14
-1756.52
-2176.29
-2667.25
-3309.75
-3995.78
-5039.37
-5951.2
-8241.25
-9779.94
-13863.2
-20705.1
-18941.9
-639.838
-875.843
-1085.49
-1405.42
-1761.01
-2203.36
-2735.21
-3405.65
-4241.29
-5433.94
-6918.74
-9759.17
-12480.4
-22099.1
-5207.18
-976.31
-1354.52
-1722.41
-2213.48
-2786.35
-3483.16
-4295.86
-5277.53
-6429.68
-7801.32
-9445.38
-10943.1
-12828.6
-12343
-10878.3
-1089.54
-1494.31
-1875.87
-2372.48
-2947.31
-3623.82
-4376.99
-5255.81
-6220.6
-7303.97
-8388.9
-9595.43
-9776.27
-14108.3
-9805.33
-1078.99
-1510.16
-1927.74
-2460.04
-3063.31
-3742.12
-4466.89
-5303.69
-6216.28
-7155.24
-8375.78
-8778.94
-9781.31
-12432.2
-5493.87
-1440.81
-1967.52
-2454.19
-3040.69
-3680.65
-4384.85
-5113.48
-5970.54
-6823.1
-7837.4
-9012.55
-9327.4
-10534.3
-13627
-7503.61
-1239.31
-1731.56
-2222.2
-2820.6
-3432.19
-4060.02
-4692.28
-5480.52
-6254.98
-7365.94
-7638.9
-8416.06
-8029.77
-7666.89
-5699.69
-1982.57
-2644.95
-3265.54
-3963.29
-4586.49
-5277.63
-6077.23
-6948.01
-7898.3
-8732.92
-9179.51
-12059.2
-13242.1
-13707.8
-21613.9
-1358.89
-1864.27
-2327.44
-2947.09
-3405.86
-4025.51
-4727.37
-5666.21
-6610.77
-6715.95
-7823.21
-5982.41
-4573.35
-1101.59
-9538.16
-2807.57
-3591.49
-4361.93
-5598.56
-6472.28
-7578.74
-8876.8
-10918.5
-11114.2
-11742.7
-11250.9
-13952.8
-19647.5
-28702.2
-51938.8
-1181.92
-1603.44
-2388.77
-3288.54
-3978.47
-5188.53
-6413.86
-7464.51
-7844.69
-9469.48
-7709.49
-11381.1
-11819.6
-15514.4
-6030.48
-5092.7
-6330.75
-7060.76
-7908.55
-11088.3
-17680.8
-24189.1
-30392
-31123.3
-29985.7
-12763.8
-31731.4
-54270.5
-56553.9
-50111.8
837.469
-981.784
-664.061
579.836
-380.454
-3715.19
-3094.95
-3392.47
-1891.87
-407.09
2378.09
12325
-4091.68
12003.1
38526.6
-23869
-26825.5
-32091.3
-40005.7
-49582.5
-50685
-46592.9
-47488
-50552.2
-68061.1
-94343
-99328.4
-86467.6
-95167.7
-140643
-2218.72
-3127.06
-4021.99
-5183.24
-6654.9
-8413.3
-10716.9
-13293
-16885.5
-20565.8
-27015.9
-29463.6
-52423.5
-36320.7
-116858
-930.723
-1207.45
-1408.2
-1758.4
-2176.25
-2667.14
-3300.96
-3988.33
-5000.49
-5922.97
-8088.97
-9681.77
-13484.4
-20747.1
-16834.9
-640.806
-877.121
-1086.57
-1405.76
-1759.52
-2199.59
-2726.77
-3390.04
-4213.88
-5376.59
-6840.08
-9555.63
-12315.9
-21637.6
-4847.13
-978.987
-1358.34
-1726.72
-2217.83
-2788.78
-3483.43
-4290.09
-5265.26
-6394.91
-7730.09
-9293.31
-10664.3
-12240.5
-12059.5
-9935.22
-1094.63
-1500.55
-1881.9
-2377.66
-2948.41
-3621.29
-4366.39
-5239.98
-6171.77
-7220.27
-8216.71
-9291.27
-9289.6
-14082.2
-9730.85
-1086.46
-1521.75
-1941.48
-2474.22
-3072.61
-3749.27
-4470.48
-5308.11
-6187.81
-7104.4
-8257.69
-8525.92
-9350.86
-12171.7
-6377.97
-1460.32
-1990.27
-2473.79
-3053.71
-3678.73
-4377.66
-5104.95
-5972.5
-6771.84
-7838.13
-8792.99
-9359.03
-10316.6
-13887.5
-9487.99
-1253.75
-1763.76
-2258.7
-2842.36
-3424.26
-4046.59
-4708.49
-5529.36
-6329.56
-7544.38
-7513.75
-9095.26
-8686.63
-8585.97
-12207.8
-2071.03
-2724.34
-3298.27
-3925.76
-4476.15
-5197.82
-6110.62
-7059.82
-8089.71
-8872.75
-9604.52
-13243.2
-14619.7
-15752.4
-25996.2
-1376.08
-1916.45
-2336.85
-2741.21
-3065.03
-3735
-4522.64
-5799.65
-6840.33
-7589.8
-8400.04
-7280.6
-6399.2
-4781.96
-8294.33
-3036.34
-3573.97
-3931.23
-4618.48
-5336.8
-6685.2
-8888.48
-11487.4
-12744
-14832.6
-14419.4
-16565.3
-21131.7
-31707.1
-57687.7
-1275.38
-1679.31
-2154.8
-3612.7
-4294.47
-3690.96
-5857.31
-10135
-11987.9
-13294.9
-8286.54
-12662.4
-14139
-16864.4
-6771.37
-6072.84
-6708.41
-9765.85
-13891.5
-13619.7
-17393.3
-24674.5
-34493.6
-37836.7
-35200
-16344.3
-33796.6
-49571.5
-43803.7
-57262.1
3776.03
3211.41
3684
5792.73
7323.1
-881.511
-2540.68
715.934
1452.47
117.199
3649.96
3201.85
-4015.51
15001.2
40948.3
-21599.7
-24880.3
-29841.9
-36834
-49405.5
-65023.3
-58251.4
-55032.2
-59551.3
-75631.4
-93613
-96982.7
-78272.6
-98749.8
-137427
-2220.83
-3130.91
-4026.37
-5187.32
-6653.59
-8412.36
-10703.7
-13280.5
-16837.6
-20536.4
-26798
-29537.9
-51905.5
-36065
-116417
-931.087
-1207.74
-1408.85
-1760.09
-2176.87
-2668.36
-3293.93
-3983.85
-4963.79
-5903.3
-7940.83
-9586.95
-13136.8
-20782.8
-15080.5
-642.577
-879.28
-1088.74
-1407.36
-1759.28
-2197.18
-2719.5
-3375.49
-4186.93
-5320.06
-6758.51
-9354.96
-12098.4
-21456.5
-4643.94
-983.266
-1363.83
-1732.92
-2224.45
-2793.94
-3487.05
-4287.71
-5256.33
-6361.02
-7657.62
-9132.88
-10343.1
-11689.9
-11847
-8939.94
-1103.27
-1510.72
-1892.27
-2387.89
-2955.59
-3625.58
-4362.49
-5230.52
-6125.37
-7138.06
-8031.23
-8952.87
-8940.3
-13869.9
-8402.82
-1097.93
-1537.27
-1959.85
-2495.75
-3093.3
-3772.09
-4489.97
-5325.45
-6162.66
-7052.29
-8045.32
-8268.14
-9056.23
-11675.3
-5216.95
-1490.28
-2025.67
-2509.71
-3090.29
-3707.71
-4402.95
-5123.75
-5993.48
-6734.45
-7822.7
-8504.37
-9373.8
-10210.7
-14094.9
-8847.62
-1275.17
-1801.8
-2310.13
-2909.36
-3487.36
-4123.53
-4804.75
-5626.67
-6444.53
-7665.64
-7464.69
-9667
-9509.22
-10162
-15523.6
-2203.56
-2874.51
-3453.65
-4080.44
-4574.31
-5278.58
-6188.47
-7192.64
-8239.31
-8901.21
-9953.27
-13856.4
-15052.7
-18589.7
-27136.4
-1388.84
-1967.56
-2517.33
-3011.41
-3200.6
-3855.38
-4647.37
-5825.74
-7100.68
-8310.29
-9170.5
-8309.89
-6615.62
-7512.92
-8144.14
-3760.52
-4411.46
-5114.31
-5413.79
-5415.77
-6436.03
-8564.59
-11421
-14351.3
-17726.3
-17677.7
-19145.3
-19748.8
-33698.9
-64266.6
-1435.12
-2000.72
-3141.31
-4970.62
-5965.92
-4842.39
-5842.15
-10263.7
-15320.2
-18253.9
-10403.2
-13218.1
-13382.6
-18843
-3021
-7530.61
-8870.56
-14233.9
-22231.4
-22346.4
-18964.1
-29575.2
-41515.3
-44305.4
-34643
-20378.8
-34672.6
-42998.3
-41895
-66708.9
1593.97
2511.12
2916.34
3373.56
6359.57
7547.25
-1337.29
154.905
-1115.42
2249.84
7883.03
2585.04
1173.23
11701.3
31903.9
-21485.2
-24373.7
-30275.9
-37992.5
-49328.9
-68192.6
-74958.9
-68545.1
-74944.1
-88600.2
-89135.3
-80205.3
-72444.8
-105243
-133862
-2222.4
-3133.57
-4030.39
-5193.3
-6653.55
-8413.06
-10691.4
-13272.4
-16792.5
-20518.1
-26573.6
-29662
-51446
-35854.6
-116079
-931.998
-1208.62
-1409.1
-1760.9
-2177.58
-2670.23
-3288.65
-3981.95
-4932.95
-5893.22
-7813
-9483.27
-12885.8
-20732.5
-14009
-644.172
-881.14
-1090.73
-1409.2
-1759.69
-2195.94
-2714.26
-3363.81
-4165.97
-5269.99
-6686.42
-9142.61
-11880.6
-21359.8
-4345.01
-987.32
-1369.06
-1739.07
-2231.4
-2800.02
-3492.44
-4288.12
-5250.59
-6332.13
-7587.39
-8983.66
-9967.85
-11241.2
-11580.7
-8322.29
-1111.36
-1520.13
-1901.97
-2397.61
-2962.86
-3631.03
-4359.82
-5221.33
-6079.9
-7055.23
-7846.8
-8526.56
-8692.04
-13489.8
-7065.94
-1108.93
-1551.82
-1977.41
-2516.82
-3114.28
-3796.24
-4508.47
-5335.55
-6123.87
-6982.07
-7771.9
-7928.62
-8818.79
-10791
-4144.78
-1517.61
-2057.52
-2541.76
-3122.48
-3733.12
-4425.53
-5124.61
-5972.41
-6654.28
-7761.02
-8129.41
-9385.28
-10169.9
-14235
-9794.52
-1296.83
-1837.35
-2355.3
-2971.76
-3553.86
-4207.98
-4873.49
-5656.39
-6468.54
-7637.76
-7365.95
-10153.3
-10226.8
-11538.4
-17387.9
-2296.43
-2995.09
-3578.38
-4219.43
-4698.24
-5362.08
-6113.87
-7032.8
-8157.6
-8522.59
-10120.6
-14518.1
-15203.5
-21003
-26715.1
-1385.06
-2002.47
-2623.51
-3251.01
-3434.39
-4046.17
-4599.38
-5620.33
-6850.82
-8545.08
-9967.83
-9998.2
-7460.65
-10087.1
-13432.9
-4086.4
-5013.01
-5826.22
-6439.35
-6202.74
-6777.09
-8147.78
-10408.3
-13663.7
-19330
-20844.6
-23047.2
-22396.6
-37189.8
-68541.1
-1278.55
-1944.16
-2987.99
-4550.8
-7387.64
-7017.4
-4713.17
-6628.88
-12876.4
-20166.6
-14584.1
-17653.3
-15619
-27112.2
-8604.54
-8984.72
-11648.9
-17562.2
-22350.6
-27971.3
-21886.5
-29906.3
-44941
-48920.7
-34118.3
-28022.1
-39631.2
-38726.9
-47708.3
-76368
657.845
-101.716
1747.61
55.9807
-1336.25
4508.78
4481.72
2891.81
-1728.7
6931.62
10552.9
7268.09
6340.85
4681.26
17033
-17584.9
-22324.3
-26413.6
-35552.5
-49378.1
-72582.3
-91658.1
-85511.5
-88656.7
-103836
-88423.9
-77997
-77481.8
-113305
-122427
-2223.91
-3135.77
-4033.4
-5198.71
-6654.63
-8415.44
-10680.2
-13268.4
-16747.6
-20504.8
-26353
-29753.8
-51048.1
-35662
-115582
-934.014
-1210.87
-1410.37
-1762.17
-2178.47
-2672.18
-3283.57
-3980.03
-4903.48
-5880.75
-7705.37
-9357.18
-12756.6
-20531.7
-13430.1
-646.647
-883.792
-1093.33
-1411.64
-1760.58
-2194.94
-2708.34
-3351.2
-4141.65
-5213.09
-6605.88
-8910.93
-11623.3
-21043.3
-4003.71
-992.71
-1375.51
-1746.33
-2239.38
-2807.3
-3498.86
-4288.96
-5243.65
-6299.25
-7504.39
-8823.78
-9537.15
-10802.5
-11126.8
-7076.41
-1121.97
-1532.3
-1914.71
-2410.31
-2973.6
-3640.09
-4360.36
-5213.12
-6030.36
-6955.98
-7630.62
-7986.35
-8409.73
-12863.7
-5471.55
-1122.81
-1569.11
-1998.12
-2541.44
-3141.65
-3829.31
-4535.3
-5352.79
-6080.89
-6887.52
-7449.05
-7479.68
-8449.24
-8541.61
-1444.93
-1548.02
-2094.35
-2580.43
-3163.32
-3774.71
-4470.62
-5148.57
-5975.99
-6581.29
-7697.32
-7646.77
-9359.66
-10052.5
-13974.7
-13346.6
-1324.15
-1876.71
-2403.76
-3039.65
-3648.44
-4342.3
-4991.25
-5750.35
-6545.73
-7473.15
-7265.22
-10411.6
-10714.3
-13055.6
-24521.2
-2375.64
-3105.32
-3684.04
-4359.26
-4897.95
-5582.3
-6196.89
-7027.71
-8128.92
-7895.4
-10076.6
-14963.1
-15608.5
-24250.8
-32792.7
-1397.65
-2046.16
-2685.58
-3447.32
-3819.32
-4517.03
-4777.5
-5774.99
-6545.8
-8787.53
-10243.6
-12209.8
-10029.8
-12795.1
-15383.3
-4199.81
-5231.07
-5903.08
-6863.79
-7414.42
-7835.08
-8323.37
-10449.1
-13649.1
-20081.5
-21243
-27488.7
-25215.3
-38758
-57061.6
-1085.62
-1882.95
-2662.72
-4534.22
-6398.86
-9194.47
-5284.18
-4752.29
-10109.8
-16515.1
-14679.8
-20526.2
-14992.1
-36705.7
-6143.85
-8798.95
-10926.6
-14082.5
-19637.1
-27760.4
-26317.9
-26700.5
-49978.3
-53252.9
-35952.8
-35328
-42693.5
-36599.6
-48282
-79725.5
1261.59
509.673
3043.91
2818.96
-2310.62
-4533.15
16954.8
728.425
1249.51
12815.3
11020.4
9005.57
4232.19
-1242.91
16752.1
-15456.6
-19318.3
-26966.9
-36454.9
-48656.2
-83160.6
-104986
-109401
-108351
-105994
-86075.7
-83109.7
-86178.2
-132924
-134608
-2224.85
-3137.02
-4034.99
-5202.08
-6655.72
-8418.32
-10670.2
-13267.7
-16703.4
-20497
-26137.9
-29907.6
-50511.4
-35496.8
-115090
-935.499
-1212.66
-1411.53
-1763.22
-2179.36
-2674.54
-3282.98
-3983.62
-4894.82
-5888.14
-7650.67
-9302.8
-12853.7
-20409.2
-13013.1
-648.031
-885.271
-1094.83
-1413.24
-1761.77
-2195.52
-2707.53
-3346.71
-4135.9
-5179.87
-6572.56
-8692.92
-11544.9
-20679.5
-4105.68
-996.04
-1379.63
-1751.2
-2245.06
-2813.06
-3504.88
-4292.28
-5242.51
-6282.13
-7447.16
-8716.06
-9169.83
-10580.6
-11067.5
-6864.42
-1128.32
-1539.59
-1922.46
-2418.29
-2980.6
-3647.23
-4362.09
-5209.95
-5997.12
-6891.13
-7464.88
-7525.2
-8306.87
-12581
-5138.6
-1131.27
-1579.74
-2011.05
-2557.44
-3159.78
-3853.41
-4555.01
-5367.02
-6044.52
-6823.4
-7097.64
-7170.13
-8278.45
-7444.46
-3126.03
-1566.04
-2116.13
-2603.28
-3187.22
-3797.5
-4500.61
-5159.15
-5963.75
-6495.89
-7662.55
-7086.18
-9372.64
-10138.4
-16175.1
-16633.6
-1341.54
-1901.19
-2431.38
-3081.19
-3709.39
-4445.05
-5082.09
-5822.36
-6595.15
-7105.43
-7249.51
-10534.2
-10996.1
-13857.9
-15872.3
-2423.25
-3171.02
-3755.33
-4441.88
-4986.5
-5744.54
-6199.29
-6912.41
-7767.78
-7311.09
-10158.7
-15708.4
-16019.8
-26244
-32126.7
-1413.13
-2076.37
-2691.43
-3519.84
-4055.65
-4990.67
-4979.43
-6207.06
-5918.53
-9219.87
-10913.4
-14929.5
-10193.3
-16672
-27252.3
-4315.38
-5383.31
-6169.59
-7110.07
-7575
-8820.47
-8163.94
-9189.86
-13158.7
-21281.7
-21562.9
-28894.5
-21002.8
-41337.8
-53640.5
-981.591
-1711.68
-2247.68
-3764.71
-5427.46
-10509.9
-7472.19
-4086.35
-10873.1
-13989.2
-11533.7
-20165
-13975.4
-57238.6
6432.61
-8670.62
-10441.1
-13334.9
-18878
-25196.8
-34800.6
-19859.9
-45699.2
-75052.9
-50840.4
-38718
-42467
-28777.7
-61454.8
-77310.5
2186.74
1897.56
3439.77
2667.47
24.9393
-14612.5
16572.4
11905.5
-7202.21
5205.68
10104
9513.23
7423.06
79.4997
59972.9
-14811.5
-18276.1
-25452
-33256.4
-50026.6
-83036.1
-115297
-141210
-126592
-104083
-85724.4
-88433.6
-98173.2
-141519
-134755
-2226.08
-3138.6
-4036.71
-5204.88
-6657.08
-8421.41
-10661.8
-13267.9
-16663.4
-20491.1
-25995.2
-29813.9
-50289.4
-36056.6
-115192
-937.84
-1215.48
-1413.91
-1765.57
-2179.96
-2675.57
-3276.3
-3979.13
-4861.82
-5864.11
-7576.77
-9216.63
-12444.8
-18987.9
-12239.2
-650.681
-888.071
-1097.37
-1415.43
-1762.61
-2194.8
-2702.25
-3335.69
-4112.73
-5128.44
-6505.49
-8503.14
-11263.7
-20604.6
-3996.85
-1001.22
-1385.61
-1757.86
-2252.16
-2819.92
-3510.7
-4293.68
-5235.31
-6250.04
-7359.5
-8549.72
-8673.19
-10218.1
-10344.9
-5653.53
-1138.47
-1551.32
-1935
-2430.53
-2991.25
-3655.59
-4363.48
-5199.56
-5939.33
-6768.32
-7163.12
-6864.47
-7912.26
-11087
-3540.3
-1144.48
-1595.99
-2030.46
-2580.14
-3186.12
-3884.76
-4583.58
-5383.5
-5988.9
-6698.03
-6555.77
-6636.93
-7844.86
-6083.56
-6177.29
-1592.52
-2150.05
-2641.41
-3227.24
-3836.43
-4543.91
-5195.74
-5970.04
-6412.3
-7457.99
-6484.13
-9017.09
-9699.79
-15599.3
-17640.1
-1367.42
-1937.91
-2475.88
-3138.78
-3790.45
-4578.48
-5242.81
-5975
-6676.38
-6596.49
-7225.53
-10377.3
-11054.4
-16034.4
-24309.1
-2489.23
-3271.26
-3874.14
-4587.93
-5133.78
-5967.77
-6410.96
-7042.17
-7133.18
-6728.57
-9687.43
-16057.4
-17069.6
-32175.2
-51292.6
-1439.81
-2136.09
-2748.38
-3584.4
-4187.97
-5513.19
-5822.57
-7087.61
-5077.32
-8155.46
-9377.49
-14915.8
-8659.81
-20709.8
-11819.3
-4454.58
-5658.45
-6523.87
-7698.09
-8033.7
-9998.41
-9806.86
-8447.35
-12415.5
-18508.4
-17939.7
-26309.3
-15934.3
-46977.3
-8244.15
-885.977
-1654.25
-2096.85
-3355.28
-3690.37
-9803.67
-12059
-3277.57
-10885.8
-14544.1
-10753
-21408.9
-11361.2
-63526.8
42352
-8768.81
-10769
-13053
-17613.1
-21198.1
-36176.3
-16334.6
-30508.6
-60586.3
-51966
-39856.2
-40722.3
-32461.2
-54208.4
-46262.3
3178.07
2831.65
5474.41
5174.5
6437.46
-17507.1
8127.56
40034.6
6548.03
19356.1
21322.8
14697.7
11755.6
13533.4
35136.1
-14661.7
-18259.5
-24755.3
-29440.5
-47162.9
-82805.2
-138164
-181273
-194048
-125842
-93130.6
-106102
-124533
-165608
-213092
)
;

boundaryField
{
    outletsourceFace
    {
        type            zeroGradient;
    }
    outletdestinationFace
    {
        type            zeroGradient;
    }
    outletFace
    {
        type            zeroGradient;
    }
    outletWall
    {
        type            fixedValue;
        value           uniform 0;
    }
    inletFace
    {
        type            zeroGradient;
    }
    inletWall
    {
        type            fixedValue;
        value           uniform 5;
    }
    inletsourceFace
    {
        type            zeroGradient;
    }
    inletdestinationFace
    {
        type            zeroGradient;
    }
}


// ************************************************************************* //
