/*--------------------------------*- C++ -*----------------------------------*\
| =========                 |                                                 |
| \\      /  F ield         | OpenFOAM: The Open Source CFD Toolbox           |
|  \\    /   O peration     | Version:  4.1                                   |
|   \\  /    A nd           | Web:      www.OpenFOAM.org                      |
|    \\/     M anipulation  |                                                 |
\*---------------------------------------------------------------------------*/
FoamFile
{
    version     2.0;
    format      ascii;
    class       volScalarField;
    location    "28";
    object      p;
}
// * * * * * * * * * * * * * * * * * * * * * * * * * * * * * * * * * * * * * //

dimensions      [0 2 -2 0 0 0 0];

internalField   nonuniform List<scalar> 
6750
(
-77.8701
-42.9034
-101.217
-106.648
-123.238
-130.618
-136.632
-140.47
-142.728
-141.791
-143.064
-137.302
-141.224
-68.6587
-144.783
-77.7355
-42.505
-100.851
-106.496
-123.454
-130.926
-137.021
-140.534
-142.691
-141.767
-143.09
-137.436
-141.055
-68.1778
-144.739
-77.6063
-42.1242
-100.571
-106.445
-123.659
-131.176
-137.335
-140.538
-142.652
-141.757
-143.131
-137.41
-140.914
-67.7065
-144.739
-77.4416
-41.6112
-100.2
-106.371
-123.912
-131.474
-137.654
-140.587
-142.6
-141.759
-143.175
-137.244
-140.838
-67.384
-144.608
-77.2851
-41.0429
-99.8429
-106.328
-124.157
-131.736
-137.935
-140.735
-142.676
-141.841
-143.163
-136.654
-140.701
-67.125
-144.474
-77.1513
-40.4674
-99.4933
-106.281
-124.376
-131.987
-138.332
-141.028
-142.664
-141.897
-143.093
-136.873
-140.699
-66.8195
-144.326
-77.0757
-39.9895
-99.2107
-106.232
-124.511
-132.178
-138.589
-141.007
-142.669
-141.962
-142.977
-137.306
-140.656
-66.5361
-144.181
-77.0782
-39.8539
-99.1264
-106.215
-124.554
-132.252
-138.736
-141.12
-142.627
-141.918
-143.017
-137.514
-140.619
-66.2884
-144.092
-77.1475
-40.1109
-99.2854
-106.262
-124.514
-132.212
-138.686
-141.146
-142.658
-141.917
-143.023
-137.335
-140.584
-66.4455
-143.883
-77.2849
-40.6417
-99.6126
-106.334
-124.387
-132.056
-138.405
-141.068
-142.682
-141.93
-143.003
-136.753
-140.5
-66.6669
-143.701
-77.4698
-41.254
-100.001
-106.405
-124.186
-131.806
-138.016
-140.844
-142.719
-141.961
-143.178
-136.668
-140.411
-66.8511
-143.543
-77.6669
-41.8349
-100.382
-106.467
-123.95
-131.545
-137.707
-140.711
-142.707
-141.95
-143.218
-137.177
-140.456
-67.0262
-143.403
-77.8608
-42.3467
-100.77
-106.558
-123.704
-131.25
-137.404
-140.687
-142.805
-142.029
-143.245
-137.623
-140.507
-67.2816
-143.319
-78.0077
-42.723
-101.06
-106.62
-123.502
-131
-137.114
-140.727
-142.848
-142.126
-143.236
-137.748
-140.621
-67.7213
-143.163
-78.1561
-43.1105
-101.434
-106.782
-123.29
-130.691
-136.714
-140.67
-142.935
-142.244
-143.179
-137.684
-140.754
-68.1629
-143.045
-105.196
-30.9078
-103.463
-106.122
-123.753
-130.915
-137.019
-140.668
-143.165
-141.888
-143.76
-136.35
-147.681
-52.0798
-202.14
-105.043
-30.5238
-103.051
-105.91
-123.983
-131.248
-137.465
-140.756
-143.119
-141.86
-143.77
-136.462
-147.466
-51.577
-202.155
-104.913
-30.22
-102.794
-105.842
-124.182
-131.466
-137.766
-140.753
-143.075
-141.849
-143.798
-136.381
-147.261
-51.1263
-202.287
-104.745
-29.7773
-102.406
-105.724
-124.433
-131.753
-138.097
-140.806
-143.011
-141.832
-143.843
-136.243
-147.182
-50.7685
-202.099
-104.601
-29.3006
-102.035
-105.656
-124.669
-131.987
-138.356
-140.914
-143.088
-141.878
-143.852
-135.653
-146.999
-50.4872
-201.921
-104.491
-28.8087
-101.645
-105.583
-124.88
-132.215
-138.733
-141.197
-143.049
-141.893
-143.791
-135.874
-147
-50.1595
-201.717
-104.453
-28.3925
-101.305
-105.519
-125.004
-132.38
-138.974
-141.148
-143.074
-141.946
-143.719
-136.198
-146.94
-49.8817
-201.519
-104.481
-28.2736
-101.199
-105.496
-125.04
-132.44
-139.102
-141.262
-142.988
-141.922
-143.674
-136.376
-146.845
-49.6272
-201.454
-104.541
-28.4899
-101.397
-105.546
-125.003
-132.402
-139.048
-141.27
-143.012
-141.932
-143.68
-136.266
-146.828
-49.756
-201.04
-104.666
-28.9409
-101.779
-105.63
-124.88
-132.266
-138.777
-141.207
-143.033
-141.94
-143.629
-135.766
-146.7
-49.931
-200.682
-104.849
-29.4567
-102.206
-105.726
-124.683
-132.034
-138.399
-140.995
-143.08
-141.973
-143.805
-135.645
-146.557
-50.1019
-200.368
-105.052
-29.9381
-102.596
-105.81
-124.451
-131.799
-138.101
-140.871
-143.033
-141.943
-143.798
-136.101
-146.591
-50.2635
-200.08
-105.261
-30.3772
-102.999
-105.945
-124.205
-131.509
-137.781
-140.825
-143.109
-141.994
-143.82
-136.49
-146.623
-50.5085
-199.915
-105.416
-30.6758
-103.264
-106.022
-124.008
-131.289
-137.495
-140.864
-143.133
-142.05
-143.816
-136.618
-146.782
-50.9001
-199.516
-105.589
-31.0501
-103.681
-106.245
-123.782
-130.954
-137.034
-140.772
-143.245
-142.165
-143.796
-136.597
-146.934
-51.3161
-199.219
-151.011
-6.91441
-105.984
-105.302
-124.72
-131.705
-138.072
-141.248
-144.068
-142.184
-145.171
-134.04
-159.541
-15.7807
-305.314
-150.839
-6.63637
-105.558
-104.996
-124.935
-132.042
-138.554
-141.374
-144.016
-142.159
-145.152
-134.108
-159.232
-15.267
-305.363
-150.716
-6.4926
-105.345
-104.901
-125.104
-132.203
-138.803
-141.356
-143.967
-142.151
-145.151
-133.976
-158.841
-14.8378
-305.641
-150.564
-6.21899
-104.937
-104.704
-125.326
-132.467
-139.129
-141.42
-143.896
-142.121
-145.176
-133.896
-158.772
-14.4505
-305.311
-150.475
-5.94188
-104.54
-104.595
-125.527
-132.65
-139.338
-141.463
-143.945
-142.116
-145.187
-133.371
-158.521
-14.1759
-305.042
-150.436
-5.63308
-104.074
-104.475
-125.704
-132.839
-139.648
-141.689
-143.855
-142.076
-145.107
-133.56
-158.503
-13.8254
-304.702
-150.481
-5.34019
-103.628
-104.392
-125.797
-132.959
-139.838
-141.617
-143.861
-142.083
-145.046
-133.686
-158.379
-13.5281
-304.346
-150.54
-5.24154
-103.477
-104.36
-125.815
-133
-139.924
-141.708
-143.754
-142.082
-144.95
-133.806
-158.114
-13.2284
-304.277
-150.556
-5.38059
-103.753
-104.412
-125.787
-132.961
-139.864
-141.685
-143.766
-142.096
-144.966
-133.751
-158.174
-13.3021
-303.511
-150.63
-5.66615
-104.236
-104.508
-125.684
-132.851
-139.631
-141.653
-143.781
-142.101
-144.876
-133.427
-157.985
-13.3997
-302.834
-150.786
-5.97436
-104.741
-104.647
-125.515
-132.649
-139.299
-141.473
-143.825
-142.122
-145.013
-133.292
-157.737
-13.5113
-302.195
-150.983
-6.23504
-105.147
-104.767
-125.308
-132.457
-139.034
-141.374
-143.724
-142.078
-144.928
-133.631
-157.713
-13.5839
-301.555
-151.208
-6.4964
-105.563
-104.978
-125.087
-132.183
-138.701
-141.29
-143.733
-142.081
-144.909
-133.889
-157.656
-13.7505
-301.169
-151.372
-6.63297
-105.777
-105.08
-124.913
-132.013
-138.447
-141.319
-143.707
-142.075
-144.876
-133.987
-157.953
-14.0641
-300.313
-151.579
-6.90615
-106.204
-105.399
-124.7
-131.67
-137.943
-141.167
-143.796
-142.132
-144.855
-134.008
-158.123
-14.3567
-299.673
-198.164
14.7599
-104.602
-106.165
-126.032
-133.594
-140.145
-142.737
-145.745
-143.223
-147.191
-132.628
-171.54
25.7087
-424.479
-198.008
14.8783
-104.262
-105.806
-126.172
-133.881
-140.572
-142.88
-145.689
-143.21
-147.136
-132.647
-171.074
26.2377
-424.507
-197.925
14.8716
-104.096
-105.694
-126.292
-133.989
-140.743
-142.842
-145.625
-143.197
-147.097
-132.559
-170.33
26.7258
-424.955
-197.849
14.9157
-103.719
-105.445
-126.44
-134.206
-141.017
-142.901
-145.561
-143.174
-147.093
-132.51
-170.313
27.1322
-424.376
-197.891
14.9298
-103.312
-105.316
-126.577
-134.335
-141.161
-142.895
-145.557
-143.118
-147.077
-132.128
-169.996
27.3952
-423.914
-198.02
14.988
-102.785
-105.172
-126.683
-134.478
-141.372
-143.017
-145.414
-143.021
-146.942
-132.21
-169.908
27.7676
-423.306
-198.198
15.0423
-102.232
-105.095
-126.722
-134.554
-141.49
-142.937
-145.364
-142.955
-146.818
-132.152
-169.643
28.1472
-422.65
-198.263
15.0426
-102.027
-105.061
-126.713
-134.573
-141.521
-142.965
-145.221
-142.935
-146.686
-132.227
-169.05
28.6047
-422.506
-198.18
15.0342
-102.381
-105.103
-126.705
-134.529
-141.456
-142.92
-145.203
-142.931
-146.698
-132.138
-169.275
28.6411
-421.184
-198.116
15.0464
-102.959
-105.185
-126.641
-134.441
-141.271
-142.912
-145.221
-142.948
-146.614
-132.002
-169.031
28.6158
-419.975
-198.173
15.0785
-103.526
-105.341
-126.531
-134.27
-141.002
-142.775
-145.241
-142.939
-146.685
-131.908
-168.632
28.5798
-418.787
-198.319
15.1296
-103.939
-105.472
-126.373
-134.116
-140.783
-142.704
-145.115
-142.904
-146.55
-132.119
-168.477
28.605
-417.56
-198.528
15.1063
-104.321
-105.731
-126.217
-133.878
-140.47
-142.595
-145.044
-142.849
-146.472
-132.225
-168.192
28.5852
-416.803
-198.686
15.1177
-104.48
-105.845
-126.083
-133.751
-140.27
-142.61
-144.986
-142.804
-146.422
-132.223
-168.752
28.269
-415.21
-198.901
14.9817
-104.816
-106.215
-125.939
-133.452
-139.808
-142.422
-145.021
-142.78
-146.391
-132.216
-168.942
28.2113
-414.033
-255.447
21.5772
-101.209
-110.675
-128.561
-137.282
-143.898
-145.872
-149.148
-145.861
-150.74
-134.691
-185.896
64.326
-573.912
-255.329
21.6975
-101.01
-110.323
-128.613
-137.501
-144.231
-146
-149.08
-145.85
-150.641
-134.737
-185.29
64.8692
-573.788
-255.294
21.6833
-100.912
-110.212
-128.683
-137.57
-144.325
-145.939
-148.983
-145.811
-150.554
-134.791
-184.195
65.3499
-574.335
-255.352
21.7028
-100.638
-109.961
-128.74
-137.727
-144.52
-145.967
-148.911
-145.789
-150.507
-134.71
-184.27
65.9183
-573.455
-255.577
21.6366
-100.287
-109.838
-128.805
-137.811
-144.597
-145.929
-148.839
-145.691
-150.455
-134.42
-183.897
66.2986
-572.707
-255.812
21.4617
-99.8023
-109.702
-128.825
-137.906
-144.715
-145.955
-148.625
-145.535
-150.229
-134.38
-183.693
66.7325
-571.654
-256.053
21.1406
-99.2622
-109.639
-128.805
-137.943
-144.76
-145.857
-148.494
-145.401
-149.991
-134.244
-183.205
67.2529
-570.484
-256.132
20.9512
-99.0572
-109.606
-128.763
-137.936
-144.739
-145.817
-148.279
-145.326
-149.802
-134.338
-182.202
67.943
-570.014
-256.002
21.1161
-99.4082
-109.643
-128.779
-137.893
-144.666
-145.759
-148.212
-145.288
-149.764
-134.121
-182.517
68.4407
-567.955
-255.783
21.4174
-99.9636
-109.702
-128.76
-137.816
-144.511
-145.756
-148.242
-145.336
-149.74
-134.041
-182.185
68.6349
-565.933
-255.707
21.7346
-100.479
-109.843
-128.72
-137.674
-144.291
-145.652
-148.243
-145.295
-149.734
-133.99
-181.557
68.749
-563.92
-255.8
22.0409
-100.832
-109.954
-128.617
-137.545
-144.11
-145.595
-148.116
-145.261
-149.574
-134.139
-181.15
68.8886
-561.718
-255.98
22.1389
-101.123
-110.207
-128.54
-137.352
-143.837
-145.477
-147.97
-145.14
-149.43
-134.165
-180.462
69.0443
-560.125
-256.128
22.1648
-101.218
-110.312
-128.445
-137.253
-143.686
-145.48
-147.888
-145.079
-149.363
-134.016
-181.241
68.7469
-557.239
-256.338
21.9918
-101.42
-110.675
-128.383
-137.013
-143.294
-145.286
-147.859
-144.978
-149.296
-133.847
-181.283
69.1422
-555.096
-326.998
9.33659
-98.9953
-120.517
-133.14
-143.41
-150.188
-151.512
-155.586
-151.309
-157.766
-142.986
-209.874
89.5303
-768.447
-326.95
9.6285
-98.9109
-120.206
-133.122
-143.563
-150.414
-151.597
-155.451
-151.274
-157.583
-143.08
-209.222
90.278
-767.673
-327.041
9.81689
-98.8762
-120.094
-133.156
-143.608
-150.443
-151.513
-155.287
-151.191
-157.433
-143.292
-208.026
90.7848
-767.972
-327.168
10.0113
-98.7283
-119.869
-133.14
-143.707
-150.55
-151.492
-155.165
-151.151
-157.326
-143.153
-208.005
92.1067
-766.61
-327.378
9.97136
-98.5207
-119.749
-133.148
-143.759
-150.562
-151.435
-155.009
-151.016
-157.203
-142.895
-207.502
92.8723
-765.254
-327.597
9.73295
-98.2191
-119.625
-133.099
-143.807
-150.598
-151.393
-154.676
-150.793
-156.832
-142.758
-207.085
93.5453
-763.329
-327.819
9.21698
-97.8573
-119.573
-133.032
-143.81
-150.58
-151.272
-154.429
-150.599
-156.451
-142.621
-206.358
94.1631
-761.076
-327.899
8.91944
-97.7167
-119.552
-132.963
-143.774
-150.509
-151.171
-154.11
-150.444
-156.167
-142.772
-205.014
94.8838
-759.543
-327.82
9.16046
-97.962
-119.59
-132.997
-143.736
-150.421
-151.103
-153.985
-150.351
-156.025
-142.429
-204.985
96.0973
-756.441
-327.633
9.53361
-98.339
-119.643
-133.01
-143.664
-150.27
-151.075
-154.025
-150.418
-156.066
-142.328
-204.365
96.459
-753.175
-327.553
9.85608
-98.6627
-119.77
-133.023
-143.545
-150.073
-150.968
-154.016
-150.346
-155.998
-142.323
-203.505
96.3612
-749.582
-327.628
10.1625
-98.8717
-119.863
-132.961
-143.425
-149.913
-150.9
-153.886
-150.303
-155.828
-142.499
-202.943
95.9353
-745.598
-327.793
10.1818
-99.0533
-120.082
-132.943
-143.27
-149.675
-150.769
-153.66
-150.086
-155.566
-142.519
-201.908
95.6724
-742.513
-327.924
10.1338
-99.0961
-120.177
-132.872
-143.18
-149.557
-150.76
-153.587
-150.034
-155.512
-142.29
-202.655
95.004
-738.02
-328.124
9.81732
-99.206
-120.499
-132.87
-142.992
-149.234
-150.58
-153.527
-149.88
-155.432
-141.958
-202.424
95.7627
-734.553
-410.932
-13.5548
-101.152
-136.592
-141.169
-153.044
-160.363
-160.815
-166.861
-161.044
-171.417
-159.368
-254.167
103.735
-1017.62
-410.907
-13.2222
-101.099
-136.329
-141.105
-153.144
-160.479
-160.839
-166.572
-160.941
-171.058
-159.454
-253.486
105.135
-1015.58
-410.986
-13.0223
-101.076
-136.215
-141.11
-153.178
-160.455
-160.741
-166.284
-160.79
-170.774
-159.765
-252.295
105.867
-1015.02
-411.059
-12.8091
-101.012
-136.018
-141.054
-153.23
-160.471
-160.668
-166.049
-160.709
-170.523
-159.522
-251.595
108.261
-1012.54
-411.221
-12.8344
-100.939
-135.9
-141.025
-153.259
-160.426
-160.613
-165.802
-160.563
-170.288
-159.292
-250.511
109.815
-1010.05
-411.375
-13.0053
-100.829
-135.794
-140.944
-153.264
-160.39
-160.538
-165.314
-160.274
-169.706
-159.112
-249.631
111.096
-1006.53
-411.55
-13.3591
-100.719
-135.755
-140.856
-153.238
-160.322
-160.405
-164.93
-160.043
-169.17
-159.024
-248.449
112.108
-1002.47
-411.626
-13.5522
-100.691
-135.753
-140.779
-153.175
-160.206
-160.257
-164.489
-159.799
-168.748
-159.299
-246.776
113.021
-998.914
-411.618
-13.3978
-100.805
-135.792
-140.821
-153.154
-160.113
-160.19
-164.34
-159.671
-168.495
-158.87
-245.78
114.732
-993.87
-411.627
-13.0878
-100.952
-135.845
-140.852
-153.096
-159.96
-160.123
-164.404
-159.74
-168.546
-158.739
-244.764
115.325
-987.966
-411.718
-12.8767
-101.073
-135.971
-140.895
-153.003
-159.78
-159.989
-164.405
-159.65
-168.457
-158.744
-243.423
115.579
-982.669
-411.823
-12.7489
-101.15
-136.073
-140.866
-152.889
-159.633
-159.892
-164.284
-159.584
-168.297
-158.928
-242.732
115.816
-976.477
-411.986
-12.8788
-101.269
-136.274
-140.888
-152.766
-159.437
-159.759
-164.04
-159.351
-168.091
-158.968
-241.726
115.705
-970.84
-412.087
-12.9774
-101.304
-136.372
-140.843
-152.675
-159.34
-159.74
-164.01
-159.336
-168.163
-158.832
-242.712
114.349
-961.88
-412.272
-13.3432
-101.412
-136.659
-140.89
-152.532
-159.081
-159.575
-163.945
-159.115
-167.955
-158.138
-242.108
115.806
-955.207
-504.005
-39.1843
-108.424
-158.215
-154.271
-167.286
-176.031
-174.929
-185.41
-176.537
-196.55
-183.635
-329.215
123.335
-1351.17
-504.02
-38.9265
-108.363
-157.996
-154.162
-167.334
-176.027
-174.898
-184.863
-176.381
-196.02
-183.73
-328.62
125.566
-1345.16
-504.168
-38.7569
-108.32
-157.878
-154.13
-167.351
-175.945
-174.796
-184.388
-176.179
-195.557
-184.268
-327.726
126.114
-1341.72
-504.272
-38.5843
-108.287
-157.711
-154.046
-167.364
-175.861
-174.678
-183.958
-176.032
-194.991
-184.141
-326.079
128.535
-1336.24
-504.463
-38.5803
-108.285
-157.604
-153.991
-167.369
-175.752
-174.637
-183.573
-175.886
-194.472
-184.12
-323.956
129.88
-1331.18
-504.635
-38.6087
-108.3
-157.527
-153.903
-167.336
-175.638
-174.548
-182.888
-175.556
-193.621
-184.221
-322.19
131.165
-1324.45
-504.849
-38.7096
-108.352
-157.515
-153.818
-167.282
-175.521
-174.409
-182.329
-175.293
-192.85
-184.277
-320.574
131.444
-1316.54
-505.014
-38.7265
-108.383
-157.536
-153.756
-167.204
-175.36
-174.211
-181.712
-174.967
-192.302
-184.843
-318.566
131.373
-1308.78
-505.133
-38.6622
-108.399
-157.58
-153.805
-167.207
-175.275
-174.152
-181.57
-174.809
-191.827
-184.442
-316.054
133.141
-1301.15
-505.201
-38.5716
-108.404
-157.641
-153.854
-167.176
-175.13
-174.027
-181.648
-174.832
-191.882
-184.475
-313.794
134.535
-1293.59
-505.301
-38.5954
-108.455
-157.779
-153.928
-167.119
-174.974
-173.836
-181.663
-174.669
-191.855
-184.354
-312.528
133.691
-1283.02
-505.396
-38.6332
-108.507
-157.902
-153.946
-167.025
-174.852
-173.691
-181.591
-174.629
-192.045
-184.814
-312.5
130.505
-1270.32
-505.554
-38.8516
-108.629
-158.114
-154.024
-166.938
-174.695
-173.514
-181.265
-174.237
-191.885
-185.05
-311.843
128.237
-1259.1
-505.636
-38.9537
-108.687
-158.228
-154.025
-166.857
-174.625
-173.473
-181.325
-174.199
-192.058
-184.68
-313.608
124.21
-1247.16
-505.822
-39.2827
-108.826
-158.505
-154.144
-166.771
-174.442
-173.328
-181.374
-174.003
-192.007
-184.019
-313.793
125.62
-1236.91
-606.972
-66.6862
-119.913
-185.295
-174.922
-188.492
-200.474
-196.098
-215.345
-199.286
-240.827
-211.763
-456.213
152.702
-1784.93
-607.066
-66.4788
-119.859
-185.121
-174.765
-188.478
-200.307
-196.008
-214.323
-199.084
-239.577
-212.964
-452.606
160.865
-1775.32
-607.318
-66.2952
-119.806
-185.005
-174.69
-188.465
-200.154
-195.934
-213.608
-199.015
-238.745
-213.944
-448.261
161.802
-1766.49
-607.484
-66.1377
-119.807
-184.883
-174.584
-188.451
-199.96
-195.813
-212.926
-198.873
-237.435
-214.392
-442.925
165.962
-1753.38
-607.74
-66.0956
-119.841
-184.818
-174.515
-188.437
-199.794
-195.822
-212.396
-198.814
-236.352
-215.098
-437.743
168.411
-1743.73
-607.962
-66.0477
-119.912
-184.798
-174.448
-188.395
-199.615
-195.763
-211.489
-198.548
-235.039
-215.606
-433.771
171.148
-1730.74
-608.225
-66.056
-120.027
-184.835
-174.409
-188.344
-199.483
-195.665
-210.81
-198.389
-234.131
-216.171
-429.912
172.718
-1717.85
-608.432
-66.0451
-120.097
-184.884
-174.41
-188.293
-199.33
-195.465
-210.041
-198.12
-233.563
-217.222
-426.159
175.161
-1705.14
-608.613
-66.0945
-120.107
-184.942
-174.499
-188.349
-199.345
-195.487
-210.101
-198.034
-233.261
-217.042
-422.647
175.654
-1691.66
-608.75
-66.145
-120.097
-185.02
-174.599
-188.387
-199.319
-195.382
-210.384
-198.047
-233.444
-216.906
-422.601
173.614
-1666.31
-608.928
-66.2878
-120.161
-185.183
-174.748
-188.414
-199.313
-195.219
-210.709
-198.028
-234.173
-217.259
-417.858
175.461
-1655.98
-609.066
-66.3963
-120.219
-185.337
-174.858
-188.395
-199.32
-195.064
-210.812
-197.911
-234.941
-217.262
-419.608
182.536
-1642.87
-609.274
-66.6443
-120.355
-185.586
-175.049
-188.399
-199.332
-194.936
-210.776
-197.739
-236.236
-216.597
-425.024
184.248
-1631
-609.376
-66.7422
-120.42
-185.726
-175.137
-188.385
-199.382
-194.949
-211.242
-197.983
-238.068
-217.012
-436.069
176.568
-1591.7
-609.597
-67.0502
-120.578
-186.021
-175.384
-188.424
-199.39
-194.89
-211.637
-197.825
-238.313
-214.838
-436.238
182.739
-1566.41
-718.154
-97.3
-133.736
-216.807
-202.582
-216.627
-235.571
-225.065
-261.572
-229.794
-312.55
-237.095
-620.606
215.992
-2362.36
-718.352
-97.1093
-133.707
-216.676
-202.378
-216.541
-235.107
-224.897
-259.537
-229.224
-309.848
-235.773
-632.32
223.016
-2331.33
-718.728
-96.889
-133.652
-216.578
-202.257
-216.483
-234.801
-224.852
-258.218
-229.373
-308.155
-241.05
-624.959
234.565
-2324.67
-718.982
-96.7382
-133.683
-216.52
-202.129
-216.45
-234.422
-224.792
-257.031
-229.46
-305.293
-243.626
-609.674
238.106
-2309.4
-719.332
-96.6841
-133.732
-216.519
-202.061
-216.43
-234.163
-224.897
-256.215
-229.599
-302.844
-246.129
-596.594
238.146
-2294.04
-719.635
-96.6361
-133.827
-216.573
-202.039
-216.408
-233.892
-224.891
-254.941
-229.502
-300.796
-248.358
-589.826
236.912
-2271.84
-719.975
-96.6784
-133.958
-216.684
-202.093
-216.401
-233.768
-224.875
-254.065
-229.571
-299.356
-249.195
-585.126
233.314
-2245.86
-720.258
-96.7262
-134.059
-216.786
-202.189
-216.412
-233.672
-224.682
-253.099
-229.467
-299.343
-251.167
-581.206
224.943
-2221.71
-720.54
-96.8523
-134.13
-216.876
-202.359
-216.542
-233.905
-224.842
-253.602
-229.407
-298.791
-250.171
-574.876
225.982
-2191.52
-720.779
-96.9642
-134.17
-216.977
-202.551
-216.674
-234.145
-224.807
-254.382
-229.376
-300.054
-251.251
-569.582
242.572
-2190.16
-721.056
-97.1743
-134.274
-217.183
-202.833
-216.819
-234.44
-224.649
-255.103
-228.926
-301.693
-248.571
-576.437
241.188
-2165.2
-721.265
-97.3226
-134.349
-217.373
-203.079
-216.917
-234.74
-224.512
-255.834
-228.994
-305.644
-247.619
-588.792
222.501
-2123
-721.541
-97.619
-134.511
-217.678
-203.443
-217.068
-235.071
-224.368
-256.237
-228.543
-308.849
-246.636
-592.765
218.269
-2071.03
-721.672
-97.7442
-134.575
-217.848
-203.644
-217.149
-235.341
-224.357
-257.172
-228.147
-310.835
-241.115
-605.538
213.215
-2042.59
-721.934
-98.1
-134.76
-218.195
-204.073
-217.381
-235.72
-224.401
-258.274
-228.002
-312.912
-241.253
-621.606
222.667
-2011.33
-837.153
-136.631
-151.338
-256.001
-240.726
-255.064
-286.839
-265.633
-332.265
-269.375
-420.297
-248.31
-801.926
356.104
-3318.35
-837.478
-136.474
-151.326
-255.935
-240.498
-254.96
-285.982
-265.537
-328.778
-269.31
-414.407
-250.493
-825.902
326.745
-3194.31
-838.002
-136.207
-151.271
-255.884
-240.359
-254.894
-285.489
-265.633
-326.508
-269.7
-411.567
-248.289
-852.535
314.396
-3096.72
-838.389
-136.059
-151.337
-255.905
-240.244
-254.897
-284.871
-265.769
-324.215
-270.577
-405.839
-261.308
-840.614
332.23
-3045.63
-838.868
-136.015
-151.408
-255.979
-240.241
-254.944
-284.569
-266.164
-323.169
-271.577
-401.512
-271.077
-805.79
340.211
-3025.69
-839.297
-136.001
-151.526
-256.123
-240.322
-255.02
-284.291
-266.326
-321.499
-271.96
-398.122
-277.106
-790.829
343.201
-2977.14
-839.758
-136.11
-151.677
-256.333
-240.541
-255.14
-284.336
-266.492
-320.583
-272.232
-396.912
-280.915
-775.823
336.881
-2940.35
-840.167
-136.23
-151.815
-256.527
-240.81
-255.275
-284.521
-266.37
-319.712
-272.172
-397.768
-283.2
-760.469
355.896
-2932.01
-840.588
-136.434
-151.967
-256.71
-241.162
-255.54
-285.27
-266.823
-321.531
-272.642
-400.425
-284.05
-780.906
393.231
-2948.1
-840.954
-136.615
-152.088
-256.885
-241.545
-255.813
-286.123
-267.047
-323.625
-272.576
-403.884
-274.325
-860.771
344.51
-2788.92
-841.342
-136.914
-152.277
-257.178
-242.08
-256.157
-287.163
-267.192
-326.322
-272.851
-412.928
-276.306
-813.777
329.729
-2755.36
-841.632
-137.142
-152.402
-257.427
-242.554
-256.426
-288.133
-267.175
-328.484
-272.655
-418.672
-271.301
-806.104
355.285
-2713.5
-841.976
-137.546
-152.631
-257.827
-243.209
-256.818
-289.254
-267.232
-330.958
-272.312
-431.39
-257.384
-903.072
370.841
-2729.7
-842.143
-137.737
-152.713
-258.037
-243.584
-257.043
-290.101
-267.436
-334.22
-273.018
-447.428
-262.037
-1115.5
307.054
-2539.91
-842.445
-138.199
-152.964
-258.481
-244.298
-257.562
-291.293
-267.847
-337.354
-273.563
-451.808
-255.929
-1163.1
338.944
-2411.03
-957.345
-183.947
-170.084
-299.656
-284.671
-297.484
-348.2
-312.831
-424.903
-312.56
-569.881
-244.286
-1012.04
622.916
-4631.75
-957.827
-183.834
-170.098
-299.673
-284.427
-297.399
-346.722
-312.786
-417.872
-313.751
-544.456
-261.285
-949.253
585.872
-4478.17
-958.536
-183.514
-170.045
-299.68
-284.306
-297.361
-346.051
-313.174
-414.968
-315.783
-542.018
-279.64
-994.708
528.018
-4304.85
-959.101
-183.381
-170.153
-299.789
-284.237
-297.456
-345.173
-313.612
-411.086
-317.064
-534.424
-275.71
-1006.03
503.171
-4153.36
-959.755
-183.358
-170.253
-299.948
-284.342
-297.627
-344.877
-314.414
-409.422
-319.656
-527.544
-292.36
-995.163
522.114
-4099.11
-960.368
-183.389
-170.409
-300.189
-284.581
-297.857
-344.769
-314.923
-407.691
-320.924
-522.592
-300.247
-981.909
505.868
-4018.81
-961.008
-183.559
-170.607
-300.502
-285.027
-298.169
-345.222
-315.402
-407.528
-321.99
-522.206
-303.966
-969.4
534.34
-3992.3
-961.599
-183.756
-170.805
-300.807
-285.545
-298.477
-345.982
-315.498
-407.942
-322.472
-530.423
-304.986
-1017.66
443.458
-3996.02
-962.195
-184.072
-171.054
-301.138
-286.189
-298.91
-347.554
-316.308
-411.947
-322.877
-536.126
-267.058
-1268.85
305.51
-3494.88
-962.714
-184.38
-171.27
-301.44
-286.868
-299.337
-349.371
-316.963
-416.82
-323.775
-551.099
-279.712
-1156.86
340.272
-3401.41
-963.237
-184.835
-171.568
-301.875
-287.771
-299.9
-351.486
-317.364
-421.629
-323.498
-553.016
-270.204
-1054.75
422.185
-3500.94
-963.633
-185.202
-171.768
-302.212
-288.556
-300.339
-353.471
-317.528
-426.983
-323.536
-575.313
-263.699
-1228.2
389.669
-3573.46
-964.067
-185.764
-172.105
-302.749
-289.62
-301.015
-355.745
-317.805
-432.659
-322.416
-606.043
-247.638
-1618.76
203.11
-3185.56
-964.292
-186.053
-172.224
-303.003
-290.21
-301.356
-357.243
-317.979
-436.998
-320.917
-609.831
-207.738
-1488.82
231.229
-2913.44
-964.653
-186.66
-172.59
-303.586
-291.326
-302.218
-359.535
-318.748
-441.982
-320.302
-614.157
-191.599
-1417.24
263.659
-2788.93
-1079.39
-249.228
-197.174
-355.266
-348.028
-357.326
-435.589
-379.922
-560.957
-361.119
-847.78
-176.079
-1760.1
828.51
-6122.17
-1080.04
-249.193
-197.242
-355.405
-347.834
-357.344
-433.352
-380.024
-546.146
-366.424
-757.714
-187.804
-1297.79
921.871
-6229.88
-1080.95
-248.835
-197.208
-355.501
-347.795
-357.386
-432.399
-380.738
-539.186
-373.334
-716.364
-275.484
-1262.28
927.287
-5960.08
-1081.73
-248.753
-197.385
-355.749
-347.865
-357.634
-431.279
-381.714
-532.319
-378.7
-706.371
-313.762
-1252.47
836.096
-5770.12
-1082.59
-248.781
-197.554
-356.039
-348.205
-358.001
-431.266
-383.057
-530.289
-382.398
-705.153
-310.344
-1241.76
836.06
-5566.66
-1083.43
-248.894
-197.803
-356.426
-348.752
-358.449
-431.651
-384.071
-528.638
-386.965
-698.272
-333.189
-1209.15
833.451
-5425.87
-1084.29
-249.161
-198.115
-356.889
-349.608
-359.027
-433.032
-384.97
-529.933
-389.419
-695.071
-344.498
-1213.9
810.779
-5299.46
-1085.1
-249.482
-198.444
-357.35
-350.594
-359.542
-434.884
-385.156
-532.361
-390.473
-707.207
-348.965
-1239.98
731.783
-5093.89
-1085.9
-249.954
-198.857
-357.883
-351.812
-360.178
-437.838
-386.094
-538.873
-389.982
-714.191
-310.807
-1253.73
588.331
-4811.38
-1086.61
-250.434
-199.232
-358.356
-353.07
-360.717
-441.136
-386.559
-546.188
-388.63
-718.664
-285.798
-1163.72
753.956
-4954.15
-1087.29
-251.076
-199.716
-358.984
-354.642
-361.488
-445.016
-386.913
-555.233
-388.183
-742.838
-305.943
-1522.11
561.151
-4971.09
-1087.82
-251.609
-200.06
-359.439
-355.985
-362.016
-448.564
-386.592
-563.748
-384.956
-760.152
-251.756
-1900.54
255.188
-4269.45
-1088.37
-252.349
-200.587
-360.155
-357.733
-362.985
-452.712
-386.848
-573.432
-380.477
-781.363
-193.177
-1659.46
277.714
-3819.83
-1088.67
-252.751
-200.795
-360.467
-358.696
-363.396
-455.315
-386.874
-580.301
-377.328
-798.381
-216.703
-1433.27
246.243
-3646.48
-1089.1
-253.519
-201.356
-361.231
-360.45
-364.66
-459.403
-388.245
-588.999
-376.618
-805.631
-247.891
-1120.35
316.483
-3818.68
-1188.73
-323.64
-225.824
-412.392
-411.671
-412.378
-515.863
-442.717
-683.208
-403.375
-1083.21
-203.159
-2478.46
369.507
-8310.67
-1189.57
-323.726
-225.958
-412.683
-411.623
-412.593
-513.612
-443.765
-668.485
-416.015
-1005.23
-199.398
-2032.75
506.697
-8289.11
-1190.69
-323.377
-225.942
-412.88
-411.715
-412.736
-512.732
-444.844
-659.445
-428.36
-924.752
-264.1
-1763.28
792.272
-7960.31
-1191.7
-323.39
-226.198
-413.291
-412.005
-413.157
-511.804
-446.279
-648.886
-439.476
-876.196
-374.924
-1669.7
905.683
-7561.5
-1192.8
-323.506
-226.44
-413.724
-412.635
-413.712
-512.413
-448.252
-647.468
-446.726
-892.667
-393.432
-1606.05
915.525
-7339.28
-1193.9
-323.744
-226.798
-414.274
-413.574
-414.356
-513.747
-449.512
-646.453
-449.698
-870.418
-366.13
-1527.56
1003.72
-7180.16
-1195.01
-324.153
-227.243
-414.901
-414.922
-415.158
-516.42
-450.99
-650.21
-457.602
-863.15
-382.773
-1519.96
1090.29
-7109.49
-1196.08
-324.647
-227.727
-415.532
-416.514
-415.847
-520.013
-451.436
-657.349
-459.412
-885.351
-352.239
-1631.46
1109.74
-6977.05
-1197.12
-325.318
-228.326
-416.27
-418.479
-416.661
-524.98
-452.912
-671.02
-462.909
-940.819
-402.459
-1877.29
981.479
-6796.97
-1198.05
-326.006
-228.887
-416.918
-420.512
-417.284
-530.524
-453.697
-685.858
-463.183
-976.786
-412.602
-2302.31
715.14
-6194.07
-1198.94
-326.875
-229.594
-417.747
-422.957
-418.22
-536.815
-454.244
-700.865
-463.274
-984.822
-373.16
-2291.8
515.297
-5467.35
-1199.65
-327.614
-230.116
-418.326
-425.035
-418.783
-542.495
-453.843
-714.87
-461.444
-1011.67
-344.047
-2230.31
462.916
-4850.56
-1200.34
-328.585
-230.885
-419.24
-427.666
-420.026
-548.984
-454.418
-728.968
-458.988
-1028.73
-369.848
-1828.38
525.942
-4858.69
-1200.74
-329.137
-231.206
-419.613
-429.11
-420.437
-552.875
-454.368
-737.93
-455.933
-1039.52
-368.896
-1680.24
521.679
-4939.08
-1201.28
-330.128
-232.022
-420.587
-431.699
-422.114
-559.093
-456.359
-749.578
-454.665
-1033.83
-332.309
-1621.8
622.833
-4934.8
-1274.55
-448.189
-279.887
-485.51
-525.546
-509.788
-659.075
-549.961
-843.511
-474.535
-1313.63
-239.956
-3039.23
726.883
-10468.4
-1275.51
-448.533
-280.202
-486.095
-525.971
-510.644
-658.278
-552.669
-833.634
-491.211
-1254.62
-127.58
-2692.98
855.327
-10044.5
-1276.71
-448.352
-280.288
-486.504
-526.447
-511.227
-658.434
-555.8
-828.207
-521.246
-1179.58
-236.797
-2546.86
1336.5
-10431.4
-1277.93
-448.619
-280.727
-487.238
-527.388
-512.207
-659.232
-558.776
-823.036
-542.692
-1141.83
-362.375
-2158.27
1531.08
-10175.4
-1279.21
-448.995
-281.16
-487.946
-528.761
-513.182
-661.59
-561.545
-822.788
-557.405
-1130.44
-447.17
-2067.91
1677.32
-9914.38
-1280.52
-449.549
-281.789
-488.802
-530.711
-514.261
-665.819
-563.885
-833.6
-568.516
-1205.81
-488.271
-2119.23
1732.75
-9588.36
-1281.84
-450.271
-282.557
-489.701
-533.265
-515.352
-671.777
-565.343
-844.429
-573.597
-1201.47
-474.667
-2373.61
1757.04
-9340.7
-1283.11
-451.096
-283.43
-490.577
-536.309
-516.185
-679.592
-565.52
-862.867
-578.135
-1267.18
-503.481
-2680.9
1459.53
-8853.31
-1284.34
-452.083
-284.478
-491.544
-539.931
-517.043
-689.03
-565.432
-883.498
-575.188
-1284.59
-401.419
-2849.96
1014.95
-7853.23
-1285.45
-453.078
-285.512
-492.345
-543.743
-517.455
-699.822
-563.497
-908.447
-564.588
-1281.4
-347.105
-2558.79
1058.16
-7636.64
-1286.49
-454.223
-286.742
-493.33
-548.089
-518.219
-711.758
-561.568
-936.153
-558.999
-1306.63
-374.395
-2070.39
1241.26
-8094.33
-1287.34
-455.214
-287.726
-493.957
-551.873
-518.367
-723.009
-558.062
-968.768
-546.817
-1400.66
-363.556
-2394.56
1201.71
-7756.68
-1288.12
-456.402
-289.026
-494.99
-556.321
-519.507
-735.34
-557.075
-1003.44
-539.706
-1515.03
-388.818
-2821.19
1262.54
-7290.21
-1288.61
-457.117
-289.657
-495.349
-558.907
-519.632
-743.151
-555.652
-1027.69
-534.965
-1590.69
-441.984
-3282.54
1281.86
-6735.08
-1289.17
-458.272
-290.984
-496.46
-563.045
-521.424
-754.422
-557.562
-1058.36
-535.508
-1662.43
-453.776
-3750.4
1358.09
-6349.05
-1404.19
-1990.95
-2575.02
-3346.73
-4355.43
-5615.49
-7382.73
-9477.58
-12658.8
-16030.4
-23173.2
-25190.6
-49507.1
-41725.2
-136072
-557.217
-732.677
-862.765
-1103.91
-1428.26
-1847.28
-2472.61
-3223.33
-4478.16
-5729.7
-8748
-11738
-15143.2
-25327.9
-18733.8
-372.032
-521.675
-662.181
-886.714
-1159.92
-1533.23
-2016.42
-2704.71
-3555.52
-4996.28
-6580.33
-10319.2
-12428.5
-25333.8
-2745.49
-558.694
-774.59
-983.662
-1281.09
-1675.29
-2220.02
-2927.58
-3881.56
-5047.17
-6690.19
-8674.74
-11228.6
-13725.5
-15225.9
-13637.8
-610.234
-847.639
-1085.18
-1419.97
-1872.72
-2447.19
-3155.26
-4060.73
-5100.82
-6552.56
-7902.05
-10175.2
-10505.9
-14137
-11183.8
-570.817
-782.564
-972
-1244.57
-1670.02
-2243.87
-2955.19
-3803.68
-4745.41
-6032.89
-7134.94
-9235.87
-9509.67
-13214.1
-11420.2
-742.616
-1034.6
-1346.63
-1833.27
-2545.04
-3222.7
-3945.45
-4767.35
-5695.66
-6886.16
-7789.48
-9394.43
-8880.28
-11226.3
-8813.82
-633.947
-837.93
-999.502
-1307.26
-1814.88
-2425.63
-3156.7
-3863.67
-4632.94
-5448.01
-5912.46
-7434.85
-6391.16
-13618.7
-10805.6
-878.197
-1163.18
-1636.96
-2658.59
-3963.52
-4503.42
-4969.42
-5533.33
-6295.53
-6920.79
-7729.92
-9383.47
-9200.54
-14541.4
3846.46
-603.61
-748.536
-773.641
-1048.26
-1883.61
-2705.7
-3508.14
-4407.38
-5112.54
-4851.55
-4677.7
-1347.13
-4571.71
6119.24
6037.78
-1211.61
-1586.19
-2687.56
-5617.3
-7409.73
-6901.28
-7406
-7050.63
-5587.74
-4033.78
-4113.04
-6625.78
-8207.5
1280.26
-12337.2
-48.6614
-535.619
-1267.31
-1574.5
-2563.48
-2795.76
-2612.32
-1661.09
-1742.54
-1919.74
-1894.24
1177.02
-1955.5
4593.86
-14887.2
-2518.72
-5265.27
-6692.14
-10639
-11575.9
-9898.09
-11773.2
-10671.8
-9106.7
-2449.07
-4158.15
-9632.71
-18514.2
-19695.8
4902.27
-1236.42
-4123.3
-2868.61
-1789.47
-979.11
-166.451
3483.09
4144.11
3290.66
6141.83
862.623
-6471.46
-9746.36
-8693.59
-24789.4
-23924.3
-18831.9
-12314.8
-8402.42
-9121.64
-11832.2
-11562.9
-12116.3
-13984.6
-18766.9
-19339.5
-17805.1
-13734.6
-9171.22
-42142.6
-1405.24
-1992.71
-2577.63
-3350.92
-4361.13
-5622.29
-7390.36
-9486.04
-12655.7
-16013
-23132.9
-25167.5
-49212.2
-41557.1
-132810
-557.81
-733.709
-864.191
-1105.84
-1430.05
-1848
-2470.06
-3214.96
-4461.61
-5695.76
-8679.04
-11646.1
-15140.9
-24763.1
-19087.8
-372.47
-522.252
-662.736
-887.104
-1159.24
-1530.35
-2009.88
-2692.57
-3532.72
-4957.43
-6524.37
-10239
-12416.3
-25089.1
-4462.85
-559.529
-776.269
-986.734
-1285.92
-1679.55
-2220.84
-2920.62
-3860.49
-5000.09
-6614.8
-8562.58
-11109.3
-13561.1
-15192.4
-13867.3
-610.896
-848.637
-1086.15
-1418.94
-1864.18
-2429.23
-3123.89
-4004.89
-5005.37
-6423.57
-7738.59
-10019.7
-10364.2
-14039.6
-10988.7
-571.859
-785.851
-980.4
-1257.34
-1677.64
-2239.33
-2928.26
-3730.88
-4613.99
-5871.14
-6956.03
-9153.07
-9386.8
-13371.3
-11411.4
-742.799
-1036.81
-1349.85
-1819
-2492.78
-3144.47
-3841.01
-4599.71
-5456.66
-6631.82
-7544.23
-9299.83
-8607.48
-11320.5
-7299.19
-636.089
-849.289
-1030
-1336.74
-1827.76
-2409.86
-3089.3
-3660.97
-4368.74
-5250.32
-5844.85
-7538.78
-6191.61
-14432.7
-12192.5
-879.289
-1191.24
-1648.62
-2551
-3751.97
-4263.66
-4721.33
-5202.6
-5964.1
-6697.48
-7764.12
-9614.61
-9265.99
-14889.6
16830.8
-597.593
-825.346
-952.858
-1216.91
-1942.92
-2706.34
-3467.81
-4334.26
-5243.9
-5262.6
-5351.89
-1667.56
-4793.35
8447.37
9678.55
-1446.57
-1809.57
-2659.09
-4882.23
-6817.22
-6728.09
-7524.84
-7924.97
-7068.47
-5210.05
-5175.39
-6643.29
-8887.97
1276.32
-38612.8
23.4845
-655.285
-2122.8
-2075.59
-2843.37
-2938.76
-3261.59
-2983.02
-3719.25
-2793.24
-2496.7
320.024
-4974.04
4484.5
-25955.9
-3821.75
-6921.27
-7513.14
-8445.61
-10990.6
-9635.84
-11129.1
-10144
-7918.12
-2500.64
-4775.97
-10370.4
-18761
-22240.2
-12842.5
-1965.4
-5241.26
-2828.26
-510.122
-306.965
-96.5693
2419.83
3649.05
3587.76
5966.75
21.0331
-4732
-7738.07
-1355.72
-21436.7
-16087.8
-12330.2
-10757.3
-8994.74
-8489.07
-11773.3
-12526.3
-13318.4
-15514.4
-19476.3
-20561.9
-17095.1
-13988.1
-8963.12
-42815.7
-1406.49
-1994.82
-2580.78
-3356.05
-4368.43
-5631.27
-7400.71
-9498.17
-12658.7
-16003.4
-23101.5
-25150.6
-49156.1
-41456.2
-133413
-557.803
-733.702
-863.948
-1105.27
-1428.68
-1845.18
-2464.35
-3205.34
-4450.04
-5675.61
-8637.76
-11578
-15079.4
-24662
-18375.6
-372.635
-522.392
-662.718
-886.825
-1158.11
-1527.66
-2005.24
-2684.45
-3519.46
-4935.1
-6494.73
-10195
-12372.1
-25030.7
-3977.03
-560.125
-777.483
-988.848
-1289.17
-1682.11
-2220.85
-2915.67
-3846.29
-4971.06
-6569.8
-8501.5
-11045.7
-13479.6
-15175.9
-13484.2
-611.57
-849.504
-1086.83
-1418.13
-1858.06
-2417.73
-3105.02
-3969.54
-4949.26
-6352.21
-7661.6
-9957.4
-10321.3
-14013.9
-10672
-572.524
-787.884
-985.505
-1263.99
-1679.29
-2233.14
-2909.4
-3683.29
-4541.91
-5790.99
-6893.58
-9140.96
-9384.98
-13470.8
-11291.6
-743.741
-1038.18
-1351.14
-1806.2
-2456.11
-3101.25
-3790.14
-4502.71
-5335.7
-6521.43
-7488.35
-9326.44
-8636.4
-11525.1
-7381.48
-638.551
-854.576
-1046.46
-1341.71
-1819.96
-2385.66
-3035.58
-3528.77
-4258.42
-5185.6
-5891.82
-7549.46
-6236.89
-14521.8
-11826.4
-882.547
-1202.29
-1654.43
-2456.58
-3609.74
-4155.88
-4702.76
-5129.99
-6000.69
-6827.98
-8040.53
-9814.34
-10111.5
-16107.4
12232.6
-613.793
-813.363
-995.393
-1227.56
-1871.89
-2665.61
-3421.72
-4235.84
-5235.5
-5315.39
-5584.33
-1642.58
-5549.44
6299.31
-608.647
-1329.81
-2056.94
-2621.39
-4192.72
-6417.05
-6763.35
-7819.06
-8733.78
-8024.13
-5863
-5523.02
-6405.59
-10041.4
-3059.31
-41355.2
70.5367
-373.98
-1529.86
-1777.97
-2732.81
-3135
-3759.45
-3628.97
-4072.48
-2460.37
-2358.51
101.705
-4422.22
3551.75
-27084.5
-3673.47
-4491.37
-6959.09
-6497.82
-11306.5
-10034.7
-11116.8
-9364.66
-5800.02
-2391.41
-5050.23
-10828.5
-18733.7
-21496.1
-15767.1
-480.485
-2368.58
-2878.42
-914.774
1049.05
1092.32
2807.15
4161.25
6080.98
6924.59
9.75445
-4972.64
-6895.37
5421.27
-14679
-13987.1
-10397.1
-9290.99
-10531.6
-8562.16
-11932.6
-12942.3
-14578
-18670.6
-20546.5
-22268.6
-17811.3
-14865
-8216.86
-40706.9
-1407.83
-1997.12
-2584.27
-3361.59
-4376.23
-5640.31
-7410.94
-9510.24
-12666.7
-15988.2
-23061.2
-25098.8
-49005.1
-41393.2
-132996
-558.314
-734.606
-865.077
-1106.71
-1429.75
-1844.87
-2459.9
-3193.53
-4430.29
-5643.4
-8580.9
-11484.8
-14984.8
-24383.7
-17730.9
-373.236
-523.224
-663.622
-887.711
-1157.99
-1525.2
-1998.76
-2671.18
-3496.4
-4895.86
-6442.6
-10111.8
-12314.8
-24777.2
-3808.67
-561.119
-779.556
-992.516
-1294.92
-1687.3
-2222.1
-2907.98
-3822.41
-4922.38
-6492.25
-8394.41
-10925.1
-13330.7
-15002.7
-13295
-612.894
-851.385
-1088.65
-1417.96
-1849.27
-2398.59
-3070.59
-3906.48
-4849.95
-6220.56
-7509.49
-9815.83
-10182.8
-13861.4
-10398.3
-573.741
-791.371
-993.995
-1277.49
-1686.31
-2226.16
-2876.68
-3601.66
-4414.15
-5637.06
-6753.03
-9050.9
-9293.99
-13419.3
-11162.7
-746.191
-1041.56
-1355.29
-1793.17
-2393.52
-3013.24
-3671.47
-4307.09
-5091.52
-6270.8
-7300.24
-9265.84
-8495.66
-11914.5
-8211.9
-642.125
-862.778
-1071.39
-1367.7
-1820.85
-2353.31
-2935.95
-3303.14
-4036
-5021.62
-5847.4
-7513.83
-6112.15
-14567.3
-11964.5
-885.815
-1201.11
-1657.92
-2355.04
-3307.93
-3887.61
-4472.44
-4802.1
-5908.08
-7022.22
-8602.06
-10263.4
-11105.6
-17914.6
8963.42
-647.797
-862.022
-1072.9
-1288.71
-1839.54
-2536.62
-3324.05
-4445.79
-5901.18
-6141.66
-6386.42
-1922.99
-6715.53
4124.77
-1190.48
-1284.48
-1891.69
-2772.64
-3842.28
-5814.64
-6409.91
-8544.04
-10587.5
-10394.3
-7408.63
-6583.76
-6710.01
-11879.7
-7281.05
-33670.5
-251.269
-485.356
-963.905
-1435.45
-2532.18
-3249.35
-4330.81
-4916.57
-5071.97
-2558.93
-2319.67
-172.564
-4151.7
1811.91
-25506.5
-3832.6
-4626.82
-5654.4
-4325.29
-9629.08
-8646.27
-10693.3
-9534.21
-5004.83
-2625.89
-5753.45
-11887.4
-18625.7
-19018.8
-15010
-547.094
-1814.78
-2331.1
-593.555
1590.45
2536.94
3263.86
2913.46
6704.25
6680.46
-430.643
-5091.76
-5729.27
8283.67
-8053.4
-12435.6
-9772.67
-9167.03
-12202.2
-10309.5
-13850.9
-14398.8
-16372.9
-19886.6
-21478
-23919.9
-18518
-15332.8
-9777.19
-36916.9
-1409.25
-1999.51
-2587.88
-3367.33
-4384.6
-5649.87
-7421.7
-9522.56
-12682.8
-15980.1
-23028.6
-25050.9
-48899.1
-41278.8
-132671
-558.923
-735.666
-866.404
-1108.38
-1431.15
-1845.04
-2456.46
-3182.6
-4410.65
-5619.87
-8542.06
-11423.5
-14930.8
-24234.5
-17784
-373.873
-524.113
-664.589
-888.699
-1158.28
-1523.54
-1993.39
-2660.13
-3478.7
-4866.57
-6407.63
-10053.3
-12282.3
-24620.5
-3917.09
-562.063
-781.568
-996.041
-1300.37
-1692.52
-2224.16
-2902.54
-3802.82
-4884.63
-6432.36
-8316.33
-10835.5
-13232.8
-14861.5
-13252.3
-614.776
-854.056
-1091.49
-1419.46
-1844.01
-2385.32
-3043.32
-3852.25
-4768.02
-6114.08
-7396.33
-9715.39
-10108.8
-13744.1
-10313.7
-574.93
-794.451
-1001.03
-1288.51
-1691.78
-2221.89
-2848.57
-3533.06
-4318.42
-5524.09
-6663.46
-8977.07
-9218.82
-13266.3
-10984.4
-750.514
-1046.92
-1361.66
-1788.45
-2352.71
-2955.37
-3563.69
-4097.18
-4833.31
-6013.72
-7141.56
-9183.34
-8430.5
-12483
-9251.79
-645.817
-868.679
-1085.73
-1383.43
-1802.73
-2331.53
-2825.3
-3087.73
-3852.98
-4879.9
-5864.34
-7446.87
-6112.4
-14111.6
-10067.2
-896.064
-1202.41
-1661.06
-2316.17
-3163.39
-3769.57
-4090.86
-4324.15
-5580.66
-6933.73
-9093.79
-10639
-12363.6
-19976.1
4029.16
-681.608
-913.577
-1139.82
-1306.97
-1838.59
-2520.31
-3434.64
-4372.04
-6008.72
-6342.12
-7063.48
-2229.23
-8399.62
2176.82
7079.38
-1226.81
-1844.98
-2672.74
-3690.94
-5396.82
-6393.53
-8040.08
-9319.35
-10161.3
-7947.84
-7439.39
-7190.87
-13657.8
-11616.8
-24000.6
-447.56
-678.117
-940.413
-1454.45
-2395.22
-3437.35
-4324.33
-4198.86
-5507.52
-3056.64
-2167
8.76914
-4046.82
-1375.97
-20035
-2782.05
-4127.99
-5110.14
-3966.09
-8158.44
-7176.86
-10310.9
-11096.8
-6905.59
-3881.87
-6325.54
-12545.3
-17951.7
-17536.7
-15104
400.634
-1624.24
-2214.81
-822.584
1036.75
2166.25
2404.06
1423.19
4863.78
6065.31
-275.639
-5002.18
-4703.98
5507.41
-3818.18
-12989.6
-12078.5
-10727.2
-12682
-11547.1
-15045.4
-15908.9
-16507.1
-20100.5
-22405.1
-25643.2
-19633.2
-16519.4
-12620.6
-33361.5
-1410.75
-2002.07
-2591.76
-3373.36
-4393.72
-5660.59
-7433.4
-9534.06
-12700.5
-15976.3
-22989.1
-25001.3
-48762.2
-41166
-132359
-559.738
-737.104
-868.351
-1110.92
-1433.69
-1846.48
-2454.67
-3172.73
-4388.49
-5597.1
-8501.92
-11366.9
-14848.7
-24090.2
-17523.4
-374.776
-525.424
-666.116
-890.281
-1159.29
-1522.68
-1988.05
-2648.26
-3459.76
-4835.17
-6370.29
-9981.13
-12253.6
-24450.8
-3962.32
-563.151
-783.99
-1000.33
-1306.92
-1699.49
-2227.85
-2897.29
-3781.07
-4843.54
-6364.15
-8226.8
-10720.6
-13109.9
-14663.7
-13182.7
-617.408
-858.021
-1095.75
-1422.09
-1840.09
-2371.24
-3010.43
-3790.3
-4677.95
-5991.04
-7261.35
-9575.73
-10001.5
-13569.7
-10390
-576.067
-798.169
-1009.12
-1300.99
-1701.94
-2218.6
-2812.15
-3457.45
-4206.67
-5368.67
-6527.79
-8818.16
-9056.07
-12888.5
-10547.4
-756.788
-1055.67
-1368.24
-1779.78
-2310.56
-2876.2
-3416.31
-3853.56
-4543.52
-5704.76
-6902.5
-8986.61
-8395.83
-12981.6
-10495.2
-647.722
-873.517
-1099.1
-1398.2
-1812.15
-2296.04
-2647.85
-2894.54
-3675.13
-4689.78
-5828.22
-7246.29
-6145.5
-12673.7
-4669.32
-905.835
-1205.83
-1642.81
-2215.88
-2962.37
-3484
-3618.69
-3878.26
-5170
-6636.03
-9314
-10736.9
-13621.8
-21436.1
-4987.24
-687.149
-921.434
-1188.77
-1406.94
-1836.67
-2419.43
-3319.49
-4326.93
-5972.72
-6275.79
-7515.9
-2754.74
-9818.38
1837.08
10547.3
-1165.72
-1749.78
-2537.73
-3292.54
-4824.85
-6005.58
-7417.21
-8388.29
-9313.5
-7957.34
-8041.79
-7789.19
-14114.6
-13510.6
-16585.1
-640.812
-1023.62
-1162
-1279.51
-1990.24
-3136.19
-3204.45
-2729.12
-5128.53
-3246.73
-2026.76
197.317
-3896.96
-5083.91
-10560.4
-3281.24
-3449.53
-5542.43
-6072.64
-7416.47
-9251.83
-11226.1
-11177.9
-7123.16
-4740.02
-7051.91
-13223.2
-16995.1
-18105.4
-14265
1245.19
256.978
-936.783
-608.154
928.912
2005.63
1990.5
1833.38
5015.01
6024.72
204.501
-5263.49
-2904.82
588.367
-1390.37
-12409.8
-12681.7
-12416.2
-11046.8
-12358.3
-13417.1
-13639
-14864.2
-19590.1
-23260.1
-27726.7
-20800.8
-17580
-15587.7
-31282.3
-1412.26
-2004.69
-2595.77
-3379.34
-4402.97
-5672.14
-7445.99
-9544.91
-12720.6
-15995.4
-22960.4
-24989.4
-48654
-41067.1
-132189
-560.719
-738.802
-870.73
-1114.11
-1437.15
-1849.12
-2455.4
-3166.93
-4370.79
-5577.47
-8480.65
-11324.9
-14793.9
-24020.2
-17233.4
-375.879
-527.05
-668.142
-892.522
-1161.31
-1523.51
-1985.5
-2639.65
-3448.02
-4816.41
-6352.89
-9935.01
-12261.6
-24344.3
-4040.92
-564.237
-786.491
-1004.82
-1313.72
-1707.18
-2233.17
-2895.56
-3766.38
-4818.14
-6320.88
-8174.87
-10641.9
-13035.8
-14501.7
-13119.5
-620.857
-863.458
-1102.31
-1428
-1841.35
-2364.37
-2988.14
-3747.43
-4621.95
-5913.67
-7189.18
-9485.54
-9969.05
-13471.1
-10654.2
-576.995
-802.069
-1017.73
-1313.99
-1713.29
-2216.64
-2781.55
-3401.49
-4126.85
-5264.98
-6454.64
-8679.3
-8937.95
-12383.9
-9852.88
-765.735
-1071.34
-1385.46
-1785.72
-2283.85
-2807.43
-3279.84
-3650.26
-4343.91
-5509.42
-6733.76
-8822.69
-8533.24
-13339.6
-11758.4
-648.782
-884.063
-1120.53
-1423.36
-1823.09
-2240.51
-2475.83
-2771.89
-3579.38
-4573.67
-5741.54
-6939.99
-6194.26
-10248.7
1637.58
-933.27
-1266.69
-1692.61
-2188.42
-2769.11
-3098.93
-3182.55
-3521.89
-4821.23
-6255.07
-8974.9
-10427.4
-14306.3
-22528.4
-15651.9
-715.752
-1012.21
-1291.23
-1573.46
-1864.43
-2288.9
-3141.47
-4130.64
-5576.5
-5979.42
-7381.85
-3439.39
-10029.5
2458.72
2312.88
-1323.7
-1882.74
-2502.61
-3031.96
-4193.52
-5375.68
-6764.18
-7869.98
-8475.83
-7895.69
-8093.55
-8161.3
-13422.8
-13400.2
-15789.6
-743.879
-1275.39
-1422.29
-1507.95
-2082.23
-3157.42
-3911.7
-4496.62
-5154.66
-3453.32
-1616.83
277.439
-3071.07
-8223.81
-2127.53
-3593.05
-2911.12
-4141.34
-5249.87
-6429.25
-8700.22
-11943.1
-11540.7
-7487.44
-5408.51
-7249.13
-13448.1
-15756.3
-19295.7
-14044.2
1416.77
1311.27
603.012
722.3
2414.03
2792.2
3875.6
4360.45
6356.02
6507.41
843.508
-6269.69
-1407.25
-3502.31
-474.188
-11502.2
-12136.8
-13556.7
-13038.8
-12925.8
-13583.1
-13083.3
-14755
-19361.2
-23883.8
-30432.1
-23615.4
-19117
-18955.6
-31912.8
-1413.74
-2007.27
-2599.86
-3385.33
-4412.16
-5684.39
-7459.45
-9553.55
-12736.6
-16034.8
-22941.1
-25035.6
-48557.9
-40978.9
-132070
-561.821
-740.724
-873.505
-1117.91
-1441.59
-1853.18
-2458.59
-3164.93
-4356.47
-5552.27
-8462.44
-11258.9
-14736
-23966.8
-16904.5
-377.161
-528.965
-670.621
-895.373
-1164.21
-1525.82
-1985.61
-2632.86
-3437.51
-4801.06
-6342.76
-9892.26
-12279.8
-24234.9
-4113.46
-565.247
-789.005
-1009.51
-1320.87
-1715.81
-2240.17
-2896.81
-3755.52
-4798.45
-6284.66
-8132.12
-10557
-12957.5
-14304.1
-13020.1
-625.043
-870.21
-1110.83
-1436.52
-1846.83
-2363.25
-2973.63
-3716.51
-4582.2
-5853.04
-7133.19
-9395.53
-9955.44
-13348
-10941.5
-577.392
-805.534
-1025.99
-1326.97
-1726.79
-2217.6
-2757.96
-3352.92
-4058.09
-5181.06
-6384.62
-8501.96
-8821.01
-11671.7
-8931.75
-776.826
-1090.16
-1407.34
-1799.01
-2270.74
-2756.04
-3171.77
-3526.94
-4251.8
-5414.03
-6638.05
-8698.12
-8746.08
-13360.1
-12758.5
-646.853
-886.614
-1131.05
-1439.99
-1834.39
-2180.9
-2363.59
-2718.15
-3555.39
-4536.31
-5637.6
-6596.25
-5984.16
-7058.86
4308.7
-953.34
-1308
-1744.38
-2195.57
-2621.25
-2744.41
-2835.46
-3273.9
-4629.68
-5974.64
-8308.21
-9782.05
-13695.8
-23543.7
-24909.7
-707.229
-987.281
-1259.85
-1605.58
-1821.85
-2136.54
-2792.37
-3748.74
-5304.32
-5932.22
-7135.91
-4169.36
-9002.24
3156.26
-17059.4
-1247.34
-1815.64
-2422.38
-2755.52
-3434.11
-4674.68
-6048.78
-7082
-8136.14
-8424.95
-8049.41
-7987.05
-11588.8
-11609
-22585.3
-495.411
-1053.79
-1443.73
-1643.1
-2374.57
-3333.87
-3840.94
-4223.13
-4850.05
-3864.1
-1454.29
31.9313
-1364.25
-6952.98
-2820.72
-3510.25
-2703.88
-3401.26
-5104.38
-6336.25
-7460.14
-9452.16
-9753.12
-8305.27
-6433.57
-7097.11
-14444.2
-14828.7
-19063.8
-20094.3
984.887
876.969
1645.23
972.789
2351.64
2367
3257.04
4506.67
6293.84
7029.95
2245.33
-7407.96
-900.711
-6978.6
-6268.31
-10846.5
-12375.1
-12510.7
-12645.7
-12681.8
-13567.6
-13477.3
-14889.4
-18742.1
-24027.7
-32564.6
-28213.5
-21183.5
-22566
-33147.5
-1415.2
-2009.77
-2603.88
-3391.23
-4421.03
-5696.66
-7475.27
-9564.05
-12749
-16073.9
-22952.1
-25133.1
-48497.2
-40912.7
-132048
-563.087
-742.905
-876.698
-1122.35
-1447.11
-1858.62
-2464.36
-3167.9
-4352.97
-5536.27
-8447.34
-11190.4
-14711.5
-23958.9
-16623
-378.685
-531.247
-673.653
-899.044
-1168.41
-1530.17
-1990.04
-2633.41
-3436.86
-4801.15
-6359.1
-9887.63
-12349.7
-24178.4
-4236.34
-566.308
-791.609
-1014.34
-1328.19
-1725.04
-2249.07
-2903.34
-3757.89
-4806.25
-6294.36
-8156.88
-10533.8
-12943.8
-14144
-12929.8
-630.05
-878.376
-1121.51
-1448.47
-1858.88
-2373.16
-2978.62
-3721.91
-4607.32
-5898.47
-7212.54
-9427.58
-10077.2
-13305.9
-11246.1
-577.649
-808.99
-1033.8
-1339.07
-1740.58
-2222.04
-2747.79
-3358.98
-4108.95
-5250.15
-6438.47
-8425.39
-8809.66
-10999.2
-8088.68
-790.412
-1113.51
-1434.72
-1822.36
-2285.66
-2747.67
-3149.53
-3573.94
-4367.04
-5574.65
-6760.1
-8761.97
-9005.09
-13443.9
-14124.1
-645.506
-889.35
-1137.76
-1453.2
-1850.28
-2116.73
-2305.02
-2795.5
-3707.12
-4710.01
-5617.03
-6409.71
-5647.99
-4598.97
1740.83
-988.27
-1362.97
-1801.92
-2246.24
-2608.17
-2575.24
-2814.29
-3498.12
-4838.72
-6068.79
-7700.84
-9425.84
-12353.2
-24733.4
-33131
-717.324
-1010.82
-1268.42
-1633.53
-1858.47
-2207.67
-3018.43
-4119.19
-5406.68
-5951.08
-6793.46
-5225.73
-7789.76
449.604
-37597.6
-1376.82
-1942.01
-2466.4
-2991.63
-3765.34
-5577.03
-7177.09
-7893.81
-8400.1
-8601.48
-7901.38
-8456.86
-10375.7
-10661.5
-33297.9
-720.408
-1084.98
-1411.8
-2191.27
-3149.41
-4124.73
-4144.83
-3780.84
-3982.88
-3881.91
-1751.27
-1181.87
-537.289
-3561.01
-14776
-2561.24
-3140.29
-4748.71
-6255.82
-6740.8
-7168.38
-6458.45
-8006.88
-9308.27
-7700.86
-6800.2
-16888.6
-14361.5
-18841.9
-33148.8
1736.47
1932.43
1456.56
1425.25
2307.71
2186.1
2335.21
3399.36
5440.45
6875.75
5656.55
-7765.96
1554.15
-9975.38
-12374.9
-12134.2
-12200.6
-12738.8
-12183
-12656.5
-13342.6
-14538.6
-16179
-19025.3
-23428.7
-30667.8
-33402.6
-23389.9
-28290.4
-36459
-1416.53
-2012.08
-2607.63
-3396.75
-4429.11
-5707.62
-7491.43
-9579.39
-12759.8
-16097.5
-22972.3
-25235.8
-48463.7
-40863.5
-132091
-564.363
-745.142
-880.062
-1127.12
-1453.3
-1864.89
-2470.91
-3173.34
-4357.06
-5530.56
-8418.29
-11132.9
-14696.1
-23965
-16306.5
-380.25
-533.629
-676.886
-903.029
-1173.08
-1535.09
-1996
-2638.43
-3442.96
-4802.7
-6374.47
-9885.45
-12423.3
-24149.5
-4368.89
-567.132
-793.959
-1018.96
-1335.24
-1734.03
-2258.59
-2913.24
-3766.4
-4822.24
-6307.62
-8183.85
-10505.4
-12926
-13974.3
-12829.1
-635.485
-887.463
-1133.86
-1462.82
-1874.66
-2390.4
-2996.88
-3742.51
-4643.64
-5943.76
-7287.63
-9451.31
-10182.3
-13265.9
-11528.8
-577.147
-812.203
-1041.96
-1351.1
-1753.46
-2233.29
-2753.51
-3370.17
-4145.28
-5291.08
-6463.76
-8334.27
-8789.17
-10295.6
-7301.6
-806.719
-1143.49
-1472.62
-1857.94
-2320.75
-2789.61
-3191.14
-3634.97
-4451.35
-5700
-6875.66
-8916.07
-9178.22
-13611
-15701.6
-640.705
-894.473
-1149.54
-1463.47
-1856.29
-2128.29
-2268.24
-2752.23
-3666.85
-4748.33
-5600.84
-6428.61
-5258.87
-3277.6
-1303.19
-1038.72
-1462.19
-1916.97
-2340.29
-2742.14
-2670.71
-2891.73
-3612.05
-4920.35
-6278.61
-7512.95
-9585.95
-11060.2
-26098.8
-38915.3
-694.957
-988.587
-1251.05
-1667.35
-1878.69
-2300.95
-3148.02
-4208.27
-5501.83
-6228.81
-7094.5
-6465.26
-6932.61
-4370.69
-43343.4
-1469.71
-2305.1
-2870.06
-3242.17
-4158.13
-6402.52
-7959.89
-8905.64
-9923.77
-10563.7
-9595.83
-9423.76
-10198.9
-12689.4
-36686.1
-677.298
-1129.99
-1640.71
-2015.48
-2763.65
-3475.33
-3199.26
-3184.03
-3872.08
-4751.66
-3354.29
-3516.21
-1388.75
-3530.74
-23474.6
-3476.89
-5160.8
-6286.96
-7443.33
-6742
-7682.07
-8317.92
-9560.06
-12051.8
-11464
-8097.44
-16170.9
-17386.8
-22298.4
-36691.9
1651.79
328.196
303.985
316.412
19.6275
-22.7692
465.343
1595.55
3069.11
4483.91
6020.96
-2200.43
-2858.27
-11823
-3335.52
-11341.2
-11388.7
-12004.2
-11118.7
-13592
-13961.3
-13424.9
-14062.2
-16841.3
-22147.1
-27652
-33043.2
-27900.6
-34382.2
-40657.2
-1417.8
-2014.28
-2611.2
-3402.02
-4436.77
-5717.59
-7506.36
-9597.43
-12777.2
-16118.1
-22992.9
-25321.1
-48473.4
-40848.8
-132270
-565.779
-747.581
-883.762
-1132.44
-1460.6
-1873.07
-2480.18
-3182.53
-4370.88
-5542.8
-8413.45
-11122.7
-14699.3
-24021.6
-16025.1
-382.06
-536.378
-680.678
-907.885
-1179.16
-1542.09
-2005.46
-2650
-3461.61
-4820.46
-6409.66
-9918.29
-12521.3
-24216.4
-4501.5
-568.128
-796.497
-1023.75
-1342.58
-1743.74
-2270.08
-2928.5
-3786.83
-4860.06
-6354.22
-8252.38
-10530.8
-12962.4
-13860.6
-12705.7
-641.632
-897.65
-1147.91
-1480.11
-1895.71
-2417.23
-3034.54
-3797.83
-4730.31
-6052.57
-7432.47
-9554
-10339.6
-13314.9
-11842.1
-576.919
-815.594
-1049.95
-1363.28
-1767.37
-2251.61
-2778.68
-3415.53
-4238.48
-5412.49
-6575.67
-8318.67
-8825.02
-9803.18
-6619.52
-824.739
-1175.8
-1513.33
-1898.95
-2370.78
-2869.59
-3323.05
-3857.43
-4730.09
-6002.58
-7112.21
-9131.34
-9332.96
-13895.9
-17099.2
-634.986
-897.613
-1156.81
-1476.26
-1870.7
-2188.37
-2306.07
-2796.16
-3787.43
-4919.12
-5693.19
-6531.02
-4850.02
-2332.15
-1054.73
-1099.47
-1585.92
-2055.17
-2428.21
-2920.41
-3010.35
-3272.33
-4167.58
-5520.96
-6784.91
-7528.57
-9620.5
-9736
-27826.6
-42628.6
-672.193
-956.67
-1230.29
-1674.33
-1971.57
-2423.46
-3581.46
-4763.29
-5959.03
-6561.6
-7583.63
-7162.65
-5954.93
-8817.72
-28355
-1754.16
-2746.58
-3073.92
-3368.6
-4485.96
-7466.49
-10094.4
-11602.3
-12377.9
-12370.3
-10989.6
-9353.75
-10627.7
-16036.5
-28582
-657.057
-951.835
-1508.31
-2296.99
-3557.33
-4794.89
-4642.47
-3713.97
-2694.91
-3888.51
-3967.16
-4046.31
-3296.66
-6611.73
-17026.3
-5144.66
-6499.27
-5585.82
-4915.64
-5326.06
-7705.73
-9105.88
-10101.1
-13323.7
-13138.3
-9759.8
-10668.8
-16142
-27251
-20115.8
1477.69
-575.965
-891.109
-349.58
-223.154
-873.986
-1267.65
-561.572
781.478
1904.58
3014.58
3231.69
-4828.61
-7043.88
18148.3
-10134.4
-8375.89
-10334.6
-14055.6
-18739
-18975.5
-17134.4
-16514.6
-15815.2
-19279.2
-27684.5
-31227.7
-37361.6
-33986.7
-40592
-1418.83
-2016.08
-2614.2
-3406.48
-4443.17
-5725.67
-7518.26
-9613.05
-12795.3
-16138.1
-23009
-25379.1
-48479.9
-40851.8
-132474
-567.033
-749.772
-887.129
-1137.3
-1467.4
-1881.01
-2489.66
-3192.02
-4384.82
-5559.3
-8419.52
-11139.3
-14677.6
-24056.8
-15667.6
-383.595
-538.725
-683.916
-912.03
-1184.37
-1547.99
-2013.79
-2661.15
-3480.68
-4840.55
-6444.12
-9949.36
-12612.4
-24301.6
-4592.16
-568.736
-798.445
-1027.61
-1348.52
-1751.57
-2279.59
-2942.97
-3808.41
-4898.58
-6399.84
-8313.92
-10549.9
-12975.6
-13733.6
-12624.5
-647.203
-906.821
-1160.16
-1495.14
-1913.99
-2441.36
-3072.44
-3856.23
-4816.62
-6151.32
-7551.2
-9632.27
-10427.9
-13363.3
-12113.7
-576.294
-818.297
-1056.22
-1372.51
-1776.6
-2266.43
-2811.96
-3474.53
-4326.48
-5503.22
-6659.41
-8288.05
-8823.68
-9553.29
-6146.87
-843.014
-1205.7
-1544.97
-1931.88
-2408.66
-2946.4
-3480.15
-4114.21
-5013.41
-6257.59
-7296.55
-9255.72
-9506.27
-13922.2
-17347.6
-629.353
-898.001
-1161.48
-1484.46
-1871.25
-2245.28
-2470.01
-2961.33
-3941.88
-5029.68
-5754.86
-6634.81
-4776.41
-1716.96
672.071
-1172.79
-1686.63
-2110.92
-2479.17
-2985.43
-3442.45
-3791.17
-4799.95
-6058.68
-7115.25
-7528.84
-9591.45
-8976.56
-29124.7
-44687.8
-653.556
-942.655
-1261.66
-1690.39
-1973.39
-2434.59
-3815.12
-5181.64
-6251.16
-6419.82
-7512.66
-7982.79
-5743.33
-11357.6
4292.28
-2040.59
-2947.48
-2996.57
-3359.07
-4574.82
-7134.75
-10472.9
-13147.5
-14192
-12848.4
-11017.4
-9770.68
-10610
-16971.8
-14280
-600.914
-1078.29
-1650.19
-2132.71
-2728.72
-4056.1
-4651.01
-4736.92
-4054.35
-3769.74
-3255.54
-4506.07
-2863.57
-9227.94
-5713.5
-6197.33
-5437.27
-4563.1
-3739.05
-4390.34
-6013.7
-8516.76
-11401.8
-15255.3
-13865.6
-11683.2
-7018.34
-13144.7
-29637.3
-679.294
1037.64
-115.048
-638.83
-110.889
2361.23
1079.82
-1809.96
-2809.2
-1903.51
244.9
921.521
3903.46
6120.29
2029.9
41713.8
-8351.3
-7441.27
-10866.5
-16415.6
-18680.8
-20322
-21647.8
-21299.8
-18576.2
-18609.8
-24403.3
-31292
-36645.9
-31896.1
-42440.7
-1419.8
-2017.77
-2617.02
-3410.8
-4449.39
-5733.55
-7529.33
-9628.38
-12815.8
-16165.9
-23036.1
-25422.7
-48515.4
-40931.7
-132844
-568.472
-752.215
-890.862
-1142.74
-1475.2
-1890.79
-2502.38
-3206.65
-4405.75
-5585.78
-8452.85
-11189.1
-14665.5
-24084.9
-15313
-385.487
-541.6
-687.94
-917.393
-1191.45
-1556.51
-2025.79
-2677.51
-3507.99
-4874.56
-6497.75
-10016.7
-12725.5
-24491
-4663.15
-569.788
-800.879
-1032.03
-1355.35
-1761.06
-2291.91
-2962.65
-3839.76
-4952.67
-6470.35
-8407.34
-10617
-13049.5
-13612.2
-12426.4
-653.551
-917.232
-1174.63
-1514.08
-1938.25
-2473.28
-3121.91
-3933.49
-4930.76
-6289.19
-7711.86
-9769.49
-10575.5
-13444
-12344.8
-576.76
-821.95
-1063.44
-1383.75
-1790.6
-2287.88
-2860.9
-3566.33
-4464.85
-5654.86
-6806.85
-8344.31
-8896.46
-9540.8
-6068.01
-861.53
-1236.02
-1581.28
-1976.28
-2461.97
-3027.19
-3638.83
-4381.99
-5335.49
-6577.61
-7570.39
-9415.45
-9803.18
-13650
-16972
-625.818
-899.537
-1166.26
-1493.37
-1880.56
-2292.25
-2670.92
-3252.93
-4215.16
-5254.03
-5958.55
-6784.07
-5132.06
-1852.5
1629.9
-1230.66
-1768.8
-2174.31
-2559.9
-3058.6
-3629.11
-4276.11
-5405.96
-6541.81
-7390.56
-7560.52
-9426.47
-8726.66
-29109.2
-43806.9
-637.806
-944.552
-1246.2
-1647.75
-1960.19
-2344.6
-3455.15
-4920.89
-6177.03
-6456
-7333.94
-8373.02
-6510.94
-11973.3
25374.1
-2297.28
-2994.11
-2979.66
-3298.08
-4199.24
-5956.78
-8912.01
-12076.3
-13362.2
-11774.9
-9642.91
-9489.85
-10456.6
-15233.3
-10962
-644.885
-1126.02
-1525.56
-1573.47
-1776.37
-2742.73
-3241.6
-3958.66
-4169.66
-4391.99
-3224.86
-4432.96
-1144.03
-10410.5
2181.83
-6214.76
-5362.95
-4176.4
-3111.94
-3938.29
-4806.88
-6687.92
-10542.2
-15633.4
-13528.7
-10527.9
-9017.93
-9633.62
-31576.7
15408.7
865.759
-146.486
-1069.5
825.412
4076.23
4327.09
2435.25
618.384
-619.405
-507.018
-336.963
3119.32
7030
9956.82
50638.2
-7169.19
-6680.61
-11524.4
-16254.6
-16910.6
-18618.5
-20751.4
-21190.6
-21254.4
-22848.1
-29191.4
-31340.2
-38920.9
-31344.5
-50424.3
-1420.4
-2018.79
-2618.74
-3413.46
-4453.29
-5738.37
-7535.79
-9637.53
-12828
-16185.2
-23047.3
-25467.4
-48450.9
-40977
-133033
-569.394
-753.829
-893.352
-1146.29
-1480.29
-1897.17
-2510.76
-3216.42
-4418.55
-5603.69
-8465.73
-11241.3
-14690.6
-24195.2
-14783.7
-386.516
-543.158
-690.078
-920.155
-1195.09
-1560.74
-2031.93
-2686.17
-3523.93
-4894.37
-6532
-10044.7
-12833.9
-24569.9
-4754.86
-570.13
-802.064
-1034.4
-1359.03
-1766.21
-2298.65
-2974.11
-3858.87
-4986.57
-6513.29
-8462.05
-10645.1
-13076.1
-13493.6
-12399.8
-657.376
-923.432
-1182.97
-1524.46
-1951.55
-2490.55
-3149.18
-3977.58
-4997.97
-6368.28
-7796.92
-9836.61
-10617.3
-13517.9
-12487.9
-576.455
-823.678
-1067.18
-1388.87
-1797.13
-2298.58
-2889.16
-3623.1
-4551.83
-5742.28
-6885.43
-8353.49
-8909.93
-9566.3
-6268.95
-873.22
-1254.72
-1602.07
-1998.41
-2491.91
-3068.06
-3712.7
-4513.59
-5508.74
-6732.51
-7689.37
-9433.93
-9937.88
-13242.5
-15989.3
-622.79
-900.595
-1169.45
-1492.98
-1884.83
-2310.53
-2773.78
-3449.37
-4426.82
-5377.69
-6048.46
-6836.85
-5437.62
-2910.21
2271.9
-1263.66
-1821.8
-2215.5
-2599.37
-3137.43
-3690.59
-4348.46
-5479.74
-6677.64
-7514.73
-7586.03
-9140.24
-8934.64
-28447.2
-41666.6
-644.129
-966.537
-1243.13
-1574.05
-1955.52
-2321.27
-3216.82
-4815.5
-6434.19
-6806.64
-7282.7
-8742.73
-8298.01
-9465.25
38675
-2255.19
-2854.32
-2931.23
-3309.5
-4193.43
-5446.5
-7519.61
-10855.9
-12633.4
-11032.9
-9451.34
-9669.64
-10947.3
-10153.5
-6494.64
-613.054
-1070.94
-1422.45
-1483.02
-1683.12
-2245.53
-2364.75
-3095.21
-3582.54
-4187.47
-3963.52
-4807.35
-240.681
-9109.06
-1500.13
-6479.07
-5090.14
-3412.14
-3144.53
-4344.27
-4928.23
-7014.02
-12127.7
-15529
-12451.2
-8533.28
-9155.89
-8311.58
-32291.9
15620.3
511.356
-319.313
-1472.54
1226.52
3928.33
4430.65
3571.61
2845.22
1658.75
620.137
271.508
4786.42
8948.72
10150.1
41669.5
-6383.6
-6899.82
-12654.8
-16344.7
-16189.3
-18022.8
-19741.5
-19564
-21529.1
-28953.1
-39977.6
-37419.6
-40564.5
-33625.6
-62332.1
-1421.12
-2020.02
-2620.76
-3416.69
-4458.05
-5744.63
-7544.22
-9649.09
-12844.1
-16211.2
-23085.2
-25464.2
-48527.1
-41601.3
-133737
-570.746
-756.094
-896.854
-1151.44
-1487.71
-1906.95
-2524.17
-3233.71
-4441.97
-5636.89
-8518.49
-11354
-14558.6
-23670.8
-14062.3
-388.396
-546.032
-694.16
-925.683
-1202.6
-1570.13
-2045.03
-2703.8
-3552.01
-4933.65
-6594.06
-10147.8
-12965.6
-24932.5
-4205.68
-571.296
-804.364
-1038.46
-1365.3
-1775.25
-2311.08
-2994.36
-3891.8
-5042.14
-6589.64
-8566.3
-10732.1
-13204.8
-13166.6
-11891.6
-663.299
-933.237
-1197.28
-1543.74
-1977.18
-2524.85
-3200.2
-4054.34
-5110.9
-6511.21
-7961.41
-10003.8
-10802.5
-13596.3
-12820.3
-577.824
-827.664
-1074.74
-1400.03
-1812.67
-2323.51
-2939.86
-3717.69
-4703.43
-5925.72
-7070.66
-8463.02
-9057
-9397.91
-6405.29
-889.944
-1282.64
-1640.15
-2046.85
-2556.37
-3162.02
-3861.57
-4738.65
-5807.7
-7049.16
-7993.61
-9671.68
-10261.5
-13213.8
-15382
-622.535
-906.49
-1179.99
-1501.52
-1900.7
-2354.28
-2885.21
-3672.85
-4772.55
-5712.78
-6329.97
-7066.93
-6203.76
-4215.79
-744.038
-1307.5
-1886.36
-2297.77
-2707.68
-3289.86
-3929.51
-4709.6
-5941.58
-7188.46
-7888.86
-7959.72
-9165.4
-9209.94
-23986
-32559.2
-657.818
-997.596
-1258.13
-1513.94
-1878.72
-2280.55
-2974.63
-4427.5
-6244.89
-6938.04
-7210.73
-8404.24
-8948.3
-7695.01
12204.8
-2230.39
-2766.53
-2981.15
-3500.93
-4321.81
-5283.29
-6864.89
-9779.58
-11238.1
-9389.97
-8063.2
-8790.23
-11278.7
-10091.7
-39797.9
-497.218
-946.907
-1389.72
-1319.34
-1326.23
-1368.35
-949.082
-1589.96
-2042.66
-2850.06
-3072.34
-3898.93
1520.69
-2182.52
8135.68
-6797.27
-5024.46
-2676.98
-3496.02
-4609.24
-4990.13
-7341.86
-13412.9
-16140.5
-9879.94
-3035.62
-5694.66
-6952.74
-26881.4
32043.7
546.886
-662.266
-961.863
3479.15
4589.96
4606.9
3260.74
2784.8
2915.53
3249.72
5509.31
9011.09
9710.59
12943.5
44063
-6457.19
-7811.96
-14191.5
-16199
-16138.2
-18521.3
-20460.8
-19804.3
-22014
-32912.8
-47361.2
-42338.7
-40519.7
-35865.3
-70492.7
)
;

boundaryField
{
    outletsourceFace
    {
        type            zeroGradient;
    }
    outletdestinationFace
    {
        type            zeroGradient;
    }
    outletFace
    {
        type            zeroGradient;
    }
    outletWall
    {
        type            fixedValue;
        value           uniform 0;
    }
    inletFace
    {
        type            zeroGradient;
    }
    inletWall
    {
        type            fixedValue;
        value           uniform 5;
    }
    inletsourceFace
    {
        type            zeroGradient;
    }
    inletdestinationFace
    {
        type            zeroGradient;
    }
}


// ************************************************************************* //
