/*--------------------------------*- C++ -*----------------------------------*\
| =========                 |                                                 |
| \\      /  F ield         | OpenFOAM: The Open Source CFD Toolbox           |
|  \\    /   O peration     | Version:  4.1                                   |
|   \\  /    A nd           | Web:      www.OpenFOAM.org                      |
|    \\/     M anipulation  |                                                 |
\*---------------------------------------------------------------------------*/
FoamFile
{
    version     2.0;
    format      ascii;
    class       volScalarField;
    location    "12";
    object      p;
}
// * * * * * * * * * * * * * * * * * * * * * * * * * * * * * * * * * * * * * //

dimensions      [0 2 -2 0 0 0 0];

internalField   nonuniform List<scalar> 
6750
(
-486.359
-176.783
-456.032
-462.868
-527.466
-545.102
-538.416
-434.521
-297.78
-219.706
-189.578
-175.23
-171.52
-119.215
-180.194
-484.348
-175.727
-455.098
-462.677
-527.068
-544.164
-537.995
-438.93
-302.93
-222.221
-190.368
-173.656
-172.516
-118.076
-180.344
-482.916
-175.146
-454.498
-462.582
-526.7
-543.495
-537.504
-440.284
-304.842
-222.835
-190.795
-172.565
-173.514
-117.729
-180.575
-481.016
-174.309
-453.623
-462.351
-526.089
-542.642
-537.203
-443.136
-307.96
-223.837
-190.787
-171.602
-174.087
-118.28
-180.752
-479.451
-173.353
-452.854
-462.227
-525.58
-541.84
-536.76
-444.794
-310.017
-224.487
-191.246
-171.452
-174.113
-119.421
-180.922
-478.07
-172.185
-452.087
-462.104
-525.105
-541.077
-536.548
-446.104
-311.753
-224.622
-190.117
-168.839
-173.684
-120.94
-181.095
-477.256
-170.916
-451.418
-462.074
-524.833
-540.519
-536.527
-446.349
-312.945
-225.569
-190.894
-171.942
-169.048
-123.13
-180.855
-477.089
-170.418
-451.132
-462.028
-524.737
-540.352
-536.578
-446.314
-313.122
-225.628
-189.507
-172.057
-167.907
-123.961
-180.907
-477.435
-171.111
-451.553
-462.123
-524.933
-540.636
-536.546
-446.331
-312.924
-225.791
-190.889
-173.174
-167.46
-123.425
-180.866
-478.391
-172.383
-452.287
-462.21
-525.286
-541.287
-536.623
-445.987
-311.926
-225.456
-191.118
-172.21
-172.423
-121.429
-181.177
-479.881
-173.568
-453.135
-462.396
-525.835
-542.118
-536.903
-444.483
-309.965
-224.801
-191.665
-173.032
-174.481
-119.712
-181.212
-481.533
-174.5
-453.96
-462.578
-526.403
-542.971
-537.403
-442.683
-307.886
-224.348
-191.596
-173.123
-174.369
-118.48
-181.053
-483.5
-175.321
-454.894
-462.868
-527.067
-543.859
-537.722
-439.642
-304.567
-223.103
-191.265
-173.451
-173.922
-117.797
-180.914
-484.976
-175.887
-455.532
-463.002
-527.47
-544.552
-538.231
-438.168
-302.542
-222.424
-190.781
-174.438
-172.873
-118.044
-180.659
-487.026
-176.933
-456.51
-463.241
-527.899
-545.499
-538.63
-433.526
-297.137
-219.627
-189.677
-175.695
-171.841
-119.072
-180.507
-727.562
-125.246
-408.645
-472.097
-531.317
-548.408
-537.589
-401.102
-245.405
-168.497
-154.892
-144.882
-160.138
-93.2439
-237.83
-724.053
-122.398
-408.567
-471.849
-531.863
-549.686
-540.009
-407.263
-251.438
-171.948
-155.308
-144.866
-160.139
-92.1001
-237.972
-721.677
-121.622
-408.957
-471.824
-532.312
-550.533
-541.365
-410.032
-254.501
-173.88
-155.652
-145.309
-160.119
-91.7134
-238.21
-718.133
-120.265
-408.958
-471.676
-532.657
-551.581
-543.546
-414.79
-259.16
-176.654
-155.996
-145.401
-159.816
-91.9887
-238.052
-714.957
-119.981
-409.131
-471.718
-533.027
-552.429
-544.982
-417.971
-262.57
-178.615
-156.561
-146.282
-158.719
-92.7662
-237.804
-711.711
-119.945
-409.056
-471.717
-533.231
-553.054
-546.371
-420.866
-266.079
-181.319
-157.823
-146.627
-154.591
-93.8101
-237.289
-709.116
-120.57
-408.884
-471.83
-533.443
-553.478
-547.511
-422.235
-268.643
-184.307
-160.858
-147.462
-152.414
-95.1093
-236.727
-708.339
-120.869
-408.675
-471.834
-533.483
-553.599
-547.936
-422.594
-269.41
-185.517
-160.674
-147.858
-152.327
-95.129
-236.823
-709.746
-120.292
-408.933
-471.869
-533.507
-553.515
-547.412
-422.176
-268.69
-184.803
-161.513
-148.4
-151.947
-95.2397
-236.848
-712.487
-119.755
-409.137
-471.803
-533.336
-553.087
-546.284
-420.68
-266.313
-182.285
-160.469
-148.338
-153.943
-94.1003
-237.599
-715.887
-119.894
-409.248
-471.862
-533.175
-552.459
-544.909
-417.545
-262.517
-178.923
-157.27
-147.551
-158.856
-92.9005
-238.364
-719.141
-120.259
-409.103
-471.871
-532.836
-551.599
-543.466
-414.174
-258.975
-176.934
-156.718
-146.763
-160.006
-92.0814
-238.662
-722.748
-121.7
-409.143
-472.077
-532.524
-550.536
-541.235
-409.214
-254.114
-173.988
-155.908
-146.282
-160.445
-91.7185
-238.867
-725.156
-122.531
-408.772
-472.133
-532.089
-549.675
-539.849
-406.292
-250.879
-171.86
-155.498
-145.771
-160.489
-92.038
-238.586
-728.693
-125.442
-408.894
-472.434
-531.564
-548.367
-537.351
-399.928
-244.651
-168.291
-154.929
-145.516
-160.494
-93.1015
-238.458
-911.797
-136.652
-305.684
-437.711
-449.762
-438.218
-397.088
-294.553
-207.551
-156.722
-155.411
-142.839
-169.457
-48.7504
-347.98
-909.693
-132.688
-306.726
-438.393
-452.014
-441.971
-401.717
-299.856
-211.354
-158.367
-154.708
-142.584
-168.661
-47.6225
-348.209
-908.534
-131.362
-308.292
-438.973
-453.485
-444.064
-403.968
-302.291
-213.021
-158.741
-154.359
-142.654
-168.33
-47.0136
-348.926
-906.584
-128.796
-309.3
-439.5
-455.245
-446.943
-407.564
-306.436
-215.98
-159.981
-154.192
-142.263
-168.006
-47.1045
-348.543
-905.006
-127.826
-310.628
-440.206
-456.787
-449.195
-410.166
-309.369
-218.12
-160.646
-154.55
-142.249
-167.479
-47.6951
-348.085
-903.312
-127.075
-311.301
-440.612
-457.962
-451.067
-412.567
-312.329
-220.709
-162.604
-156.027
-143.989
-164.971
-48.8019
-346.808
-901.752
-127.765
-311.87
-441.036
-458.826
-452.304
-414.146
-314.252
-222.631
-164.22
-156.383
-142.048
-162.267
-49.2462
-345.567
-901.186
-128.154
-311.852
-441.032
-458.973
-452.575
-414.577
-314.863
-223.267
-164.865
-155.872
-140.403
-159.915
-48.449
-345.417
-902.217
-127.44
-311.814
-441.031
-458.799
-452.238
-414.071
-314.194
-222.769
-164.443
-156.779
-140.882
-160.299
-49.1301
-345.79
-903.759
-126.995
-311.251
-440.606
-457.892
-450.932
-412.446
-312.234
-220.985
-162.922
-156.724
-143.339
-163.685
-48.787
-347.399
-905.556
-127.913
-310.531
-440.202
-456.683
-448.989
-409.97
-309.156
-218.305
-160.763
-155.174
-142.077
-167.126
-47.5628
-349.129
-907.173
-129.011
-309.184
-439.508
-455.114
-446.676
-407.309
-306.143
-216.117
-160.063
-154.743
-142.245
-168.311
-46.8961
-349.679
-909.17
-131.704
-308.167
-438.999
-453.337
-443.745
-403.651
-301.943
-213.191
-159.018
-154.871
-142.801
-168.713
-46.8316
-350.076
-910.354
-133.104
-306.583
-438.424
-451.849
-441.612
-401.36
-299.461
-211.498
-158.624
-155.279
-142.875
-169.225
-47.4187
-349.232
-912.482
-137.152
-305.556
-437.763
-449.59
-437.816
-396.662
-294.104
-207.688
-157.072
-156.011
-143.139
-170.058
-48.493
-348.954
-1018.32
-221.421
-237.041
-400.957
-378.548
-360.083
-328.649
-251.832
-192.562
-148.75
-153.76
-135.7
-183.722
4.22474
-474.987
-1017.2
-218.814
-237.245
-401.547
-380.131
-362.711
-331.655
-255.02
-195.084
-150.148
-153.191
-135.377
-182.238
5.8308
-475.639
-1016.6
-217.907
-238.116
-402.143
-381.244
-364.258
-333.301
-256.601
-196.213
-150.064
-152.608
-134.826
-181.756
7.12979
-476.862
-1015.56
-215.904
-238.456
-402.623
-382.611
-366.416
-335.845
-259.236
-198.206
-150.815
-152.529
-134.488
-181.9
7.59196
-476.112
-1014.81
-214.907
-239.275
-403.354
-383.942
-368.218
-337.848
-261.218
-199.7
-150.787
-152.966
-133.835
-181.453
7.60465
-475.043
-1014.02
-213.765
-239.61
-403.743
-384.988
-369.777
-339.738
-263.328
-201.747
-152.221
-154.854
-136.239
-179.547
7.1281
-472.167
-1013.32
-213.557
-240.163
-404.251
-385.909
-370.976
-341.138
-264.909
-203.579
-153.981
-156.614
-134.725
-173.602
6.83842
-467.832
-1013.03
-213.498
-240.217
-404.255
-386.061
-371.251
-341.551
-265.494
-204.276
-154.866
-156.2
-131.789
-168.789
7.62662
-466.1
-1013.55
-213.562
-240.114
-404.24
-385.87
-370.933
-341.147
-265.008
-203.939
-154.481
-157.731
-133.115
-169.708
7.11371
-467.536
-1014.23
-213.94
-239.598
-403.749
-384.949
-369.734
-339.792
-263.492
-202.349
-152.776
-156.568
-136.23
-178.263
7.15305
-472.55
-1015.09
-215.198
-239.258
-403.367
-383.901
-368.157
-337.896
-261.341
-200.199
-150.959
-154.222
-134.487
-181.618
7.61025
-476.279
-1015.88
-216.272
-238.445
-402.656
-382.58
-366.351
-335.892
-259.342
-198.637
-150.888
-153.326
-134.201
-182.807
7.66379
-477.53
-1016.96
-218.359
-238.115
-402.196
-381.223
-364.188
-333.344
-256.728
-196.727
-150.489
-153.458
-135.12
-182.667
7.17758
-478.304
-1017.59
-219.314
-237.242
-401.61
-380.118
-362.64
-331.699
-255.15
-195.599
-150.534
-153.97
-135.53
-183.255
5.8805
-476.873
-1018.73
-221.979
-237.057
-401.039
-378.548
-360.015
-328.682
-251.976
-193.118
-149.338
-154.624
-136.058
-184.716
4.30281
-476.36
-1123.74
-285.39
-222.561
-394.678
-353.603
-326.26
-298.72
-239.61
-204.42
-157.99
-177.181
-130.34
-214.204
51.6382
-633.273
-1123.07
-283.966
-222.331
-394.842
-354.185
-327.487
-300.272
-241.33
-205.931
-158.903
-176.141
-130.86
-213.025
52.971
-635.726
-1122.74
-283.526
-222.669
-395.188
-354.707
-328.271
-301.121
-242.113
-206.513
-158.309
-175.152
-129.51
-212.223
53.1328
-637.374
-1122.12
-282.446
-222.579
-395.337
-355.256
-329.332
-302.472
-243.533
-207.686
-158.451
-174.455
-130.153
-213.806
53.0947
-635.726
-1121.71
-281.983
-222.869
-395.737
-355.92
-330.276
-303.571
-244.619
-208.607
-157.96
-174.187
-128.975
-213.334
54.236
-633.365
-1121.25
-281.369
-222.838
-395.849
-356.358
-331.042
-304.616
-245.894
-210.106
-159.112
-175.444
-131.91
-213.861
54.604
-627.471
-1120.9
-281.234
-223.038
-396.122
-356.86
-331.705
-305.451
-246.985
-211.714
-161.442
-178.282
-133.114
-206.939
52.5112
-617.073
-1120.69
-281.162
-223.027
-396.089
-356.914
-331.85
-305.724
-247.461
-212.416
-162.672
-178.842
-130.585
-199.039
52.2117
-611.406
-1120.98
-281.329
-223.057
-396.153
-356.883
-331.753
-305.575
-247.229
-212.252
-162.403
-180.282
-132.57
-200.796
53.1006
-618.174
-1121.35
-281.529
-222.879
-395.912
-356.428
-331.153
-304.858
-246.299
-210.993
-160.344
-177.73
-133.234
-213.552
55.9602
-630.834
-1121.86
-282.217
-222.936
-395.828
-356.027
-330.422
-303.865
-245.043
-209.411
-158.514
-175.896
-129.497
-214.382
55.8658
-638.399
-1122.3
-282.731
-222.656
-395.449
-355.397
-329.509
-302.808
-243.979
-208.432
-158.805
-175.69
-129.793
-215.125
54.053
-640.006
-1122.95
-283.866
-222.762
-395.325
-354.878
-328.475
-301.486
-242.611
-207.327
-158.988
-176.399
-130.128
-214.002
53.6552
-641.356
-1123.29
-284.342
-222.428
-394.991
-354.376
-327.71
-300.664
-241.862
-206.808
-159.61
-177.49
-130.799
-214.315
53.5173
-638.508
-1123.97
-285.807
-222.672
-394.842
-353.813
-326.498
-299.124
-240.18
-205.345
-158.965
-178.633
-130.944
-215.787
51.6958
-635.563
-1231.24
-329.811
-225.844
-405.067
-359.236
-331.528
-313.56
-261.318
-242.645
-180.74
-227.462
-131.785
-274.427
81.9231
-855.769
-1230.81
-329.001
-225.68
-405.188
-359.62
-332.347
-314.672
-262.618
-243.719
-181.525
-225.552
-131.593
-275.206
82.4358
-858.47
-1230.61
-328.778
-225.898
-405.467
-360.002
-332.889
-315.294
-263.222
-244.275
-181.255
-224.77
-130.67
-270.444
83.1137
-864.934
-1230.2
-328.174
-225.828
-405.595
-360.372
-333.611
-316.302
-264.362
-245.34
-181.557
-223.494
-130.391
-278.221
88.6332
-872.595
-1229.94
-327.969
-226.014
-405.909
-360.847
-334.268
-317.147
-265.256
-246.343
-181.519
-223.725
-129.065
-283.426
88.8763
-871.12
-1229.62
-327.659
-225.981
-406.002
-361.129
-334.787
-317.968
-266.328
-247.824
-182.898
-225.023
-131.174
-290.442
80.4855
-847.244
-1229.41
-327.649
-226.091
-406.202
-361.47
-335.248
-318.638
-267.254
-249.457
-185.522
-230.501
-134.159
-277.834
72.1363
-823.331
-1229.23
-327.644
-226.081
-406.182
-361.502
-335.358
-318.886
-267.686
-250.156
-186.687
-231.443
-130.852
-270.23
66.4569
-806.889
-1229.38
-327.767
-226.14
-406.247
-361.527
-335.341
-318.811
-267.549
-250.084
-186.521
-232.718
-133.662
-280.956
69.055
-814.459
-1229.65
-327.816
-226.032
-406.08
-361.248
-334.968
-318.296
-266.852
-248.986
-184.539
-228.991
-132.664
-296.563
75.653
-840.167
-1229.99
-328.179
-226.099
-406.026
-361.019
-334.512
-317.564
-265.851
-247.448
-182.514
-226.105
-129.784
-291.263
86.767
-873.549
-1230.27
-328.432
-225.927
-405.735
-360.587
-333.906
-316.785
-265.009
-246.427
-182.313
-225.807
-130.553
-282.349
91.2375
-878.619
-1230.7
-329.072
-226.013
-405.632
-360.252
-333.223
-315.815
-263.927
-245.316
-182.172
-226.256
-131.288
-274.095
85.3131
-869.014
-1230.9
-329.323
-225.803
-405.368
-359.896
-332.71
-315.227
-263.366
-244.845
-182.485
-227.695
-132.363
-276.517
83.5699
-859.054
-1231.35
-330.158
-225.977
-405.257
-359.528
-331.911
-314.124
-262.108
-243.725
-181.931
-229.23
-132.98
-274.867
82.4539
-854.614
-1342.85
-370.068
-237.151
-425.732
-377.17
-350.022
-340.833
-291.611
-292.984
-215.877
-309.966
-151.284
-403.771
77.5339
-1092.46
-1342.63
-369.62
-237.067
-425.834
-377.473
-350.626
-341.681
-292.579
-293.52
-215.903
-306.274
-150.74
-383.74
74.7952
-1102.09
-1342.53
-369.503
-237.215
-426.042
-377.761
-351.016
-342.155
-293.073
-293.988
-216.09
-305.285
-150.948
-371.565
79.096
-1134.6
-1342.32
-369.166
-237.191
-426.158
-378.061
-351.576
-342.977
-294.036
-294.991
-216.537
-304.836
-147.5
-409.277
64.8041
-1126.25
-1342.19
-369.059
-237.327
-426.4
-378.426
-352.079
-343.65
-294.797
-295.914
-217.036
-303.868
-144.145
-439.835
33.3594
-1055.67
-1342.03
-368.882
-237.327
-426.493
-378.658
-352.501
-344.34
-295.715
-297.399
-218.624
-308.782
-142.759
-453.031
22.8328
-978.838
-1341.94
-368.877
-237.411
-426.656
-378.923
-352.865
-344.875
-296.449
-298.775
-220.748
-315.216
-147.573
-449.856
24.9427
-938.316
-1341.82
-368.884
-237.406
-426.655
-378.964
-352.975
-345.104
-296.816
-299.395
-221.573
-316.638
-146.179
-440.898
23.7615
-928.146
-1341.84
-369.008
-237.467
-426.706
-378.994
-352.97
-345.052
-296.727
-299.299
-221.441
-316.716
-145.913
-453.863
16.9632
-915.386
-1341.97
-369.059
-237.402
-426.588
-378.806
-352.709
-344.686
-296.247
-298.459
-220.111
-313.36
-143.474
-455.354
13.4893
-954.422
-1342.15
-369.266
-237.43
-426.537
-378.638
-352.369
-344.109
-295.46
-297.043
-218.308
-306.859
-143.31
-445.488
18.9458
-1031.15
-1342.28
-369.413
-237.318
-426.329
-378.328
-351.935
-343.522
-294.792
-296.104
-217.625
-306.81
-147.292
-416.727
54.0541
-1119.5
-1342.5
-369.775
-237.357
-426.238
-378.069
-351.425
-342.75
-293.899
-295.016
-217.204
-306.267
-151.071
-373.37
75.627
-1135.4
-1342.6
-369.913
-237.225
-426.051
-377.814
-351.074
-342.32
-293.465
-294.598
-217.159
-307.392
-151.724
-382.376
74.3027
-1097.46
-1342.83
-370.371
-237.315
-425.956
-377.527
-350.49
-341.48
-292.539
-293.95
-217.318
-309.726
-153.054
-397.493
78.801
-1094.82
-1458.96
-410.504
-254.88
-457.175
-407.512
-382.731
-383.74
-337.274
-358.003
-265.024
-408.834
-169.894
-604.335
34.8986
-1423.45
-1458.86
-410.274
-254.84
-457.262
-407.745
-383.178
-384.364
-337.977
-358.028
-264.842
-402.158
-176.513
-520.618
53.5637
-1464.28
-1458.82
-410.21
-254.933
-457.407
-407.947
-383.449
-384.695
-338.35
-358.194
-265.198
-398.329
-176.383
-490.461
47.8985
-1523.75
-1458.73
-410.035
-254.932
-457.51
-408.185
-383.879
-385.344
-339.124
-359.046
-265.619
-400.025
-171.177
-559.194
-30.2821
-1429.93
-1458.67
-409.974
-255.024
-457.684
-408.449
-384.242
-385.843
-339.713
-359.782
-266.181
-398.904
-165.576
-569.197
-36.1815
-1292.46
-1458.6
-409.877
-255.037
-457.77
-408.639
-384.576
-386.401
-340.436
-361.062
-267.305
-403.862
-164.083
-589.06
-35.487
-1145.6
-1458.57
-409.865
-255.098
-457.892
-408.835
-384.845
-386.798
-340.957
-362.08
-268.597
-408.088
-168.629
-600.357
-27.1188
-1080.36
-1458.53
-409.849
-255.098
-457.907
-408.89
-384.958
-387.012
-341.262
-362.601
-269.113
-409.594
-170.087
-600.274
-25.2364
-1067.41
-1458.52
-409.917
-255.137
-457.939
-408.92
-384.964
-386.984
-341.227
-362.489
-269.097
-408.916
-168.775
-601.619
-25.5187
-1078.18
-1458.52
-409.988
-255.115
-457.873
-408.814
-384.819
-386.774
-340.975
-361.884
-268.43
-405.806
-165.194
-590.265
-34.5019
-1135
-1458.55
-410.131
-255.136
-457.833
-408.701
-384.587
-386.362
-340.444
-360.815
-267.444
-400.932
-165.123
-570.685
-36.681
-1280.6
-1458.58
-410.231
-255.08
-457.703
-408.507
-384.316
-385.982
-340.004
-360.167
-266.928
-401.468
-171.095
-565.612
-35.6014
-1424.72
-1458.66
-410.423
-255.1
-457.625
-408.316
-383.946
-385.413
-339.336
-359.343
-266.565
-399.379
-176.438
-491.06
46.485
-1532.23
-1458.71
-410.504
-255.032
-457.508
-408.157
-383.729
-385.148
-339.051
-359.251
-266.453
-403.271
-176.735
-520.147
60.5597
-1468.48
-1458.8
-410.728
-255.076
-457.423
-407.934
-383.298
-384.546
-338.399
-359.199
-266.803
-409.637
-170.249
-605.08
40.6373
-1426.9
-1581.96
-453.518
-277.849
-498.322
-449.234
-428.162
-439.973
-396.654
-433.965
-328.276
-500.913
-202.614
-741.793
61.0923
-2000.56
-1581.93
-453.426
-277.849
-498.424
-449.454
-428.54
-440.482
-397.241
-434.011
-328.834
-494.951
-216.456
-612.803
135.563
-2089.6
-1581.91
-453.396
-277.91
-498.534
-449.602
-428.732
-440.735
-397.543
-434.242
-329.19
-492.047
-211.125
-584.933
143.071
-2119.38
-1581.89
-453.325
-277.936
-498.649
-449.824
-429.097
-441.309
-398.22
-435.305
-330.011
-496.363
-210.552
-651.261
-44.6477
-2030.67
-1581.86
-453.294
-278.003
-498.785
-450.024
-429.36
-441.715
-398.697
-436.315
-330.88
-500.735
-209.818
-703.833
-105.576
-1816.67
-1581.85
-453.254
-278.035
-498.883
-450.205
-429.648
-442.219
-399.293
-437.598
-331.727
-504.768
-208.312
-710.367
-56.8805
-1581.49
-1581.83
-453.239
-278.084
-498.981
-450.354
-429.843
-442.532
-399.666
-438.507
-332.609
-508.809
-211.016
-733.108
-41.0532
-1407.59
-1581.83
-453.228
-278.102
-499.021
-450.431
-429.973
-442.763
-399.951
-439.049
-333.069
-510.586
-213.512
-739.455
-33.5703
-1396.29
-1581.82
-453.239
-278.128
-499.043
-450.453
-429.988
-442.747
-399.948
-438.877
-333.054
-509.3
-211.39
-734.996
-36.9622
-1442.01
-1581.83
-453.262
-278.124
-499.011
-450.408
-429.94
-442.648
-399.856
-438.341
-332.636
-505.96
-208.497
-714.576
-49.5293
-1615.34
-1581.83
-453.31
-278.131
-498.967
-450.316
-429.775
-442.326
-399.492
-437.351
-332.048
-502.17
-209.076
-708.215
-96.6899
-1837.86
-1581.83
-453.352
-278.108
-498.886
-450.204
-429.627
-442.078
-399.209
-436.558
-331.402
-498.223
-210.127
-659.081
-44.1722
-2045.1
-1581.84
-453.42
-278.105
-498.798
-450.035
-429.335
-441.62
-398.678
-435.674
-330.752
-494.117
-210.943
-589.081
148.157
-2138.44
-1581.82
-453.476
-278.082
-498.722
-449.942
-429.212
-441.461
-398.487
-435.58
-330.603
-497.332
-216.283
-618.755
145.99
-2104.26
-1581.81
-453.554
-278.088
-498.614
-449.725
-428.849
-440.995
-397.965
-435.637
-330.219
-503.611
-202.179
-751.847
68.6974
-2012.79
-1712.17
-501.724
-305.49
-548.304
-501.294
-484.814
-508.503
-468.859
-521.921
-405.676
-597.754
-246.479
-796.986
259.034
-2904.97
-1712.18
-501.73
-305.526
-548.436
-501.561
-485.189
-508.982
-469.304
-522.007
-405.495
-593.435
-251.122
-709.942
353.649
-2970.69
-1712.18
-501.718
-305.571
-548.525
-501.684
-485.332
-509.197
-469.556
-522.509
-405.78
-593.452
-245.368
-689.669
361.938
-2981.85
-1712.21
-501.712
-305.626
-548.663
-501.939
-485.701
-509.794
-470.214
-524.026
-406.924
-600.969
-251.63
-737.196
239.115
-2942.51
-1712.19
-501.699
-305.686
-548.773
-502.11
-485.911
-510.182
-470.669
-525.628
-408.359
-611.018
-258.836
-824.159
-32.0171
-2847.55
-1712.2
-501.694
-305.739
-548.89
-502.32
-486.212
-510.747
-471.291
-527.549
-409.622
-622.534
-264.218
-925.882
-66.8787
-2535.67
-1712.19
-501.668
-305.786
-548.973
-502.445
-486.372
-511.047
-471.619
-528.686
-410.324
-627.086
-262.065
-920.74
7.70218
-2210.49
-1712.19
-501.653
-305.825
-549.039
-502.555
-486.544
-511.35
-471.98
-529.445
-411.141
-629.767
-265.783
-925.845
24.7461
-2185.95
-1712.17
-501.621
-305.847
-549.056
-502.567
-486.563
-511.344
-471.992
-529.211
-410.926
-627.745
-261.602
-919.993
25.498
-2320.54
-1712.17
-501.601
-305.862
-549.056
-502.569
-486.591
-511.331
-472.027
-528.549
-410.748
-623.635
-263.144
-930.292
-49.1517
-2599.18
-1712.13
-501.569
-305.86
-549.001
-502.469
-486.448
-511.027
-471.737
-527.134
-410.021
-613.017
-258.37
-820.796
1.22349
-2888.62
-1712.11
-501.561
-305.86
-548.958
-502.415
-486.391
-510.876
-471.567
-525.943
-408.993
-603.791
-251.573
-742.743
253.835
-2967.95
-1712.06
-501.53
-305.832
-548.846
-502.227
-486.115
-510.461
-471.137
-524.831
-408.232
-597.076
-245.361
-696.989
379.583
-3003.39
-1712.01
-501.559
-305.84
-548.799
-502.18
-486.065
-510.392
-471.049
-524.592
-408.16
-597.656
-250.987
-720.77
368.862
-2989.88
-1711.93
-501.514
-305.803
-548.655
-501.909
-485.699
-509.99
-470.708
-524.766
-408.627
-602.708
-246.56
-810.572
273.278
-2917.38
-1847.05
-556.473
-337.29
-607.073
-565.31
-554.939
-594.798
-560.341
-637.464
-511.602
-741.218
-319.846
-974.798
515.097
-4037.99
-1847.09
-556.548
-337.352
-607.237
-565.633
-555.334
-595.196
-560.505
-636.96
-509.099
-735.692
-310.527
-928.983
571.943
-4055.21
-1847.1
-556.554
-337.382
-607.312
-565.719
-555.406
-595.263
-560.515
-637.196
-508.406
-735.651
-300.308
-895.376
578.343
-4086.13
-1847.15
-556.605
-337.457
-607.476
-566.005
-555.774
-595.785
-560.921
-638.284
-507.715
-741.08
-292.209
-891.636
596.267
-4061.12
-1847.14
-556.61
-337.514
-607.568
-566.137
-555.905
-596.03
-561.122
-639.794
-507.913
-752.908
-290.672
-950.583
402.366
-4131.95
-1847.16
-556.632
-337.594
-607.705
-566.375
-556.215
-596.593
-561.656
-642.041
-508.949
-772.216
-303.409
-1151.85
106.057
-3857.97
-1847.15
-556.604
-337.648
-607.779
-566.476
-556.327
-596.83
-561.863
-643.413
-509.257
-782.873
-304.289
-1211.16
161.646
-3453.88
-1847.15
-556.591
-337.716
-607.87
-566.619
-556.538
-597.184
-562.271
-644.197
-510.564
-785.187
-313.268
-1201.85
208.172
-3411.29
-1847.12
-556.534
-337.751
-607.885
-566.625
-556.543
-597.175
-562.249
-643.909
-509.989
-783.087
-304.579
-1219.86
150.496
-3565.57
-1847.11
-556.5
-337.8
-607.918
-566.682
-556.645
-597.274
-562.428
-642.985
-510.202
-770.89
-300.691
-1108.72
162.223
-3964.36
-1847.05
-556.424
-337.806
-607.856
-566.581
-556.509
-597.026
-562.241
-641.388
-509.816
-753.515
-290.878
-941.779
464.098
-4180.84
-1847.02
-556.395
-337.844
-607.849
-566.596
-556.55
-597.068
-562.347
-640.476
-510.192
-744.1
-294.341
-899.761
617.595
-4109.34
-1846.93
-556.302
-337.809
-607.712
-566.391
-556.27
-596.762
-562.161
-639.956
-511.2
-740.147
-303.177
-910.778
602.218
-4112.6
-1846.85
-556.327
-337.856
-607.693
-566.401
-556.302
-596.872
-562.316
-640.077
-512.176
-741.59
-314.992
-949.268
588.324
-4079.49
-1846.72
-556.197
-337.797
-607.507
-566.061
-555.884
-596.548
-562.196
-640.942
-514.875
-748.311
-325.113
-993.785
535.35
-4044.42
-1985.3
-622.098
-373.97
-673.582
-639.019
-633.261
-691.609
-659.051
-770.456
-625.215
-932.47
-419.254
-1365.96
696.343
-5615.77
-1985.39
-622.238
-374.068
-673.837
-639.507
-633.894
-692.083
-659.43
-768.83
-621.073
-928.492
-404.044
-1378.59
729.605
-5628.26
-1985.4
-622.257
-374.091
-673.93
-639.596
-633.993
-692.021
-659.45
-768.477
-619.634
-926.415
-390.389
-1334.38
742.602
-5691.31
-1985.47
-622.349
-374.195
-674.171
-639.998
-634.535
-692.602
-659.918
-768.882
-617.29
-928.141
-370.619
-1284.32
782.655
-5665.07
-1985.46
-622.359
-374.25
-674.28
-640.139
-634.696
-692.733
-660.088
-769.612
-616.607
-932.717
-357.252
-1253.56
765.59
-5745.65
-1985.5
-622.393
-374.352
-674.471
-640.462
-635.131
-693.399
-660.698
-771.648
-616.703
-949.421
-360.192
-1375.37
524.685
-5589.04
-1985.47
-622.339
-374.406
-674.555
-640.573
-635.272
-693.626
-660.953
-773.005
-616.906
-965.615
-361.237
-1620.24
381.826
-5026.93
-1985.47
-622.299
-374.492
-674.678
-640.777
-635.572
-694.143
-661.487
-773.992
-617.878
-965.1
-369.245
-1529.29
424.653
-5094.19
-1985.42
-622.186
-374.525
-674.681
-640.777
-635.572
-694.204
-661.558
-774.078
-618.176
-962.31
-368.137
-1457.6
443.864
-5357.65
-1985.38
-622.101
-374.59
-674.726
-640.888
-635.738
-694.535
-661.919
-773.823
-618.928
-950.518
-364.412
-1347.31
629.732
-5654.94
-1985.27
-621.947
-374.585
-674.619
-640.759
-635.554
-694.424
-661.929
-773.403
-620.482
-941.363
-368.41
-1272.35
801.322
-5789.32
-1985.2
-621.863
-374.641
-674.611
-640.83
-635.641
-694.766
-662.257
-773.568
-621.901
-938.347
-378.344
-1328.15
810.931
-5760.71
-1985.04
-621.677
-374.571
-674.388
-640.546
-635.231
-694.596
-662.258
-774.598
-625.917
-941.676
-402.739
-1398.86
766.94
-5718.11
-1984.91
-621.678
-374.644
-674.36
-640.599
-635.283
-694.967
-662.498
-775.502
-627.78
-943.329
-415.038
-1433.84
736.188
-5643.2
-1984.7
-621.431
-374.529
-674.053
-640.086
-634.61
-694.654
-662.232
-777.972
-632.964
-949.129
-432.443
-1434.67
709.057
-5603.28
-2114.66
-696.385
-415.49
-747.359
-728.427
-728.999
-819.061
-786.754
-978.07
-794.28
-1294.32
-559.701
-2197.59
950.141
-8131.2
-2114.78
-696.586
-415.622
-747.725
-729.02
-729.901
-819.247
-787.647
-970.852
-788.135
-1279.8
-535.951
-2280.97
913.614
-7802.32
-2114.8
-696.628
-415.64
-747.838
-729.014
-729.967
-818.503
-787.635
-966.848
-785.139
-1268.78
-516.268
-2181.26
842.819
-7768.78
-2114.9
-696.776
-415.774
-748.162
-729.437
-730.629
-818.582
-787.98
-963.44
-780.646
-1266.48
-510.11
-2103.37
888.87
-7627.24
-2114.91
-696.819
-415.835
-748.29
-729.482
-730.706
-817.978
-787.563
-960.382
-775.197
-1255.23
-483.192
-1950.87
958.81
-7781.91
-2114.96
-696.893
-415.973
-748.535
-729.814
-731.175
-818.308
-787.846
-960.646
-773.577
-1270.56
-481.875
-2031.06
985.225
-7726.34
-2114.94
-696.862
-416.054
-748.63
-729.875
-731.243
-818.121
-787.657
-959.743
-771.662
-1274.5
-475.431
-2232.68
769.029
-7239.23
-2114.95
-696.841
-416.188
-748.787
-730.116
-731.562
-818.625
-788.098
-960.55
-772.519
-1274.74
-484.885
-2110.87
878.614
-7422.07
-2114.9
-696.731
-416.258
-748.783
-730.114
-731.492
-818.679
-788.004
-960.755
-772.204
-1272.43
-477.102
-2121.4
1015.38
-7675.41
-2114.87
-696.65
-416.38
-748.843
-730.312
-731.692
-819.359
-788.67
-962.154
-776.117
-1267.58
-492.648
-1942.35
1068.62
-7938.52
-2114.76
-696.484
-416.411
-748.696
-730.207
-731.403
-819.544
-788.68
-963.457
-778.291
-1259.65
-494.041
-1966.57
1033.57
-7913.25
-2114.68
-696.399
-416.528
-748.688
-730.406
-731.508
-820.547
-789.27
-967.373
-784.24
-1276.31
-511.599
-2180.39
896.098
-7795.96
-2114.5
-696.18
-416.474
-748.373
-730.105
-730.856
-820.741
-788.859
-971.724
-787.584
-1280.84
-517.583
-2288.46
870.299
-7733.45
-2114.37
-696.191
-416.601
-748.333
-730.269
-730.871
-821.686
-788.735
-976.357
-789.928
-1298.56
-537.304
-2341.79
884.283
-7741.92
-2114.11
-695.886
-416.476
-747.886
-729.611
-729.757
-821.414
-787.347
-983.774
-795.094
-1315.17
-557.466
-2298.02
937.42
-7856.65
-2242.88
-789.829
-464.586
-829.205
-824.944
-823.454
-937.292
-889.587
-1147.8
-873.493
-1674.4
-448.65
-3630.95
1345.97
-10771.8
-2243.02
-790.103
-464.79
-829.891
-826.144
-825.653
-939.092
-893.598
-1136.6
-868.468
-1628.6
-449.468
-3613.83
1173.22
-10844.3
-2243.06
-790.156
-464.82
-830.158
-826.339
-826.29
-938.841
-895.742
-1130.22
-871.797
-1590.64
-499.002
-3077.07
1071.71
-11649.4
-2243.17
-790.337
-465.011
-830.752
-827.205
-827.919
-939.93
-898.329
-1125.27
-870.803
-1553.13
-463.161
-2879.95
1288.89
-11382
-2243.17
-790.363
-465.091
-831.046
-827.485
-828.619
-939.947
-900.211
-1123.81
-875.95
-1547.47
-475.674
-2819.59
1238.76
-11823
-2243.21
-790.41
-465.27
-831.485
-828.14
-829.748
-941.183
-902.102
-1125.95
-876.408
-1567.73
-455.966
-3365.05
1012.47
-10702.5
-2243.17
-790.309
-465.356
-831.692
-828.369
-830.217
-941.51
-903.19
-1126.37
-877.92
-1571.46
-449.644
-3424.72
1037.13
-10537
-2243.14
-790.201
-465.508
-831.931
-828.783
-830.806
-942.53
-904.022
-1127.91
-876.851
-1568.87
-448.205
-3148.58
1183.1
-10963.2
-2243.03
-789.973
-465.567
-831.917
-828.798
-830.717
-942.716
-903.813
-1129.68
-875.597
-1590.12
-418.466
-3482.43
982.518
-10545.6
-2242.93
-789.766
-465.691
-831.944
-829.028
-830.802
-943.388
-903.741
-1128.83
-874.843
-1551.68
-448.492
-2799.12
1237.06
-12001.1
-2242.72
-789.445
-465.683
-831.656
-828.802
-830.12
-943.401
-902.968
-1131.34
-877.478
-1567.28
-442.014
-2934.49
1435.21
-11892
-2242.55
-789.228
-465.798
-831.535
-828.966
-829.867
-944.323
-902.145
-1134.5
-875.599
-1584.93
-462.738
-3044.51
1128.7
-11898.2
-2242.24
-788.831
-465.664
-830.949
-828.379
-828.459
-944.233
-900.725
-1144.1
-882.068
-1645.02
-490.952
-3548.26
859.841
-11585.8
-2241.99
-788.766
-465.803
-830.789
-828.484
-828.091
-945.103
-899.346
-1152.18
-882.279
-1681.39
-469.658
-3786.33
1043.41
-11019.5
-2241.59
-788.245
-465.544
-829.966
-827.272
-825.737
-943.672
-895.857
-1165.54
-892.261
-1732.16
-512.851
-3918.66
1162.94
-10788.6
-2310.44
-904.936
-527.484
-903.702
-950.619
-946.744
-1118.24
-1049.46
-1494.43
-1118.58
-2552.95
-593.108
-5648.5
827.84
-15703.9
-2310.63
-905.304
-527.742
-904.661
-951.727
-949.804
-1118.2
-1055.37
-1460.89
-1111.11
-2424.39
-636.725
-5309.69
1135.41
-16258.4
-2310.73
-905.448
-527.768
-905.03
-951.686
-950.481
-1115.92
-1056.4
-1439.7
-1104.95
-2305.69
-606.343
-4066.5
1857.92
-17340.5
-2310.89
-905.755
-528
-905.821
-952.418
-952.473
-1115.27
-1058.52
-1423.5
-1099.61
-2263.56
-671.191
-4520.24
2232.6
-16125
-2310.97
-905.918
-528.085
-906.22
-952.474
-953.121
-1113.2
-1058.09
-1406.24
-1077.34
-2173.18
-565.01
-4628.45
1980.93
-15758.1
-2311.05
-906.111
-528.311
-906.762
-953.046
-954.23
-1113.27
-1057.89
-1402.04
-1059.61
-2169.58
-495.082
-4738.49
1090.53
-14546.7
-2311.06
-906.165
-528.444
-907.018
-953.151
-954.584
-1112.34
-1057.7
-1394.28
-1055.96
-2137.61
-592.704
-4809.91
1410.72
-15310
-2311.08
-906.184
-528.668
-907.266
-953.586
-954.999
-1113.18
-1057.62
-1397.07
-1053.39
-2163.17
-583.923
-5076.02
1826.18
-14923.4
-2311.05
-906.076
-528.792
-907.221
-953.595
-954.691
-1113.17
-1057.02
-1397.7
-1051.25
-2159.12
-473.818
-4640.14
1884.5
-15340.8
-2311.02
-905.961
-529.006
-907.182
-953.938
-954.566
-1114.37
-1057.95
-1402.13
-1071.91
-2169.41
-686.046
-4134.92
2259.82
-16433.9
-2310.9
-905.722
-529.073
-906.762
-953.796
-953.511
-1114.95
-1057.73
-1409.96
-1086.26
-2219.8
-646.08
-4779.91
1913.09
-15545.4
-2310.8
-905.563
-529.288
-906.515
-954.173
-952.935
-1117.02
-1057.53
-1421.16
-1100.59
-2239.25
-693.248
-3954.55
2638.34
-17651.8
-2310.59
-905.225
-529.22
-905.68
-953.704
-950.669
-1117.72
-1053.97
-1435.73
-1098.91
-2300.72
-651.303
-4108.76
1395.57
-18175.4
-2310.42
-905.18
-529.426
-905.387
-954.032
-949.899
-1119.71
-1051.46
-1452.52
-1095.81
-2387.18
-602.539
-5191.15
622.151
-16555.2
-2310.13
-904.694
-529.18
-904.202
-952.896
-946.089
-1119.09
-1042.8
-1475.37
-1093.46
-2434.1
-524.282
-5238.21
776.599
-15336.5
-2542.62
-3448.91
-4213.26
-5198.18
-6334.86
-7764.9
-9619.73
-11951.5
-15340.9
-19232.4
-26753.5
-29906.3
-55142.9
-46189.4
-145675
-1006.59
-1174.46
-1254.6
-1513.78
-1836.38
-2308.85
-2976.55
-3856.73
-5254.23
-6804.3
-10054.3
-13410.1
-16792.3
-26283.1
-20900.1
-647.797
-814.933
-967.534
-1241.99
-1558.21
-1995.2
-2570.68
-3390.17
-4469.2
-6185.38
-8130.63
-12571.2
-14489.2
-31799.4
-5847.41
-1022.33
-1294.88
-1548.17
-1916.9
-2359.68
-2973.11
-3778.39
-4935.1
-6444.32
-8445.69
-10948
-13301.7
-15333.8
-16018.6
-8831.44
-1080
-1341.78
-1595.37
-1974.86
-2442.84
-3088.18
-3921.2
-5102.86
-6502.69
-8284.8
-10128.6
-11547.6
-12043
-10324.4
-4544.44
-1056.37
-1298.47
-1539.12
-1903.88
-2362.59
-2988.83
-3823.23
-5065.55
-6472.57
-8236.14
-9546.33
-9871.62
-9677.2
-6392.76
-2492.16
-1233.03
-1540.99
-1881.45
-2375.49
-2949.18
-3730.83
-4782.86
-6200.81
-7461.64
-8927.82
-9388.16
-9452.8
-8103.93
-7292.99
-5902.18
-1126.11
-1394.73
-1666.13
-2058.8
-2531.29
-3144.7
-4052.67
-5433.39
-6685.66
-8333.29
-8380.14
-8943.64
-7646.52
-7780.26
2148.2
-1440.83
-1925.32
-2436.66
-3102.75
-3596.79
-4564.41
-6303.72
-8180.75
-9115.43
-9971.45
-9790.03
-10707.2
-8060.78
-2606.48
-16718.8
-1031.06
-1467.78
-1705.05
-2270.08
-3277.05
-3933.28
-4819.4
-6101.87
-7021.44
-8541.92
-8590.76
-9400.4
-2003.8
-6058.42
7285.36
-2193.63
-3815.31
-4448.7
-5301.31
-5464.99
-5654.62
-9621.17
-13299.8
-12747.8
-12367.3
-9719.49
-7254.7
-3420.47
-5255.09
-9734.09
-382.487
-900.685
-764.044
-2889.35
-3653.34
-1780.81
-3294.38
-5814.39
-7012.38
-8263.18
-5374.27
-6430.54
-2380.92
-4981.62
-5802.08
-2512.44
-7680.14
-8837.91
-9632.9
-994.725
-9002.8
-21784.3
-27374.9
-21867.2
-19058.9
-13107
-22708.6
-4219.34
-12698.4
-26068.6
3515.08
250.795
-338.781
-5579.68
2129.9
3740.81
-1243.25
-2792.91
972.923
-1875.72
-18252.6
-19112.6
8725.06
-25646.6
-24412.8
-29519.2
-28148.9
-22012.4
-29061.4
-37046.1
-35604.7
-30045.5
-30470.5
-39131
-52198.2
-100644
-121547
-95339.3
-116415
-43442.8
-2542.69
-3449.48
-4213.25
-5199.37
-6334.39
-7764.68
-9614.59
-11945.3
-15320.9
-19211.7
-26653.8
-30086.6
-54560.8
-46257.8
-141639
-1006.9
-1175.32
-1254.9
-1514.83
-1834.71
-2307.39
-2967.52
-3846.99
-5224.38
-6784.85
-9930.6
-13408.4
-16764.7
-25409.3
-19209.4
-648.046
-815.334
-967.616
-1241.68
-1556.49
-1991.66
-2562.93
-3380.2
-4449.9
-6170.98
-8084.22
-12581.4
-14450.4
-31807.1
-9963.07
-1024.1
-1297.65
-1551.5
-1920.33
-2360.4
-2969.55
-3766.71
-4918.85
-6417.48
-8434.05
-10927.9
-13381.6
-15169.1
-17628.4
-4551.63
-1082.05
-1344.37
-1596.24
-1972.18
-2431.09
-3064.16
-3881.14
-5056.77
-6445.4
-8275.7
-10166.8
-11627.8
-12574.6
-11589.7
-6610.73
-1063.77
-1308.01
-1548.9
-1912.28
-2355.67
-2959.87
-3774.77
-5011.71
-6420.07
-8319.56
-9638.96
-10234.6
-10321.8
-7281.97
-5644.07
-1237.5
-1538.23
-1862.64
-2330.7
-2851.32
-3581.12
-4595.73
-6018.7
-7321.34
-9011.81
-9258.63
-9810.02
-8705.26
-8081.14
-8455.04
-1149.19
-1403.03
-1668.08
-2059.81
-2429.13
-2961.89
-3879.25
-5280.46
-6592.93
-8385.42
-8302.88
-9577.2
-8730.31
-10449.7
-5157.32
-1430.06
-1824.15
-2256.91
-2772.09
-3018.88
-4077.1
-5856.6
-7671.12
-8920.19
-9660.6
-9799.53
-11743.7
-9753.33
-5096.13
-21120.7
-1081.52
-1467.28
-1723.39
-2060.7
-2768.15
-4091.04
-5189.87
-6223.11
-6729.39
-8007.59
-8965.73
-11074.8
-4771.84
-7766.21
2692.52
-1899.91
-3038.52
-3690.47
-4675.47
-5565.16
-7147.58
-10589.6
-13639.8
-13360.4
-13304.9
-11614.1
-10779.3
-6459.71
-8049.86
-15812.6
-558.577
-1035.11
-705.997
-3106.93
-4233.97
-4012.54
-4365.06
-5498.99
-7162.77
-8846.81
-6632.34
-9879.25
-6109.73
-6496.37
-8804.07
-3135.54
-6075.71
-10670.1
-11793.5
-4464.98
-12943.7
-19041.4
-26311.1
-22241.6
-19321.5
-17260.1
-33808.6
-11891.4
-13465.6
-23722.2
4128.45
2559.15
-2742.85
-6048.24
2214.25
1667.92
-899.613
-2388.36
-1509.47
-552.982
-14044.6
-26356.1
-5566.88
-19576.3
-17255.2
-28588.9
-30375.1
-27593.6
-31962.6
-34852.8
-34948.4
-31367.4
-30644.7
-36367.9
-41118.8
-65016.9
-84505.8
-97431.1
-115404
-46740
-2542.67
-3449.87
-4213.08
-5200.23
-6333.86
-7764.97
-9611.57
-11943.3
-15310.3
-19209.9
-26593.6
-30255.7
-54606.6
-46084.7
-142625
-1007
-1175.75
-1254.9
-1515.41
-1833.51
-2307.27
-2963.05
-3846.01
-5211.54
-6797.9
-9883.07
-13415.2
-16630.8
-25264.1
-20494.4
-648.125
-815.475
-967.841
-1241.68
-1556.46
-1991.3
-2562.81
-3382.2
-4451.85
-6191.78
-8072.45
-12689.2
-14215.6
-32368.5
-9258.81
-1024.99
-1299.05
-1553.25
-1922.19
-2361.37
-2970.04
-3765.98
-4920.9
-6422.27
-8471.44
-10982.4
-13624.9
-15385.1
-18764.1
1092.53
-1082.63
-1344.98
-1595.92
-1969.98
-2425.37
-3055.48
-3869.6
-5050.99
-6453.51
-8349.71
-10321.1
-12007.4
-13408.9
-12689.8
-6471.13
-1066.79
-1311.34
-1551.86
-1913.67
-2351.42
-2953.43
-3768.58
-5013.8
-6449.41
-8466.14
-9873.43
-11020.8
-11632.5
-7986.08
-6807.36
-1238.86
-1534.87
-1851.92
-2305.94
-2807.28
-3512.98
-4503.85
-5937.36
-7309.95
-9153.63
-9446.04
-10840.4
-10390.6
-8752.79
-11985.8
-1158.21
-1402.81
-1663.31
-2044.86
-2364.87
-2912.09
-3861.56
-5262.99
-6611.32
-8428.94
-8657.12
-10586.5
-9638.46
-11510.6
-8553.14
-1422.47
-1777.06
-2179.81
-2609.57
-2799.98
-3804.69
-5426.46
-7262.17
-8645.27
-9311.24
-9507.52
-11276.5
-9188.67
-5903.26
-17915.8
-1116.26
-1482.61
-1732.48
-1969.32
-2407.25
-3688.59
-4813.29
-5850.53
-6421.68
-7522.66
-8125.4
-10815.7
-5074.01
-8191.04
3425.75
-1880.7
-2668.85
-3081.27
-3758.84
-4628.59
-6941.27
-9909.36
-12538.7
-12877.3
-13896
-12652.7
-11771.4
-6712.52
-10176.3
-16085.8
-533.793
-1020.99
-960.539
-2555.78
-3681.21
-4237.39
-3898.71
-4844.77
-6417.81
-8658.92
-6780.01
-8605.16
-5855.78
-8364.97
-6140.3
-3515.86
-3446.45
-4923.35
-8417.16
-6173.33
-14865.5
-16647.2
-25985.9
-23142.6
-21165.4
-15937.2
-20948.6
-12348.9
-16009.2
-21359.4
2068.33
2029.89
-506.838
-1946.99
2873.52
-1736.75
-2737.98
-1558.04
-1404.27
-1406.53
-6588.44
-18467.9
-7353.96
-18782.2
-15892
-29286.9
-31969
-35100.6
-35706.4
-32210.4
-35489.9
-33467.9
-32761.1
-36877.3
-37291.3
-47825
-78057.8
-89283.6
-116446
-50684.3
-2542.71
-3450.38
-4212.97
-5201.58
-6333.08
-7765.53
-9606.46
-11939.1
-15291.3
-19201.7
-26483
-30566.3
-54317.4
-46226
-141532
-1007.17
-1176.51
-1254.81
-1516.49
-1831.78
-2306.82
-2955.2
-3842.12
-5183.99
-6807.9
-9767.84
-13446.2
-16442
-24559.8
-20016.8
-648.395
-815.916
-968.242
-1241.82
-1556.06
-1990.01
-2559.85
-3379.35
-4442.51
-6196.93
-8017.97
-12762.8
-13976.2
-32100.7
-9895.06
-1026.47
-1301.31
-1556
-1925.18
-2362.89
-2970.09
-3761.94
-4916.71
-6414.82
-8491.56
-11019.4
-13894.2
-15910.5
-20850
-1978.16
-1084.2
-1346.94
-1597.16
-1969.27
-2420.27
-3045.91
-3853.34
-5037.86
-6446
-8414.45
-10481.5
-12666.1
-14928.1
-15055.9
-6845.99
-1071.69
-1317.56
-1558.33
-1918.89
-2351.28
-2947.68
-3758.96
-5010.86
-6473.45
-8629.31
-10236.1
-12325
-13161.6
-10290.6
-8051.99
-1242.07
-1533.6
-1843.73
-2284.37
-2769.11
-3453.98
-4436.42
-5878.83
-7313.94
-9276.26
-9855.31
-12370.9
-12093
-12123.1
-16012.6
-1168.56
-1409.26
-1664.73
-2037.41
-2334.4
-2883.53
-3862.01
-5273.62
-6661.65
-8559.61
-9516.52
-12876
-10993.7
-15312.6
-13575.5
-1422.25
-1734.04
-2111.65
-2489.09
-2682.01
-3705.51
-5365.92
-7172.99
-8514.57
-9260.04
-9928.03
-11855.4
-8638.2
-8544.95
-17875.4
-1134.18
-1474.54
-1744.91
-1918.17
-2137.77
-3350.93
-4568.45
-5812.58
-6088.49
-7253.04
-7551.91
-9722.37
-4712.56
-8895.73
2987.93
-1743.22
-2393.29
-2783.89
-3274.49
-4119.02
-6882.73
-9501.22
-12270.5
-12825.6
-15061.9
-14200.4
-12115.1
-7488.09
-11759.5
-15272.7
-15.6816
-596.845
-1439.91
-2240.21
-2512.58
-4221.92
-3893.52
-4718.87
-6742.13
-10142.1
-8270.61
-9188.24
-5090.05
-8594.83
-1068.53
-6254.15
-6332.98
-3541.85
-6091.64
-8504.16
-16121.3
-17318.7
-24092.2
-23814.4
-22183.7
-14689.4
-10821.9
-5446.85
-15710.2
-18854.7
1025.06
-1315.79
1774
3054.61
-533.653
-2559.98
-2543.29
-1859.38
-885.308
-1511.87
-6459.46
-16484.4
-1433.5
-11105.8
-14465.2
-22167.7
-25438.6
-31514.4
-32446.4
-34800.6
-30800.2
-31879
-35687
-39197
-40263.1
-48461.7
-82301
-94230.9
-116089
-59053.3
-2542.67
-3450.72
-4212.65
-5202.59
-6331.79
-7766.68
-9601.63
-11938.3
-15274.9
-19210.2
-26340.5
-31026.6
-54228.4
-46053.5
-140550
-1007.16
-1177.06
-1254.43
-1517.37
-1830.13
-2307.21
-2949.12
-3843.88
-5160.47
-6843.58
-9641.15
-13483.1
-16174
-24074.4
-20993.3
-648.559
-816.207
-968.682
-1242.1
-1556.48
-1990.62
-2561.59
-3383.85
-4444.73
-6220.45
-7962.6
-12900.8
-13606.2
-32507.9
-11619.2
-1027.43
-1302.85
-1558.1
-1927.47
-2365.12
-2974.09
-3766.77
-4926.24
-6426.48
-8542.21
-11091.1
-14348.1
-16933.3
-24180.9
-7387.39
-1085
-1348.07
-1598.01
-1968.49
-2418.78
-3048.21
-3858.57
-5055.58
-6478.74
-8545.12
-10744.2
-13781.8
-17660
-18754
-8362.59
-1074.53
-1321.66
-1562.76
-1921.26
-2359.25
-2971.52
-3794
-5059.5
-6549.1
-8857.52
-10736.7
-14321.1
-15036.8
-14010.1
-8621.42
-1244.53
-1534.88
-1839.99
-2272.75
-2774.33
-3489.99
-4474.53
-5909.38
-7370.68
-9496.08
-10489.7
-14148.9
-12585.8
-17644.3
-20641.9
-1175.75
-1422.08
-1664.37
-2035.94
-2425.85
-3045.44
-3999.47
-5349.61
-6750.77
-8764.36
-10019.5
-13979.2
-10914.8
-22357.5
-18962.4
-1449.02
-1745.67
-2085.91
-2540.18
-2899.28
-3857.4
-5268.28
-6993.05
-8059.37
-9201.7
-10150.1
-11690.4
-7714.61
-14467.2
-12621.6
-1157.86
-1502.76
-1693.62
-1975.29
-2121.72
-3138.67
-4171.83
-5329.47
-5953.64
-7865.47
-8299.31
-9837.85
-4873.78
-10276.1
2621.05
-1854.55
-2358.52
-2446.79
-3005.8
-3566.34
-6409.77
-9801.33
-11911.8
-10613.2
-12867.5
-14243.6
-13380.8
-8047.11
-12607.1
-13624.7
52.55
-1190.78
-1308.23
-1247.81
-2565.19
-3751.89
-4090.9
-5230.86
-6430.11
-9461.56
-8769.43
-10530.6
-3770.06
-7621.05
3158.28
-6123.44
-4803.2
-3681.45
-6486.07
-13901.1
-18293.2
-20589.7
-26583.3
-27821.4
-25827
-17070.3
-8738.78
-6313.02
-15984.4
-18542.4
880.022
137.936
1762.58
-1185.77
-3967.23
-4706.6
-3622.86
-3617.3
-3780.11
-5587.53
-14468.5
-15455.6
9700.53
-4220.58
-12872.7
-23294.9
-31191.4
-34844.1
-36086.7
-30999.8
-27481.9
-29962.9
-35454.6
-39672.1
-44873.9
-58715.8
-98679.6
-93959.6
-114276
-67344.8
-2542.6
-3451.09
-4212.23
-5203.79
-6330.09
-7768.45
-9595.75
-11939.8
-15252.6
-19230
-26130.4
-31604.4
-54129.9
-45827.1
-139447
-1007.1
-1177.62
-1253.98
-1518.2
-1828.35
-2307.58
-2941.75
-3846.06
-5128.47
-6886.52
-9443.74
-13512.2
-15599.2
-23492.5
-21571.4
-648.873
-816.685
-969.357
-1242.87
-1557.48
-1991.61
-2563.4
-3386.95
-4442.96
-6233.28
-7854.62
-13029.2
-12824.6
-33614.7
-14019.1
-1028.5
-1304.4
-1560.14
-1929.8
-2367.47
-2977.2
-3770.29
-4932.43
-6434.42
-8581.99
-11130.1
-14887.2
-18517
-29758.6
-13317.4
-1086.44
-1349.94
-1600.47
-1971.23
-2422.86
-3055.81
-3870
-5078.66
-6519.48
-8678.21
-11029.4
-14992.7
-21030.6
-24219.6
-9490.69
-1077.78
-1325.39
-1567.24
-1924.67
-2365.37
-2983.43
-3814.95
-5101.81
-6635.74
-9106.98
-11312
-16411.8
-16855
-18826.2
-8181.57
-1249.32
-1537.05
-1844.17
-2281.55
-2805.41
-3542.4
-4549.63
-6002.38
-7492.46
-9820.63
-10979.9
-15846.2
-12585.1
-24514.9
-24114.4
-1183.81
-1424.69
-1667.33
-2028.1
-2431.72
-3063.92
-4020.73
-5419.8
-6906.79
-9058.61
-10268.6
-14273.8
-9823.36
-26415.7
-17942
-1476.79
-1728.82
-2096.56
-2618.07
-3166.23
-4181.84
-5607.22
-7031.63
-7931.04
-9535.84
-10289.4
-11113.6
-5416.73
-10434.2
-2507.47
-1177.89
-1460.44
-1694.43
-1944.34
-2260.15
-3165.06
-4559.49
-5637.19
-6277.98
-8542.4
-8539.16
-9670.4
-5144.44
-11974.4
653.008
-1858.07
-2148.9
-2851.42
-3907.44
-4642.64
-6434.33
-8136.85
-8478.81
-9479.98
-12320.7
-11927.3
-12550.4
-8187.78
-13255.3
-11451.6
-534.476
-1027.63
-1346.06
-1615.71
-2429.18
-4284.93
-3971.56
-5284.84
-7846.17
-11151.4
-8607.45
-7396.87
-3447.85
-7177.09
7313.79
-4334.41
-4554.68
-4782.37
-8935.56
-10252.2
-9125
-16120.3
-27713.4
-27842.2
-24290.9
-11392
-9578
-6814.63
-15161.1
-18477.3
1846.59
3412.66
3817.17
-1862.93
-3678.42
-2918.54
-925
-959.859
-2031.71
-4690.19
-2313.34
10096.6
17961
2645.29
-13177.3
-25863.6
-28575.2
-31188.6
-26999.7
-26859.4
-34725.5
-35459.7
-40833.3
-49138.1
-58068.8
-74459.2
-83555.8
-87566.2
-112926
-69844.1
-2542.43
-3451.28
-4211.52
-5204.72
-6327.99
-7770.92
-9589.36
-11944.9
-15225
-19270.5
-25849.9
-32293
-54156.5
-45269.8
-138295
-1006.89
-1177.91
-1253.29
-1518.68
-1826.55
-2308.22
-2934.89
-3850.9
-5095.31
-6943.09
-9200.74
-13568.8
-14728.9
-22596.1
-22273
-649.076
-816.992
-969.847
-1243.44
-1558.48
-1992.81
-2566.78
-3391.92
-4445.1
-6247.07
-7717.24
-13169.7
-11409.3
-34820.3
-17579.5
-1029.17
-1305.39
-1561.74
-1931.91
-2370.42
-2981.63
-3777.26
-4940.61
-6445.84
-8621.82
-11127.6
-15651.4
-19224.8
-36762.5
-20314.2
-1087.19
-1350.79
-1601.72
-1971.95
-2424.1
-3059.94
-3880.07
-5099.12
-6570.93
-8824.58
-11438.8
-17051.9
-24083.7
-31005.4
-12724.8
-1079.77
-1327.83
-1571.62
-1929.34
-2375.54
-3004.59
-3848.13
-5139.81
-6721.74
-9307.34
-12114.7
-19174
-19891.1
-26535.6
-14289.8
-1251.52
-1537.51
-1844.09
-2274.12
-2802.74
-3547.34
-4548.46
-6000.16
-7562.47
-10106.8
-11759
-17966.2
-15310.7
-35635.2
-24356.9
-1189.07
-1429.06
-1672.96
-2031.7
-2479.45
-3164.86
-4116.14
-5444.2
-6942.33
-9303.61
-10604
-14764.4
-10704
-28003.6
-1771.96
-1485.86
-1716.64
-2058.27
-2538.38
-3095.56
-3993.51
-5126.09
-6573.43
-7960.12
-9754.82
-10172.3
-10947.8
-4561.51
1393.46
10116.8
-1185.14
-1447.28
-1676.29
-1973.88
-2424.75
-3264.51
-3990.27
-5253.02
-6834.49
-8745.51
-8575.81
-9757.84
-4345.79
-11898.9
452.756
-1816.99
-2093.56
-2676.98
-3298.95
-4165.94
-5698.86
-7258.81
-8993.53
-9856.73
-11182.2
-10069.3
-10764.1
-7693
-14309.1
-9252.14
-435.71
-630.405
-708.708
-1116.1
-2415.8
-3987.01
-4955.98
-6809.15
-7138.63
-8527
-6491.37
-7205.64
-4959.96
-8129.06
9823.92
-4019.84
-4274.42
-4145.7
-5735.55
-9529.48
-8651.28
-12930.7
-19287.1
-21054.7
-21237.8
-13407.6
-17561.1
-9874.73
-15566.4
-19709.3
2170.72
32.2675
-1443.73
-2307.41
-5502.84
-2479.75
414.39
3473.21
5476.95
8480.01
16872.3
4838.14
18763.5
7961.48
-16950.1
-28422.1
-33399.6
-36465.4
-34853
-33668.6
-36574.8
-36427.4
-39585
-47695.8
-52175
-67284
-87067.9
-90434.9
-111576
-71327.3
-2542.19
-3451.51
-4210.67
-5205.6
-6325.56
-7773.93
-9582.41
-11953.4
-15190.3
-19325.2
-25508.1
-32980.4
-54077.1
-44604.6
-137361
-1006.63
-1178.01
-1252.46
-1518.94
-1824.68
-2308.75
-2927.76
-3856.31
-5060.68
-6997.66
-8935.59
-13683.5
-13912.3
-21534.2
-22629.1
-649.378
-817.428
-970.549
-1244.44
-1560.32
-1994.78
-2571.25
-3396.65
-4447.95
-6249.19
-7575.05
-13124.7
-10026.7
-34728.8
-21107.4
-1029.68
-1305.99
-1562.72
-1933.36
-2372.84
-2984.26
-3783.3
-4945.87
-6459.39
-8650.63
-11114.4
-16547.7
-18566.1
-43277.9
-27697
-1088.25
-1352.01
-1604.09
-1975.86
-2431.08
-3070.72
-3901.24
-5131.72
-6640.55
-8975.71
-11869.7
-19376.3
-27506.5
-39418.6
-21466.1
-1081.18
-1328.76
-1573.76
-1931.77
-2380.21
-3011.75
-3870.25
-5180.91
-6832.63
-9508.87
-13053
-22059.2
-25869.6
-39661.9
-26532.5
-1254.5
-1539.67
-1851.69
-2287.16
-2830.39
-3595.55
-4641.63
-6153.67
-7809.68
-10550.6
-12885.4
-20417.3
-19805.1
-53723.8
-23706.9
-1191.57
-1426.53
-1673.97
-2025.44
-2477.57
-3169.07
-4178.15
-5603.12
-7182.65
-9695.84
-11338.7
-16354
-12711.6
-33419.4
16792.5
-1492.8
-1718.21
-2091.73
-2595.73
-3236.38
-4226.98
-5561.79
-7115.65
-8589.02
-10329.2
-10919.5
-12492.7
-5911.14
1431.97
18830.8
-1178.84
-1424.25
-1639.34
-1844.91
-2349.55
-3288.05
-4438.03
-5942.01
-7343.74
-8751.7
-9119.08
-10431.8
-3980.95
-11382
1801.18
-1863.75
-2231.56
-3284.96
-4081.58
-4870.41
-6297.04
-8013.42
-10140.9
-9692.69
-10865.6
-10428.5
-11010.6
-8461.9
-15400.4
-8046.24
-60.5213
125.71
-826.889
-1860.17
-3720.43
-4471.42
-6450.99
-6632.22
-5669.16
-7048.46
-5635.86
-6376.81
-7336.09
-10457
8036.31
-7064.09
-9167.61
-9394.27
-10486.4
-13919.1
-11093.4
-11606.2
-11461.6
-13176.1
-17000
-18002.6
-30581.8
-14339.8
-22406.3
-22463.3
844.431
-1980.28
-5993.09
-7204.18
-6431.57
-7156.83
-5964.46
-4451.33
5918.56
2504.48
11914.7
747.441
10937.2
3780.32
-27209.9
-23211.5
-26896.2
-29940.9
-29695.2
-25103.3
-30654.1
-36317.7
-46639.8
-52504.2
-60337.8
-74748.9
-65023.5
-83333.1
-106830
-68525.5
-2541.84
-3451.67
-4209.59
-5206.27
-6322.75
-7777.27
-9575.16
-11963.1
-15150.5
-19378.1
-25201.8
-33397.4
-53887
-44056.6
-137476
-1006.24
-1177.84
-1251.44
-1518.86
-1822.8
-2309.21
-2921.38
-3861.33
-5030.84
-7030.31
-8748.96
-13793.8
-13743.8
-21522
-22748.3
-649.543
-817.63
-970.963
-1245.05
-1561.74
-1996.04
-2575.79
-3400.01
-4454.48
-6239.52
-7496.04
-12876.2
-9617.78
-33547.3
-23420.6
-1029.76
-1306.01
-1563.26
-1934.71
-2375.78
-2986.78
-3790.42
-4946.37
-6473.33
-8637.99
-11093.2
-16760.5
-17371.6
-47529.9
-34580.7
-1088.56
-1352.05
-1605
-1977.55
-2434.01
-3073.01
-3912.58
-5144.51
-6685.34
-9034.76
-11970.3
-20794.1
-30113.2
-47040.7
-26122.1
-1081.15
-1328.3
-1576.39
-1937.66
-2388.74
-3019.98
-3890.76
-5193.88
-6891.05
-9546.06
-13753.2
-24655.4
-32712.9
-57732.4
-31659.2
-1255.17
-1539.92
-1856.77
-2290.49
-2826.27
-3582.39
-4639.42
-6179.83
-7900.95
-10834.7
-13986.5
-22540.8
-23224.7
-73949.7
-7020.88
-1190.37
-1426.16
-1690.74
-2046.72
-2494.93
-3189.03
-4230.84
-5686.1
-7296.32
-10089.8
-11756.7
-16560.5
-11981.8
-26964.8
29200.3
-1502.29
-1742.33
-2133.14
-2606.36
-3223.78
-4166.81
-5552.56
-7232.85
-8808.03
-10453.5
-10998.1
-13943.4
-6547.81
-2693.53
21507.9
-1159.65
-1445.3
-1719.73
-1918.4
-2349.85
-3234.94
-4490.15
-6003.62
-7464.37
-8680.69
-9655.84
-11553.1
-4372.96
-9865.37
4142.67
-2103.26
-2460.31
-3123.97
-3881.66
-4813.75
-6056.16
-7949.44
-9820.98
-10097.8
-11717.9
-13152.2
-13588.7
-8992.8
-17402.2
-6685.84
-130.54
-5.84936
-576.66
-1831.25
-3842.43
-3576.1
-5431.89
-6321.51
-5865.64
-6863.17
-5884.85
-7598.72
-4740.63
-14272.7
2181.3
-6389.6
-7986.85
-7477.28
-8488.99
-11885.1
-5952.59
-13529.2
-13843.4
-14065.6
-27543.2
-22628.8
-14647.9
-8963.58
-28736.7
-28622.1
1252.41
-1844.98
-3852.66
-5547.12
-4794.12
-4114.45
-5615.48
-7863.34
-1423.01
114.597
2771.07
8694.56
21391.1
-5595.64
-45037.3
-21588.1
-22756
-24285.8
-25435
-26447.1
-38366.1
-28349.2
-40448.9
-53997.6
-41837.3
-57062.6
-74656
-77746.2
-106007
-58658.9
-2541.46
-3451.85
-4208.4
-5206.99
-6319.94
-7781.21
-9567.51
-11973.7
-15109.5
-19428.9
-24985.9
-33481.9
-53686.5
-43770.5
-138495
-1005.83
-1177.58
-1250.42
-1518.65
-1820.96
-2309.72
-2915.94
-3866.07
-5006.9
-7039.42
-8674.35
-13858.9
-14025.8
-22622.6
-22419.1
-649.808
-817.957
-971.594
-1246
-1563.89
-1998.27
-2581.79
-3403.55
-4464.51
-6228.97
-7476.49
-12615.7
-9514.06
-32350.5
-23193.7
-1029.7
-1305.7
-1563.2
-1935.3
-2378.17
-2988.02
-3797.35
-4943.01
-6491.89
-8585.31
-11070.3
-16075.4
-15617.5
-50520.1
-41842.4
-1089.14
-1352.49
-1606.69
-1981.48
-2441.36
-3081.03
-3933.65
-5157.2
-6734.51
-8953.05
-11741.8
-19744.6
-29471.7
-52482.3
-27672.1
-1080.83
-1326.71
-1576
-1940.05
-2391.74
-3017.86
-3900.19
-5181.89
-6945.91
-9393.47
-14139.9
-25592.1
-38858.5
-75800.8
-23245.7
-1255.14
-1538.87
-1861.35
-2301.7
-2835.11
-3594.98
-4689.82
-6268.21
-8096.25
-11226
-14510.7
-23225.4
-24551.9
-76440.8
24841.4
-1190.12
-1420.14
-1691.22
-2054.86
-2482.66
-3160.27
-4230.4
-5710.39
-7524.09
-10588.7
-11832.7
-16635.5
-9766.59
-5535.5
37488.8
-1478.86
-1712.62
-2137.31
-2625.06
-3185.28
-4162.21
-5821.58
-7645.35
-9558.56
-11330.3
-12220.9
-15982.7
-6131.11
-5890.54
21784.5
-1174.52
-1441.32
-1753.39
-1982.92
-2387.24
-3366.63
-4585.65
-6236.34
-7653.96
-8733.15
-10328.1
-12137
-4389.18
-7750.61
5557.69
-1834.66
-2344.07
-3238.48
-3902.08
-5537.88
-7150.07
-9396.27
-10923.2
-10949.6
-12454.1
-14604.2
-15814
-11066.5
-20812.7
-10023.1
-122.132
-429.34
-1145.36
-1683.79
-4289.84
-3947.1
-5824
-6224.45
-6131.3
-7612.31
-7021.52
-9460.05
-9537.97
-18350.6
-11288.8
-5104.76
-6482.67
-9206.59
-10126.9
-12906.4
-7506.24
-15596.3
-15500
-13750.9
-14865.6
-17995.9
-31271.3
-31209.5
-35085.7
-43695.5
1340.7
-436.909
-4141.3
-5372.7
-4237.26
-3221.43
-6425.3
-7914.87
-4710.76
2414.76
6049.82
-1688.41
4137.56
-27274.1
-56028.9
-26539.2
-27910.3
-25571.6
-24412.2
-25439.8
-35275
-21891.2
-29748
-41802.1
-50285.4
-59499.6
-63728
-68180.2
-103593
-43691.7
-2540.98
-3451.87
-4206.85
-5207.3
-6316.92
-7785.11
-9558.88
-11983.4
-15072
-19464.8
-24859.2
-33423.5
-53385.7
-43713.7
-140020
-1005.29
-1177.15
-1249.26
-1518.13
-1818.92
-2310.21
-2911.43
-3869.31
-4990.26
-7026.8
-8681.82
-13874.2
-14481.3
-24172.9
-22408.3
-649.879
-818.015
-971.839
-1246.4
-1565.3
-1999.77
-2586.59
-3406.57
-4475.79
-6227.91
-7491.59
-12597.4
-9679.07
-31914.1
-21657.4
-1029.07
-1304.73
-1562.53
-1935.53
-2380.36
-2989.26
-3803.68
-4938.89
-6504.91
-8518.34
-11098.2
-15351.7
-14241.5
-54137.6
-46549
-1088.94
-1351.99
-1607.31
-1983.52
-2444.92
-3082.5
-3945.61
-5155.28
-6768.31
-8754.06
-11403.2
-16610.8
-27129.2
-60089.6
-28631.2
-1078.84
-1323.93
-1576.14
-1944.4
-2395.88
-3015.45
-3909.66
-5154.31
-6967.7
-8959.49
-14739.4
-25835.1
-46029
-85312.7
-14958.4
-1253.14
-1538.6
-1867.78
-2303.82
-2816.1
-3562.76
-4675.69
-6255.47
-8187.29
-11324.9
-15996.3
-25178.3
-26726.7
-57430.9
45549.6
-1185.74
-1418.96
-1707.25
-2069.17
-2457.05
-3130.99
-4252.5
-5812.35
-7679.95
-11139.8
-12852.1
-19489.5
-11092
7991.21
39075.3
-1453.65
-1730.14
-2158.81
-2523.77
-2964.63
-3992.18
-5705.22
-7652.49
-9836.68
-11992.5
-13603
-18545.8
-6909.92
-8757.99
16358.7
-1167.78
-1480.75
-1855.19
-2013.15
-2330.31
-3416.6
-4914.83
-6516.5
-7780.61
-8372.71
-9379.4
-11071.7
-3962.61
-5917.73
1451.74
-1810.17
-2422.21
-2964.61
-3330.42
-4829.4
-7254.22
-9350.19
-10420.3
-10773.7
-13190.6
-15946.4
-18127.6
-13892.6
-21571.8
-17224.8
413.599
-792.362
-1376.67
-2041.36
-3882.9
-4497.47
-4882.85
-5155.63
-5984.9
-8075.98
-7912.95
-9161.98
-11959.7
-17632.2
-20774.6
-7233.1
-5945.16
-5774.25
-12290.5
-14512.4
-8331.02
-10685.8
-12871
-17563.9
-26912.2
-34826
-41365.1
-40710.7
-36135.9
-48606.2
452.866
898.329
-1673.98
-5481.58
-5161.96
-4877.71
-5995.38
-3414.83
-1890.29
-3835.95
-4203.78
-10299.2
-7665.52
-42753.3
-40149.9
-22089
-26419.4
-33746.1
-31006.3
-28949
-38247.6
-33031.8
-39100.1
-46465.1
-45153.9
-47511.1
-50457.3
-49616.9
-89619.1
-26622
-2540.53
-3451.86
-4205.41
-5207.98
-6314.5
-7788.75
-9549.76
-11993.5
-15042.5
-19495.5
-24787.5
-33239.4
-53091.9
-43844.3
-141571
-1004.85
-1176.8
-1248.27
-1517.72
-1817.49
-2311.36
-2908.31
-3872.25
-4978.84
-7011.48
-8732.93
-13767.5
-14988.8
-25665.2
-22775.9
-650.125
-818.278
-972.383
-1247.29
-1567.78
-2002.85
-2592.72
-3412.68
-4490.11
-6248.17
-7530.55
-12788.3
-10036.9
-32350
-20715.4
-1028.54
-1303.81
-1561.77
-1935.59
-2382.79
-2991.51
-3810.22
-4937.35
-6508.01
-8462.63
-11057.8
-15262.5
-13046.9
-55078.8
-48368.2
-1089.32
-1352.41
-1609.26
-1988.38
-2454.11
-3092.87
-3966.88
-5162.64
-6808.89
-8555.3
-11056
-13950
-22889.7
-71020.5
-33836.6
-1077.01
-1320.93
-1574.41
-1946.56
-2399.66
-3014.19
-3913.89
-5114.9
-6961.69
-8386.01
-15839.4
-28011.1
-50952.8
-93293.2
-12621.7
-1252.75
-1539.92
-1877.07
-2321.72
-2834.1
-3579.81
-4712.37
-6282.51
-8330.22
-11428.7
-19268.6
-30496.3
-30220.4
-32385.9
52307.2
-1181.35
-1409.69
-1709.55
-2076.5
-2425.41
-3078.18
-4201.82
-5837.87
-7862.66
-11844.3
-15494.8
-26376.9
-16926.1
8360.86
36785.4
-1427.42
-1727.09
-2190
-2512.78
-2896.08
-3981.68
-5833.69
-8050.35
-10635.1
-13632.4
-17077.7
-22844.3
-9771.9
-10166.3
7569.44
-1154.81
-1483.79
-1912.61
-2118.5
-2551.77
-3682.39
-5102.05
-6604.85
-8125.07
-8922.79
-9895.24
-10903.6
-4466.34
-5354.4
-3077.87
-1821.95
-2467.3
-3104.72
-3181.06
-4726.61
-7276.16
-9719.22
-11889
-14396.7
-17613.4
-18497.3
-20769
-16889.6
-18418
-17606.6
-28.6365
-330.339
-1765.3
-2218.95
-4165.08
-4679.28
-4804.83
-5063.26
-6245.87
-7954.52
-6854.19
-8171.46
-10598.9
-14609.6
-23775.5
-6404.76
-8354.42
-4714.97
-8453.02
-12572.4
-10433.1
-12119.6
-17937.2
-27410.9
-29702
-30692.6
-31887.6
-29848.9
-21129.2
-35613.6
1517.82
-1816.93
426.176
-1898.69
-2783.81
-2847.95
-5530.08
-9006.56
-7599.52
-8282.27
-7427.27
-8765.24
-3968.31
-16901.3
-5468.98
-26575.2
-27177.6
-34674.9
-36677.7
-35754.2
-35560.2
-33695.6
-37163.3
-36263.2
-32845.8
-34532.2
-32955.2
-26572.3
-43836.3
10452.5
-2539.93
-3451.67
-4203.64
-5208.05
-6310.83
-7791.41
-9540.48
-12003.9
-15017.3
-19504.9
-24788.1
-32850.5
-52972.8
-44174.8
-143045
-1004.21
-1176.17
-1246.95
-1516.93
-1815.45
-2311.87
-2904.5
-3873.07
-4968.93
-6982.7
-8813.85
-13585.2
-15379.7
-26903.8
-23446
-650.002
-818.099
-972.317
-1247.55
-1568.96
-2004.74
-2596.33
-3419.53
-4500.44
-6281.15
-7595.37
-12990.8
-10887.8
-33696
-19964.9
-1027.15
-1301.83
-1559.67
-1934.42
-2383.98
-2994.73
-3816.2
-4942.39
-6482.68
-8430.14
-10820.6
-15426
-12858.4
-52711.5
-48231.6
-1088.64
-1351.8
-1609.97
-1992.08
-2462.37
-3105.9
-3988.28
-5180.57
-6815.03
-8478.32
-10615.6
-12087.1
-17923.2
-80906.3
-40698.2
-1072.63
-1315.69
-1570.16
-1948.11
-2409.08
-3031.63
-3939.94
-5108.02
-6843
-7713.35
-14899.2
-27423.4
-47903.9
-100185
-16317.7
-1252.02
-1544.27
-1891.03
-2349.3
-2876.45
-3644.35
-4787.31
-6296.55
-8339.21
-11205.3
-24440.5
-40751.8
-34396.8
-15412.9
45118.7
-1173.83
-1407.4
-1714.01
-2106.16
-2468.58
-3118.45
-4245.33
-5933.21
-8028.33
-12694
-18444.2
-32109
-24055
2771.68
32327.5
-1435.08
-1770.38
-2263.44
-2597.09
-2970.34
-4163.15
-6046.02
-8307.43
-11043.4
-14461.5
-18629.2
-24120.4
-12722.9
-9945.33
3397.16
-1142.27
-1509.92
-1914.58
-2145.21
-2723.76
-3980.37
-5381.55
-6703.28
-8140.18
-9296.31
-10352.1
-11581.7
-6488.3
-6124.24
-4565.7
-1888.66
-2572.57
-3115.48
-3184.34
-4422.55
-7190.17
-10099
-12598.6
-15575.2
-18075.9
-19589.7
-20920.8
-16867.8
-13096.6
-13097.3
-621.436
-1088.44
-1470.41
-2783.87
-3799.83
-4186.26
-4426.42
-4720.93
-6594.66
-8370.58
-7903.22
-8543.71
-10826.6
-9198.03
-19649.3
-3710.88
-4902.47
-4986.67
-6769.62
-10229.7
-11943.4
-15195.7
-22335.6
-25086.4
-25746.7
-27410
-29467
-28386.1
-11949.1
-21876.4
2489.1
1520.78
3399.96
3501.99
1758.91
-2814.65
-9739.17
-11375
-7535.82
-5287.46
-4502.74
-4119.63
2042.7
5182.42
1579.52
-31705.3
-33032.5
-35794.4
-33915.3
-35350.1
-34894.2
-29456
-29555.1
-30576.9
-29503.5
-29167.5
-24862.8
-17145.3
-20625.2
15105.1
-2539.45
-3451.58
-4202.15
-5208.31
-6307.69
-7794.28
-9531.87
-12013.8
-14992.3
-19507.1
-24797.1
-32450.3
-52972.6
-44421.5
-143883
-1004
-1176.05
-1246.66
-1517.05
-1815.45
-2313.65
-2905.17
-3876.94
-4972.41
-6972.24
-8901.92
-13460.4
-15595.5
-27591.6
-23642.3
-650.242
-818.404
-973.022
-1248.55
-1571.46
-2008.05
-2602.96
-3429.44
-4518.05
-6318.38
-7669.48
-13038.7
-11642.3
-34408.4
-19998.1
-1026.47
-1300.9
-1558.83
-1934.38
-2386.29
-2999.15
-3823.01
-4949.01
-6458.92
-8388.96
-10411.1
-15019.2
-12724.6
-48108.2
-48409
-1088.84
-1352.46
-1612.09
-1997.18
-2472.14
-3120.72
-4009.65
-5198.6
-6817.37
-8443.55
-9840.74
-10840.6
-14299.7
-86180.9
-53495.1
-1070.09
-1313.23
-1568.29
-1950.95
-2420.03
-3049.97
-3961.3
-5100.79
-6674.31
-6889.81
-10156.2
-21089
-44611.2
-100412
-20100.6
-1252.32
-1549.72
-1904.35
-2378.53
-2921.87
-3712.42
-4865.18
-6299.58
-8169.82
-10277.6
-24585.3
-45055.6
-41831.8
-3106.99
38421.6
-1166.83
-1408.98
-1715.95
-2134.78
-2544.28
-3207.18
-4322.8
-5993.77
-8162.48
-13205.4
-23318.3
-43240.2
-33251.8
-2999.59
26283.6
-1445.52
-1811.87
-2332.06
-2763
-3128.82
-4404.29
-6435.11
-8803.01
-11553.5
-15523
-20967.3
-27655.9
-16185.1
-7144.88
2892.02
-1125.99
-1531
-1915.35
-2338.17
-2911.32
-4223.06
-5680.96
-7042.33
-8373.15
-9956.85
-11381.6
-13145.3
-9366.63
-6954.94
-6462.45
-1932.81
-2866.18
-3644.08
-3931.88
-4305.38
-7389.89
-11097.7
-13652.3
-16099.9
-18504.9
-20193.3
-20190.9
-16425.4
-10696.7
-10505.6
-828.064
-1507.76
-1562.18
-3498.41
-2830.44
-4086.03
-4812.07
-5799.54
-7517.76
-8610.92
-8254.28
-8761.21
-12417.4
-6638.41
-13435.2
-3143.43
-5936.88
-5400.07
-6436.19
-6367.39
-14219
-17290.6
-19243.4
-22647.4
-25388
-28429
-30328.5
-29314
-9221.92
-29333.2
3532.22
3068.59
489.827
2329.76
3861.63
-3564.61
-8619.8
-7828.43
-5404.69
-5063.52
-4214.85
-2770.92
640.064
2008.8
16681.2
-30964.8
-32339.1
-38632.1
-36372.3
-33234.7
-35941.8
-23694.6
-26270.1
-27413.2
-26361
-26216.6
-22643.1
-15638.5
-22498.5
1712.79
-2538.8
-3451.2
-4200.31
-5207.85
-6303.73
-7795.71
-9522.78
-12020
-14970.1
-19493.4
-24856.6
-31999.9
-53103.4
-45179.4
-145039
-1003.11
-1175.08
-1244.7
-1515.6
-1812.11
-2313.11
-2898.98
-3875.55
-4957.41
-6936.65
-8973.02
-13299.1
-15690.3
-28018.7
-23602
-649.862
-817.948
-972.587
-1248.39
-1571.95
-2009.71
-2605.14
-3435.5
-4524.49
-6347.85
-7813.15
-13200
-12835.4
-35221.3
-18385.2
-1024.41
-1297.99
-1555.3
-1931.56
-2385.73
-3003.1
-3827.95
-4963
-6429.46
-8389.06
-10129.9
-14757.4
-13590.4
-41783
-40890.9
-1087.17
-1350.83
-1611.82
-2000.87
-2481.89
-3139.81
-4030.96
-5222.82
-6804.44
-8474.06
-10288.6
-12192.6
-16212.1
-80060.4
-44955.4
-1062.19
-1303.84
-1557.9
-1946.88
-2429.83
-3080.48
-3999.27
-5167.01
-6634.64
-7016.87
-6883.68
-9747.61
-27943
-81997
-25234.7
-1249.98
-1556.66
-1926.12
-2426.87
-3005.24
-3831.49
-4986.44
-6338.64
-7971.15
-8553.37
-16960.1
-36403.7
-49267.1
-23676.4
16042.7
-1144.85
-1401.38
-1703.02
-2155.01
-2632.49
-3338.22
-4450.63
-6104.68
-8199.96
-12246.3
-22103.6
-45355
-45347.5
-18692.6
7897.36
-1461.97
-1899.95
-2481
-3076.3
-3569.19
-4864.31
-6883.03
-9194.5
-11902
-15768.6
-21524.5
-28370.9
-19934
-6332.41
1760.09
-1094.31
-1549.23
-1911.61
-2680.4
-3262.59
-4209.78
-5509.27
-7084.48
-8773.22
-10670.5
-12223.1
-14660.5
-12368.4
-8312.15
-6825.73
-2144.19
-3382.86
-4329.8
-4627.67
-4016.35
-6363.35
-10177.6
-13473.6
-16440.4
-19181.6
-21268
-20793.9
-15839.4
-10843.3
-9489.79
-751.72
-1268.92
-1670.07
-3840.67
-2197.14
-2632.61
-4275.92
-6618.51
-8232.09
-8724.31
-8149.75
-8209.59
-11641.3
-5552.76
-13316.3
-3249.81
-8693.69
-9393.06
-7224.31
-3835.1
-11159
-17011.5
-21126.5
-24802.8
-26453.7
-29702.8
-30809.8
-30030.4
-10122
-29695.8
2649.91
1258.63
-3111.9
-435.189
3827.19
-1304.94
-8319.52
-9292.9
-3686.4
1271.23
5351.42
6876.83
2832.01
-1549.57
-5052.81
-31934.8
-29669.9
-32970.4
-34911.1
-34117
-37136
-23245.4
-24752.9
-25224.2
-24646.7
-25381.4
-22515.1
-17010.7
-24419.2
1294.36
)
;

boundaryField
{
    outletsourceFace
    {
        type            zeroGradient;
    }
    outletdestinationFace
    {
        type            zeroGradient;
    }
    outletFace
    {
        type            zeroGradient;
    }
    outletWall
    {
        type            fixedValue;
        value           uniform 0;
    }
    inletFace
    {
        type            zeroGradient;
    }
    inletWall
    {
        type            fixedValue;
        value           uniform 5;
    }
    inletsourceFace
    {
        type            zeroGradient;
    }
    inletdestinationFace
    {
        type            zeroGradient;
    }
}


// ************************************************************************* //
