/*--------------------------------*- C++ -*----------------------------------*\
| =========                 |                                                 |
| \\      /  F ield         | OpenFOAM: The Open Source CFD Toolbox           |
|  \\    /   O peration     | Version:  4.1                                   |
|   \\  /    A nd           | Web:      www.OpenFOAM.org                      |
|    \\/     M anipulation  |                                                 |
\*---------------------------------------------------------------------------*/
FoamFile
{
    version     2.0;
    format      ascii;
    class       volScalarField;
    location    "30";
    object      p;
}
// * * * * * * * * * * * * * * * * * * * * * * * * * * * * * * * * * * * * * //

dimensions      [0 2 -2 0 0 0 0];

internalField   nonuniform List<scalar> 
6750
(
-67.5523
-39.7658
-95.2928
-104.001
-119.975
-128.124
-134.309
-138.324
-140.679
-139.888
-140.99
-135.231
-137.094
-65.9365
-135.269
-67.4345
-39.4322
-94.9212
-103.82
-120.155
-128.415
-134.682
-138.4
-140.639
-139.861
-141.008
-135.319
-136.895
-65.4874
-135.2
-67.3182
-39.1033
-94.6309
-103.743
-120.338
-128.656
-134.988
-138.419
-140.599
-139.848
-141.039
-135.266
-136.718
-65.031
-135.17
-67.1677
-38.655
-94.2441
-103.634
-120.562
-128.941
-135.297
-138.475
-140.545
-139.842
-141.068
-135.081
-136.6
-64.7308
-135.01
-67.0196
-38.1451
-93.8657
-103.558
-120.783
-129.194
-135.566
-138.613
-140.606
-139.895
-141.056
-134.531
-136.426
-64.4894
-134.836
-66.8892
-37.6213
-93.4931
-103.479
-120.979
-129.429
-135.926
-138.884
-140.6
-139.934
-141.003
-134.72
-136.396
-64.1966
-134.639
-66.8068
-37.1791
-93.1912
-103.405
-121.098
-129.607
-136.176
-138.888
-140.593
-139.983
-140.964
-135.095
-136.341
-63.9258
-134.441
-66.7973
-37.0542
-93.0994
-103.38
-121.134
-129.671
-136.308
-138.992
-140.564
-139.959
-140.952
-135.278
-136.275
-63.6813
-134.291
-66.8556
-37.3015
-93.2646
-103.437
-121.097
-129.629
-136.252
-139.004
-140.586
-139.95
-140.947
-135.115
-136.233
-63.8414
-134.036
-66.9767
-37.7983
-93.6072
-103.533
-120.982
-129.48
-135.986
-138.913
-140.6
-139.96
-140.888
-134.589
-136.131
-64.0494
-133.807
-67.139
-38.3599
-94.013
-103.635
-120.801
-129.241
-135.62
-138.686
-140.62
-139.98
-141.025
-134.467
-136.025
-64.2175
-133.611
-67.3109
-38.8833
-94.4106
-103.729
-120.587
-128.986
-135.321
-138.545
-140.592
-139.958
-141.046
-134.911
-136.073
-64.3681
-133.444
-67.4773
-39.3312
-94.8093
-103.851
-120.366
-128.696
-135.018
-138.488
-140.66
-139.991
-141.068
-135.306
-136.133
-64.5889
-133.342
-67.6029
-39.6559
-95.1067
-103.938
-120.185
-128.451
-134.727
-138.497
-140.694
-140.045
-141.057
-135.427
-136.263
-65.0042
-133.186
-67.7263
-39.9779
-95.4795
-104.124
-120.004
-128.153
-134.334
-138.402
-140.757
-140.132
-141.015
-135.386
-136.412
-65.4007
-133.074
-90.5835
-28.9989
-97.0442
-103.552
-120.477
-128.492
-134.765
-138.607
-141.18
-140.05
-141.735
-134.407
-143.322
-50.4517
-188.353
-90.4503
-28.6817
-96.6301
-103.311
-120.662
-128.805
-135.189
-138.707
-141.133
-140.02
-141.74
-134.473
-143.07
-49.9818
-188.323
-90.3327
-28.4222
-96.3613
-103.222
-120.839
-129.017
-135.483
-138.719
-141.088
-140.008
-141.759
-134.378
-142.83
-49.5451
-188.402
-90.1799
-28.0395
-95.9574
-103.073
-121.056
-129.292
-135.802
-138.78
-141.023
-139.99
-141.788
-134.22
-142.708
-49.222
-188.178
-90.0406
-27.6135
-95.5661
-102.976
-121.269
-129.521
-136.051
-138.884
-141.078
-140.02
-141.783
-133.665
-142.494
-48.9677
-187.938
-89.9276
-27.1674
-95.156
-102.873
-121.455
-129.735
-136.393
-139.147
-141.048
-140.027
-141.724
-133.855
-142.452
-48.6636
-187.655
-89.8718
-26.7789
-94.7991
-102.787
-121.564
-129.891
-136.625
-139.124
-141.037
-140.065
-141.692
-134.133
-142.362
-48.4084
-187.366
-89.8788
-26.6688
-94.6856
-102.756
-121.592
-129.943
-136.741
-139.226
-140.982
-140.047
-141.64
-134.288
-142.226
-48.1644
-187.186
-89.9257
-26.8833
-94.8876
-102.816
-121.559
-129.903
-136.681
-139.223
-141.001
-140.044
-141.637
-134.169
-142.197
-48.3105
-186.697
-90.029
-27.3121
-95.28
-102.922
-121.449
-129.77
-136.426
-139.146
-141.013
-140.051
-141.556
-133.712
-142.059
-48.4817
-186.262
-90.1816
-27.7887
-95.7213
-103.047
-121.274
-129.547
-136.071
-138.929
-141.042
-140.072
-141.699
-133.567
-141.899
-48.6396
-185.884
-90.351
-28.2241
-96.1268
-103.16
-121.064
-129.315
-135.784
-138.801
-140.99
-140.04
-141.685
-133.97
-141.925
-48.7789
-185.55
-90.5251
-28.6049
-96.5382
-103.322
-120.847
-129.029
-135.464
-138.727
-141.046
-140.061
-141.696
-134.314
-141.953
-48.9859
-185.346
-90.655
-28.8604
-96.811
-103.419
-120.671
-128.812
-135.18
-138.738
-141.068
-140.089
-141.681
-134.432
-142.122
-49.359
-184.961
-90.7963
-29.1657
-97.2229
-103.665
-120.482
-128.487
-134.729
-138.606
-141.14
-140.169
-141.654
-134.42
-142.29
-49.73
-184.685
-129.24
-7.83839
-98.8432
-102.774
-121.515
-129.416
-135.966
-139.365
-142.27
-140.499
-143.332
-132.377
-154.986
-16.6476
-284.575
-129.09
-7.61395
-98.419
-102.447
-121.676
-129.73
-136.421
-139.501
-142.215
-140.469
-143.311
-132.397
-154.623
-16.1618
-284.528
-128.979
-7.49385
-98.1974
-102.341
-121.824
-129.89
-136.665
-139.498
-142.166
-140.46
-143.304
-132.263
-154.194
-15.7382
-284.73
-128.838
-7.26482
-97.7822
-102.123
-122.008
-130.142
-136.978
-139.57
-142.099
-140.432
-143.317
-132.155
-154.07
-15.3871
-284.352
-128.74
-7.02057
-97.3718
-101.994
-122.185
-130.325
-137.182
-139.618
-142.127
-140.43
-143.306
-131.659
-153.785
-15.1479
-283.96
-128.687
-6.74366
-96.8944
-101.851
-122.335
-130.505
-137.466
-139.83
-142.052
-140.387
-143.221
-131.813
-153.694
-14.8452
-283.462
-128.701
-6.47961
-96.4399
-101.75
-122.412
-130.622
-137.65
-139.779
-142.018
-140.387
-143.177
-131.919
-153.511
-14.6056
-282.918
-128.734
-6.39887
-96.2837
-101.712
-122.424
-130.657
-137.728
-139.86
-141.931
-140.372
-143.081
-132.016
-153.181
-14.3555
-282.611
-128.739
-6.54093
-96.5572
-101.775
-122.402
-130.618
-137.666
-139.831
-141.941
-140.375
-143.088
-131.931
-153.213
-14.4957
-281.672
-128.782
-6.81907
-97.0415
-101.892
-122.314
-130.51
-137.446
-139.782
-141.95
-140.377
-142.986
-131.625
-153.019
-14.6346
-280.82
-128.89
-7.11036
-97.5487
-102.054
-122.17
-130.315
-137.133
-139.597
-141.982
-140.39
-143.109
-131.483
-152.761
-14.7805
-280.04
-129.036
-7.35262
-97.9628
-102.196
-121.989
-130.122
-136.878
-139.498
-141.892
-140.35
-143.036
-131.787
-152.723
-14.8766
-279.309
-129.212
-7.57612
-98.3776
-102.424
-121.801
-129.853
-136.548
-139.396
-141.901
-140.347
-143.015
-132.016
-152.655
-15.0356
-278.86
-129.343
-7.69262
-98.5972
-102.537
-121.65
-129.684
-136.3
-139.405
-141.891
-140.334
-142.981
-132.103
-152.951
-15.3557
-278.04
-129.506
-7.90819
-99.0127
-102.865
-121.48
-129.351
-135.805
-139.217
-141.946
-140.372
-142.956
-132.119
-153.151
-15.635
-277.454
-169.569
10.3206
-97.4012
-103.352
-123.025
-131.447
-138.283
-141.117
-144.258
-141.792
-145.784
-131.155
-167.433
21.5474
-397.077
-169.425
10.4203
-97.0664
-102.989
-123.114
-131.71
-138.686
-141.262
-144.197
-141.766
-145.724
-131.128
-166.892
22.0356
-396.935
-169.335
10.4137
-96.9007
-102.877
-123.218
-131.822
-138.857
-141.239
-144.133
-141.75
-145.677
-131.033
-166.121
22.4694
-397.24
-169.251
10.4435
-96.5224
-102.621
-123.33
-132.028
-139.123
-141.305
-144.075
-141.722
-145.657
-130.95
-165.995
22.8482
-396.573
-169.258
10.4336
-96.1122
-102.483
-123.447
-132.163
-139.269
-141.31
-144.057
-141.68
-145.623
-130.58
-165.608
23.052
-395.873
-169.348
10.4502
-95.5881
-102.325
-123.527
-132.301
-139.469
-141.429
-143.927
-141.583
-145.486
-130.633
-165.395
23.3134
-394.958
-169.505
10.4785
-95.0433
-102.233
-123.554
-132.379
-139.586
-141.361
-143.839
-141.522
-145.391
-130.577
-165.023
23.544
-393.927
-169.568
10.4725
-94.8422
-102.194
-123.541
-132.396
-139.618
-141.388
-143.708
-141.485
-145.244
-130.627
-164.347
23.8069
-393.3
-169.476
10.4669
-95.1888
-102.25
-123.541
-132.357
-139.555
-141.343
-143.697
-141.478
-145.234
-130.508
-164.473
23.7003
-391.599
-169.379
10.4657
-95.7555
-102.353
-123.495
-132.271
-139.378
-141.321
-143.713
-141.489
-145.144
-130.361
-164.197
23.5461
-390.022
-169.361
10.475
-96.3094
-102.526
-123.412
-132.107
-139.122
-141.182
-143.731
-141.482
-145.214
-130.263
-163.778
23.3975
-388.529
-169.429
10.4974
-96.7171
-102.672
-123.281
-131.954
-138.912
-141.112
-143.621
-141.445
-145.1
-130.444
-163.6
23.3277
-387.087
-169.58
10.4738
-97.0877
-102.935
-123.157
-131.721
-138.603
-140.992
-143.56
-141.395
-145.03
-130.528
-163.324
23.2455
-386.138
-169.702
10.4766
-97.245
-103.052
-123.045
-131.596
-138.408
-140.994
-143.521
-141.35
-144.977
-130.516
-163.838
22.9567
-384.598
-169.867
10.37
-97.5653
-103.413
-122.94
-131.306
-137.951
-140.778
-143.532
-141.319
-144.942
-130.497
-164.059
22.8752
-383.499
-219.909
15.1546
-94.6572
-107.21
-125.759
-135.264
-142.383
-144.597
-148.117
-144.801
-150.137
-133.176
-183.738
55.5875
-541.326
-219.777
15.2564
-94.4599
-106.864
-125.769
-135.458
-142.697
-144.72
-148.03
-144.766
-150.015
-133.155
-182.988
56.1054
-540.744
-219.717
15.2281
-94.3614
-106.761
-125.832
-135.534
-142.798
-144.671
-147.929
-144.722
-149.906
-133.18
-181.831
56.5198
-541.011
-219.72
15.1894
-94.0832
-106.514
-125.862
-135.682
-142.993
-144.707
-147.865
-144.688
-149.835
-133.072
-181.649
57.1315
-539.866
-219.899
15.0745
-93.7372
-106.391
-125.915
-135.777
-143.079
-144.683
-147.788
-144.606
-149.763
-132.802
-181.107
57.358
-538.588
-220.145
14.8991
-93.259
-106.246
-125.917
-135.871
-143.201
-144.715
-147.579
-144.454
-149.531
-132.744
-180.66
57.5257
-536.878
-220.384
14.5997
-92.7284
-106.175
-125.89
-135.915
-143.253
-144.625
-147.407
-144.333
-149.336
-132.638
-180
57.6335
-534.877
-220.471
14.4529
-92.5275
-106.14
-125.85
-135.912
-143.242
-144.596
-147.213
-144.245
-149.114
-132.69
-178.863
57.7652
-533.471
-220.339
14.6579
-92.8778
-106.188
-125.877
-135.879
-143.175
-144.547
-147.166
-144.212
-149.056
-132.481
-178.97
57.8032
-530.654
-220.096
14.9396
-93.428
-106.266
-125.878
-135.811
-143.03
-144.539
-147.208
-144.252
-149.021
-132.397
-178.555
57.5429
-527.857
-219.892
15.147
-93.9334
-106.423
-125.862
-135.681
-142.82
-144.436
-147.215
-144.223
-149.026
-132.36
-177.929
57.177
-525.134
-219.851
15.3363
-94.2768
-106.548
-125.786
-135.559
-142.649
-144.384
-147.104
-144.189
-148.883
-132.477
-177.513
56.8724
-522.474
-219.972
15.4209
-94.5516
-106.797
-125.734
-135.373
-142.377
-144.259
-146.971
-144.074
-148.736
-132.476
-176.881
56.6717
-520.627
-220.087
15.4381
-94.6428
-106.903
-125.656
-135.278
-142.233
-144.26
-146.925
-144.024
-148.683
-132.332
-177.552
56.3648
-517.998
-220.254
15.3044
-94.8267
-107.243
-125.62
-135.045
-141.841
-144.045
-146.891
-143.931
-148.627
-132.197
-177.694
56.5425
-516.124
-283.747
4.2623
-93.3771
-116.028
-130.588
-141.625
-149.244
-150.771
-155.337
-150.869
-158.503
-141.168
-210.48
79.6389
-731.133
-283.626
4.45126
-93.2878
-115.73
-130.544
-141.755
-149.459
-150.841
-155.175
-150.786
-158.247
-141.123
-209.416
80.3445
-729.723
-283.614
4.50589
-93.2529
-115.636
-130.579
-141.809
-149.504
-150.769
-155.009
-150.689
-158.035
-141.278
-207.886
80.6539
-729.49
-283.706
4.61794
-93.0929
-115.421
-130.547
-141.901
-149.619
-150.757
-154.892
-150.623
-157.857
-141.093
-207.362
81.6412
-727.332
-283.923
4.56819
-92.883
-115.311
-130.553
-141.966
-149.651
-150.719
-154.736
-150.502
-157.699
-140.865
-206.444
81.8523
-724.919
-284.147
4.3506
-92.5782
-115.184
-130.495
-142.016
-149.705
-150.692
-154.418
-150.284
-157.317
-140.734
-205.577
81.8184
-721.744
-284.367
3.88693
-92.2135
-115.131
-130.43
-142.032
-149.705
-150.581
-154.148
-150.103
-156.982
-140.654
-204.434
81.5977
-718.089
-284.446
3.66488
-92.0763
-115.105
-130.369
-142.01
-149.657
-150.509
-153.878
-149.948
-156.656
-140.776
-202.766
81.2728
-714.977
-284.342
3.9788
-92.3345
-115.149
-130.419
-141.993
-149.587
-150.466
-153.794
-149.89
-156.522
-140.502
-202.503
81.2649
-710.113
-284.142
4.38244
-92.7222
-115.214
-130.455
-141.943
-149.457
-150.454
-153.864
-149.956
-156.533
-140.435
-201.74
80.5408
-705.334
-283.929
4.57263
-93.0608
-115.355
-130.491
-141.847
-149.275
-150.364
-153.87
-149.922
-156.483
-140.473
-200.745
79.6562
-700.728
-283.827
4.69612
-93.277
-115.464
-130.457
-141.748
-149.132
-150.317
-153.772
-149.897
-156.329
-140.606
-200.065
78.7833
-696.069
-283.925
4.72092
-93.4405
-115.676
-130.455
-141.606
-148.9
-150.197
-153.583
-149.729
-156.113
-140.604
-199.098
78.1305
-692.47
-284.032
4.6932
-93.4847
-115.772
-130.402
-141.53
-148.792
-150.202
-153.546
-149.698
-156.069
-140.377
-199.77
77.5654
-688.154
-284.195
4.45524
-93.576
-116.062
-130.409
-141.348
-148.463
-150.006
-153.48
-149.559
-155.968
-140.078
-199.689
77.9477
-685.051
-358.843
-15.9117
-96.1496
-130.683
-138.93
-151.673
-160.403
-160.972
-168.127
-161.722
-174.389
-156.885
-256.563
96.802
-983.37
-358.731
-15.6927
-96.1011
-130.437
-138.852
-151.751
-160.518
-160.975
-167.836
-161.546
-173.961
-156.867
-255.13
97.9724
-979.287
-358.752
-15.5912
-96.0881
-130.348
-138.868
-151.798
-160.523
-160.891
-167.581
-161.377
-173.589
-157.15
-253.084
98.0122
-977.62
-358.837
-15.3923
-96.0058
-130.163
-138.803
-151.846
-160.557
-160.827
-167.356
-161.241
-173.204
-156.9
-251.584
99.3389
-973.139
-358.987
-15.4175
-95.9286
-130.062
-138.781
-151.893
-160.543
-160.795
-167.109
-161.087
-172.884
-156.78
-249.79
99.2691
-968.399
-359.138
-15.5814
-95.8065
-129.959
-138.696
-151.907
-160.535
-160.742
-166.657
-160.804
-172.273
-156.673
-248.096
98.5355
-962.245
-359.3
-15.9262
-95.6776
-129.925
-138.615
-151.901
-160.493
-160.629
-166.277
-160.586
-171.771
-156.776
-246.45
97.0462
-954.508
-359.361
-16.0859
-95.6439
-129.917
-138.55
-151.865
-160.411
-160.531
-165.914
-160.375
-171.282
-157.087
-244.029
95.3687
-948.085
-359.309
-15.8743
-95.7696
-129.96
-138.614
-151.875
-160.34
-160.501
-165.789
-160.308
-170.994
-156.807
-242.625
94.7472
-940.626
-359.203
-15.5803
-95.9538
-130.024
-138.674
-151.852
-160.216
-160.472
-165.873
-160.403
-171.011
-156.788
-241.203
93.0238
-932.8
-359.092
-15.4634
-96.1306
-130.155
-138.741
-151.794
-160.054
-160.373
-165.872
-160.364
-170.92
-156.945
-239.891
90.8301
-924.643
-359.092
-15.3718
-96.2225
-130.267
-138.739
-151.718
-159.932
-160.322
-165.791
-160.368
-170.794
-157.235
-238.951
88.5093
-916.847
-359.246
-15.3969
-96.3081
-130.455
-138.768
-151.614
-159.735
-160.206
-165.562
-160.154
-170.508
-157.334
-237.664
86.8813
-910.966
-359.338
-15.4473
-96.3467
-130.552
-138.738
-151.548
-159.653
-160.219
-165.566
-160.177
-170.524
-157.034
-238.219
85.4014
-904.495
-359.491
-15.7212
-96.4247
-130.797
-138.773
-151.405
-159.379
-160.049
-165.51
-160.037
-170.412
-156.576
-237.981
85.77
-899.824
-442.583
-39.2512
-103.523
-150.739
-152.289
-166.523
-177.603
-176.532
-189.216
-178.973
-202.636
-179.777
-332.347
120.601
-1312.91
-442.552
-39.0256
-103.461
-150.531
-152.177
-166.553
-177.617
-176.466
-188.717
-178.637
-201.746
-179.699
-328.88
123.421
-1306.13
-442.633
-38.9236
-103.434
-150.447
-152.171
-166.596
-177.594
-176.396
-188.352
-178.42
-201.124
-180.469
-325.677
122.952
-1301.58
-442.702
-38.7715
-103.383
-150.295
-152.088
-166.614
-177.552
-176.298
-187.971
-178.211
-200.366
-180.346
-322.111
123.344
-1292.35
-442.842
-38.7865
-103.385
-150.213
-152.053
-166.654
-177.499
-176.301
-187.623
-178.063
-199.74
-180.522
-318.727
121.341
-1283.17
-442.967
-38.8405
-103.398
-150.144
-151.969
-166.647
-177.436
-176.263
-187.032
-177.768
-198.82
-180.742
-315.675
119.036
-1271.59
-443.118
-38.9747
-103.451
-150.139
-151.897
-166.633
-177.365
-176.188
-186.55
-177.585
-198.09
-181.206
-312.568
116.241
-1260.28
-443.204
-39.0223
-103.495
-150.159
-151.852
-166.602
-177.259
-176.1
-186.083
-177.377
-197.417
-181.941
-308.997
113.222
-1248.84
-443.211
-38.9604
-103.529
-150.207
-151.929
-166.657
-177.208
-176.117
-185.967
-177.404
-197.066
-181.977
-306.678
109.577
-1234.18
-443.173
-38.8407
-103.57
-150.277
-152.014
-166.687
-177.111
-176.086
-186.06
-177.545
-197.041
-182.408
-304.509
105.452
-1219.88
-443.195
-38.7592
-103.634
-150.405
-152.105
-166.686
-176.99
-175.993
-186.092
-177.569
-197.017
-182.883
-302.177
101.941
-1208.92
-443.269
-38.6842
-103.671
-150.529
-152.145
-166.652
-176.906
-175.948
-186.043
-177.62
-197.019
-183.405
-301.284
99.0187
-1197.06
-443.4
-38.778
-103.76
-150.719
-152.215
-166.597
-176.763
-175.861
-185.863
-177.472
-196.931
-183.674
-300.14
96.4718
-1187.63
-443.465
-38.8341
-103.821
-150.831
-152.228
-166.56
-176.718
-175.893
-185.969
-177.598
-197.195
-183.642
-301.212
93.4448
-1176.73
-443.601
-39.0724
-103.929
-151.058
-152.308
-166.469
-176.51
-175.756
-185.981
-177.489
-197.139
-183.188
-301.046
93.6147
-1169.21
-535.55
-64.6373
-114.782
-176.125
-172.675
-188.147
-203.819
-199.638
-223.052
-204.396
-251.036
-208.535
-446.633
159.353
-1771.38
-535.55
-64.4515
-114.713
-175.95
-172.524
-188.115
-203.706
-199.487
-222.227
-203.774
-249.563
-207.911
-442.791
160.684
-1749.35
-535.666
-64.3682
-114.685
-175.876
-172.49
-188.143
-203.637
-199.436
-221.639
-203.498
-248.082
-208.798
-435.55
160.473
-1741.31
-535.759
-64.2423
-114.663
-175.767
-172.393
-188.135
-203.497
-199.306
-220.98
-203.191
-246.438
-209.417
-427.48
160.842
-1722.66
-535.936
-64.2253
-114.706
-175.73
-172.355
-188.169
-203.397
-199.361
-220.456
-203.1
-245.057
-210.498
-420.126
157.097
-1704.69
-536.086
-64.1972
-114.78
-175.72
-172.295
-188.161
-203.265
-199.365
-219.654
-202.864
-243.578
-211.34
-414.731
150.674
-1684.41
-536.271
-64.2131
-114.907
-175.773
-172.264
-188.161
-203.165
-199.361
-219.014
-202.818
-242.528
-212.52
-413.247
140.057
-1652.84
-536.397
-64.2038
-114.986
-175.834
-172.269
-188.172
-203.046
-199.32
-218.388
-202.724
-241.469
-214.149
-407.605
131.214
-1629.63
-536.475
-64.218
-114.999
-175.896
-172.373
-188.297
-203.041
-199.415
-218.265
-202.844
-240.661
-215.033
-400.739
127.738
-1611.71
-536.499
-64.1997
-114.996
-175.97
-172.492
-188.419
-203.018
-199.421
-218.384
-203.066
-240.556
-215.694
-396.734
122.891
-1596.2
-536.558
-64.2179
-115.039
-176.104
-172.63
-188.51
-202.985
-199.361
-218.437
-203.121
-240.683
-216.331
-395.756
116.139
-1573.65
-536.631
-64.2201
-115.091
-176.251
-172.742
-188.566
-202.997
-199.365
-218.513
-203.318
-241.13
-217.334
-394.822
109.084
-1553.52
-536.766
-64.3479
-115.213
-176.46
-172.888
-188.599
-202.956
-199.318
-218.413
-203.177
-241.373
-218.104
-393.946
105.05
-1540.55
-536.829
-64.3987
-115.293
-176.598
-172.972
-188.631
-202.991
-199.387
-218.692
-203.334
-242.064
-217.479
-396.717
100.805
-1528.03
-536.975
-64.5964
-115.426
-176.832
-173.137
-188.641
-202.909
-199.318
-218.914
-203.304
-242.487
-216.52
-398.604
101.24
-1518.9
-636.224
-93.5005
-128.58
-206.276
-199.877
-216.555
-240.332
-230.68
-272.782
-237.229
-323.746
-231.659
-598.255
250.654
-2393.59
-636.276
-93.3353
-128.522
-206.132
-199.695
-216.465
-240.065
-230.477
-271.574
-236.506
-320.825
-233.01
-582.587
247.79
-2343.62
-636.455
-93.2429
-128.51
-206.08
-199.64
-216.483
-239.942
-230.515
-270.771
-236.46
-319.064
-236.647
-579.473
233.849
-2309.95
-636.592
-93.1133
-128.519
-206.023
-199.54
-216.472
-239.703
-230.437
-269.797
-236.337
-316.315
-238.488
-569.382
225.306
-2264.78
-636.816
-93.0772
-128.587
-206.057
-199.519
-216.532
-239.559
-230.632
-269.07
-236.587
-314.096
-241.536
-560.044
211.454
-2233.34
-636.996
-93.0301
-128.684
-206.129
-199.509
-216.573
-239.373
-230.757
-268.012
-236.574
-311.849
-243.761
-552.2
196.787
-2185.78
-637.21
-93.0489
-128.833
-206.27
-199.567
-216.647
-239.274
-230.927
-267.208
-236.828
-310.32
-245.774
-545.966
184.724
-2152.29
-637.365
-93.0604
-128.94
-206.392
-199.662
-216.76
-239.197
-231.028
-266.381
-236.924
-308.855
-249.054
-535.972
181.864
-2134.7
-637.505
-93.1159
-128.995
-206.48
-199.82
-217
-239.349
-231.35
-266.5
-237.53
-308.344
-250.423
-537.759
166.14
-2095.37
-637.615
-93.1269
-129.024
-206.562
-200.003
-217.26
-239.534
-231.524
-266.839
-238.065
-308.793
-252.941
-539.673
150.504
-2041.03
-637.766
-93.1861
-129.108
-206.715
-200.234
-217.507
-239.763
-231.661
-267.315
-238.467
-309.566
-255.357
-527.316
147.454
-2031.26
-637.887
-93.2309
-129.193
-206.895
-200.462
-217.726
-240.036
-231.825
-267.799
-238.785
-311.052
-257.151
-527.389
149.011
-2011.31
-638.053
-93.3915
-129.337
-207.149
-200.74
-217.929
-240.298
-231.979
-268.31
-238.883
-313.355
-256.519
-530.909
150.488
-2001.96
-638.131
-93.4561
-129.426
-207.324
-200.934
-218.097
-240.582
-232.217
-269.326
-239.511
-316.429
-256.968
-544.272
142.649
-1970.69
-638.294
-93.6626
-129.576
-207.596
-201.232
-218.291
-240.818
-232.371
-270.287
-239.885
-318.645
-256.965
-548.576
146.952
-1950.32
-743.57
-130.193
-145.665
-243.644
-236.679
-254.566
-291.83
-273.431
-347.47
-281.151
-447.12
-255.256
-874.585
356.453
-3277.75
-743.698
-130.033
-145.632
-243.54
-236.481
-254.448
-291.363
-273.144
-345.57
-279.919
-439.331
-252.613
-797.789
372.933
-3217.4
-743.958
-129.914
-145.646
-243.53
-236.424
-254.471
-291.118
-273.204
-343.973
-279.677
-432.195
-255.273
-759.164
355.233
-3160.64
-744.171
-129.775
-145.691
-243.539
-236.339
-254.495
-290.744
-273.169
-342.336
-279.63
-425.847
-262.541
-741.304
323.855
-3057.8
-744.465
-129.739
-145.788
-243.654
-236.378
-254.634
-290.528
-273.51
-340.987
-280.191
-420.411
-268.852
-728.781
295.486
-2973.66
-744.711
-129.706
-145.907
-243.814
-236.463
-254.795
-290.317
-273.808
-339.637
-280.57
-417.383
-272.651
-722.527
267.362
-2916.47
-744.987
-129.766
-146.073
-244.056
-236.665
-255.029
-290.279
-274.219
-338.645
-281.331
-415.375
-279.468
-742.343
244.83
-2850.46
-745.217
-129.813
-146.218
-244.264
-236.901
-255.316
-290.36
-274.555
-337.744
-281.669
-412.649
-280.379
-733.849
199.987
-2752.93
-745.455
-129.899
-146.355
-244.422
-237.173
-255.715
-290.798
-275.164
-338.072
-282.649
-411.189
-286.043
-714.492
189.893
-2673.81
-745.659
-129.95
-146.462
-244.566
-237.475
-256.152
-291.382
-275.611
-338.893
-283.382
-410.787
-284.805
-693.62
185.738
-2688.58
-745.885
-130.084
-146.613
-244.799
-237.871
-256.605
-292.084
-276.014
-340.089
-283.904
-412.903
-288.497
-706.609
187.393
-2659.58
-746.052
-130.191
-146.744
-245.046
-238.274
-257.037
-292.873
-276.44
-341.734
-284.471
-417.557
-287.402
-712.923
177.382
-2611.81
-746.255
-130.412
-146.934
-245.378
-238.758
-257.474
-293.693
-276.855
-343.59
-284.814
-423.535
-291.166
-717.023
172.246
-2594.28
-746.353
-130.52
-147.038
-245.598
-239.096
-257.807
-294.396
-277.237
-345.661
-285.16
-428.876
-285.548
-728.344
173.372
-2569.08
-746.528
-130.783
-147.226
-245.941
-239.59
-258.245
-295.192
-277.689
-347.947
-285.477
-435.233
-277.701
-747.874
184.102
-2566.62
-852.7
-175.126
-164.344
-286.089
-279.811
-297.433
-352.479
-322.492
-440.217
-321.571
-605.559
-235.577
-1239.8
377.898
-4369.22
-852.913
-174.979
-164.342
-286.046
-279.623
-297.369
-351.96
-322.468
-438.604
-322.213
-602.494
-249.271
-1247.04
401.514
-4133.74
-853.269
-174.835
-164.38
-286.102
-279.598
-297.466
-351.731
-322.862
-437.01
-323.675
-595.52
-265.929
-1143.53
426.724
-4094.72
-853.578
-174.696
-164.46
-286.186
-279.561
-297.612
-351.36
-323.21
-435.144
-325.63
-585.049
-274.611
-1055.83
401.159
-3912.73
-853.966
-174.665
-164.589
-286.387
-279.703
-297.928
-351.215
-323.988
-433.393
-327.791
-575.237
-282.313
-1018.66
353.081
-3826.26
-854.313
-174.648
-164.734
-286.633
-279.915
-298.296
-351.13
-324.693
-431.819
-329.362
-569.608
-287.257
-1012.64
294.307
-3754.34
-854.689
-174.739
-164.931
-286.972
-280.301
-298.791
-351.342
-325.564
-430.725
-331.038
-564.401
-270.801
-1165.72
171.414
-3390.81
-855.026
-174.825
-165.118
-287.282
-280.717
-299.326
-351.798
-326.367
-429.856
-333.034
-556.416
-298.259
-945.926
263.08
-3549.32
-855.372
-174.977
-165.336
-287.575
-281.179
-299.944
-352.791
-327.531
-431.058
-335.212
-553.516
-298.074
-938.057
299.563
-3564.6
-855.671
-175.114
-165.529
-287.844
-281.681
-300.601
-354.091
-328.555
-433.486
-337.338
-558.733
-314.809
-1039.3
269.576
-3447.88
-855.977
-175.349
-165.773
-288.208
-282.337
-301.329
-355.701
-329.55
-437.088
-338.596
-565.774
-315.423
-969.981
256.661
-3429.89
-856.204
-175.542
-165.972
-288.548
-282.99
-302.031
-357.433
-330.503
-441.443
-339.958
-574.556
-323.704
-949.731
272.051
-3411.17
-856.455
-175.857
-166.237
-288.99
-283.78
-302.798
-359.33
-331.514
-446.827
-340.512
-591.516
-302.763
-1004.74
310.665
-3431.19
-856.582
-176.028
-166.376
-289.264
-284.318
-303.352
-360.876
-332.396
-452.617
-341.612
-618.069
-303.355
-1157.28
322.419
-3388.02
-856.782
-176.37
-166.632
-289.706
-285.105
-304.14
-362.772
-333.692
-459.209
-343.511
-645.708
-302.587
-1321.88
325.585
-3299.91
-961.638
-234.69
-189.607
-338.468
-338.927
-355.279
-434.071
-389.544
-566.688
-381.469
-837.558
-308.591
-1639.61
238.017
-5963.38
-961.954
-234.602
-189.638
-338.549
-338.811
-355.381
-433.597
-389.524
-565.379
-379.78
-834.273
-290.291
-1699.38
99.839
-5092.08
-962.427
-234.449
-189.704
-338.715
-338.885
-355.649
-433.411
-390.123
-563.342
-380.899
-826.335
-302.006
-1668.19
258.274
-4857.26
-962.869
-234.346
-189.836
-338.936
-338.981
-356.041
-433.228
-390.767
-561.843
-382.467
-818.65
-308.804
-1600.93
225.647
-4672.12
-963.382
-234.352
-190.022
-339.281
-339.32
-356.671
-433.306
-391.975
-558.925
-384.834
-795.243
-314.099
-1349.88
254.666
-4799.24
-963.87
-234.389
-190.234
-339.675
-339.768
-357.394
-433.724
-393.21
-558.514
-386.904
-798.86
-307.039
-1535.73
139.513
-4372.05
-964.381
-234.541
-190.513
-340.168
-340.453
-358.306
-434.572
-394.687
-557.53
-389.277
-788.958
-310.042
-1509.91
132.353
-4220.73
-964.856
-234.709
-190.793
-340.645
-341.202
-359.227
-435.894
-396.151
-557.965
-392.65
-776.551
-317.381
-1310.05
202.397
-4686.81
-965.33
-234.973
-191.132
-341.15
-342.066
-360.199
-437.945
-397.946
-561.418
-395.014
-780.8
-325.173
-1475.73
140.439
-4275.34
-965.743
-235.238
-191.449
-341.619
-342.982
-361.157
-440.464
-399.449
-566.406
-396.447
-778.491
-290.987
-1507.09
63.0258
-4268.09
-966.148
-235.608
-191.829
-342.18
-344.116
-362.24
-443.531
-400.991
-573.499
-398.307
-778.223
-307.086
-1186.59
260.39
-4756.23
-966.458
-235.92
-192.136
-342.658
-345.188
-363.23
-446.718
-402.328
-582.749
-398.625
-803.911
-270.533
-1372.62
457.726
-4620.07
-966.773
-236.353
-192.525
-343.257
-346.459
-364.375
-450.328
-403.983
-595.932
-398.831
-875.472
-284.976
-1664.6
334.756
-4717.51
-966.945
-236.605
-192.73
-343.603
-347.282
-365.122
-452.964
-405.106
-606.153
-398.761
-922.645
-287.165
-1991.55
246.46
-4306.93
-967.179
-237.04
-193.101
-344.179
-348.488
-366.283
-456.295
-406.975
-617.475
-399.234
-957.038
-266.042
-2022.44
323.207
-4195.2
-1061.24
-304.577
-217.35
-394.096
-400.253
-412.215
-509.534
-456.185
-664.049
-445.444
-937.519
-381.238
-1684.04
138.568
-9844.8
-1061.66
-304.552
-217.406
-394.287
-400.192
-412.498
-509.326
-456.665
-666.271
-443.898
-958.985
-365.022
-1906.14
-311.689
-7198.1
-1062.24
-304.405
-217.489
-394.551
-400.358
-412.936
-509.311
-457.623
-663.91
-445.161
-929.907
-332.218
-1894.79
364.707
-5895.93
-1062.81
-304.352
-217.659
-394.898
-400.57
-413.563
-509.744
-458.995
-668.404
-447.885
-973.983
-346.272
-2017.81
260.767
-5408.23
-1063.45
-304.406
-217.892
-395.369
-401.085
-414.475
-510.431
-460.722
-667.752
-450.694
-959.796
-345.598
-1890.28
345.403
-5680.67
-1064.09
-304.516
-218.168
-395.895
-401.748
-415.486
-511.718
-462.479
-671.544
-452.993
-983.302
-351.056
-2008.2
179.68
-5815.51
-1064.74
-304.751
-218.532
-396.529
-402.721
-416.726
-513.484
-464.404
-671.971
-455.373
-959.323
-361
-1605.57
431.2
-6348.28
-1065.36
-305.025
-218.913
-397.161
-403.831
-417.939
-515.998
-466.247
-676.614
-458.201
-964.418
-362.365
-1641.94
566.474
-6232.06
-1065.98
-305.417
-219.378
-397.867
-405.177
-419.195
-519.32
-468.293
-683.004
-459.401
-957.601
-332.039
-1921.92
317.864
-5626.18
-1066.52
-305.816
-219.823
-398.524
-406.613
-420.395
-523.458
-470.141
-693.553
-460.347
-959.881
-335.47
-1534.84
593.514
-6006.68
-1067.05
-306.333
-220.354
-399.285
-408.339
-421.789
-528.486
-472.223
-708.783
-461.76
-998.601
-291.009
-1862.43
724.088
-6019.02
-1067.46
-306.778
-220.782
-399.905
-409.933
-423.025
-533.697
-474.09
-728.578
-461.944
-1104.51
-302.331
-2314.39
310.214
-5972.33
-1067.86
-307.354
-221.324
-400.676
-411.797
-424.538
-539.354
-476.363
-748.783
-461.987
-1184.07
-306.225
-2510.91
135.641
-5366.52
-1068.09
-307.701
-221.609
-401.104
-412.976
-425.441
-543.269
-477.517
-761.917
-459.217
-1213.18
-290.876
-2407.16
319.281
-4988.61
-1068.38
-308.264
-222.13
-401.835
-414.707
-427.013
-548.324
-480.194
-777.859
-459.989
-1244.14
-244.952
-2301.35
520.583
-5020.53
-1134.27
-414.181
-265.268
-461.269
-499.628
-503.553
-632.547
-554.518
-806.198
-502.484
-1189.41
-314.951
-2876.7
1215.02
-9459.34
-1134.77
-414.323
-265.404
-461.757
-499.732
-504.652
-632.054
-556.668
-802.198
-504.032
-1163.32
-403.742
-2592.52
348.601
-8850.99
-1135.43
-414.279
-265.54
-462.25
-500.112
-505.682
-632.305
-558.701
-798.338
-502.564
-1115.85
-266.236
-2303.59
534.525
-7604.22
-1136.13
-414.398
-265.802
-462.921
-500.639
-507.152
-633.178
-562.119
-800.554
-512.414
-1128.22
-332.665
-2201.49
619.092
-7187.81
-1136.88
-414.622
-266.146
-463.69
-501.61
-508.845
-635.197
-565.769
-804.968
-520.704
-1142.86
-364.223
-2180.41
103.466
-8733.99
-1137.64
-414.94
-266.577
-464.535
-502.858
-510.653
-638.191
-569.593
-812.865
-529.472
-1150.61
-374.262
-1722.39
557.242
-9455.37
-1138.42
-415.379
-267.132
-465.468
-504.567
-512.623
-642.27
-573.219
-821.013
-534.621
-1156.2
-339.819
-1752.83
1152.29
-9271.2
-1139.17
-415.876
-267.742
-466.386
-506.566
-514.485
-647.829
-576.83
-837.457
-546.49
-1209.9
-422.138
-2147.52
590.873
-9000.05
-1139.9
-416.481
-268.476
-467.376
-508.968
-516.327
-654.643
-579.898
-855.804
-548.045
-1244.1
-363.736
-2497.55
254.908
-7497.2
-1140.56
-417.091
-269.197
-468.265
-511.502
-517.906
-662.625
-582.276
-882.12
-554.45
-1328.87
-451.052
-2327.53
686.341
-7947.71
-1141.18
-417.799
-270.032
-469.244
-514.384
-519.586
-671.528
-583.791
-910.175
-551.352
-1409.6
-408.298
-2903.3
122.361
-7502.94
-1141.67
-418.418
-270.723
-469.997
-516.966
-520.851
-680.023
-584.249
-939.013
-545.433
-1499.48
-380.187
-3042.19
50.3068
-6646.59
-1142.13
-419.144
-271.56
-470.924
-519.823
-522.448
-688.551
-584.857
-962.188
-536.562
-1518.05
-337.079
-2700.33
230.244
-5964.85
-1142.41
-419.601
-272.015
-471.396
-521.611
-523.184
-694.297
-583.869
-979.235
-524.319
-1555.23
-272.479
-2732.71
-276.408
-6093.29
-1142.72
-420.275
-272.807
-472.266
-524.097
-524.859
-701.18
-585.048
-994.592
-515.633
-1528.2
-260.274
-2010.36
-30.6699
-8047.44
-1253.26
-1776.3
-2297.38
-2975.29
-3865.32
-4955.36
-6503.56
-8320.63
-11186
-14153.4
-20847.3
-22407.6
-45030.6
-39236.9
-129662
-513.856
-673.673
-792.614
-1007.28
-1297.11
-1663.52
-2225.21
-2893.47
-4077.87
-5287.15
-8175.42
-11275.1
-13742.5
-23558.8
-17032.1
-348.801
-483.253
-607.572
-808.268
-1054.22
-1392.14
-1839.71
-2483.57
-3312.8
-4697.53
-6258.5
-9835.41
-11835.4
-23969
-2692.27
-534.727
-734.578
-926.41
-1196.09
-1537.54
-1992.17
-2600.97
-3443.54
-4562.72
-6082.92
-8005.17
-10333.7
-12621.5
-14424.8
-12373.3
-579.273
-785.759
-985.015
-1270.74
-1649.08
-2151.16
-2823.71
-3696.43
-4783.7
-6173.88
-7635.49
-9814.61
-10532.3
-14502
-11820.3
-573.002
-775.128
-959.98
-1226.02
-1571.65
-2013.29
-2617.13
-3411.35
-4426.86
-5619.17
-6833.55
-8406.27
-9102.09
-11951.9
-8669.15
-714.047
-950.772
-1186.14
-1541.4
-2014.91
-2658.23
-3540.2
-4534.6
-5599.9
-6672.96
-7753.61
-9266.99
-9917.64
-13358
-13327.6
-648.04
-845.096
-1033.11
-1345.33
-1733.84
-2212.96
-2870.51
-3616.83
-4532.39
-5350.25
-6337.74
-6656.81
-7030.71
-7441.86
-2704.53
-876.422
-1056.52
-1357.23
-1866.41
-2555.09
-3604.27
-4843.36
-5902.35
-6557.36
-7013.75
-7606.95
-8086.81
-9543.46
-19356.5
-18416.5
-692.219
-777.451
-957.88
-1396.96
-1834.19
-2244.23
-2910.25
-3767.05
-4707.07
-5042.78
-5131.76
-3015.39
-4503.98
405.671
-2372.94
-1003.32
-1195.87
-1966.26
-3302.86
-4896.17
-6345.97
-6871.61
-7724.21
-7788.33
-6340.85
-3655.15
-4322.82
-7538.84
959.767
-9925.69
-661.614
-427.475
-237.662
-1000.71
-1470.86
-2083.32
-2945.86
-2892.61
-3156.63
-2680.99
-3210.78
-3980.66
-2635.11
5870.24
-21065.2
-1328.85
-1594.99
-4664.92
-7152.39
-8634.9
-9700.74
-7990.47
-10721.5
-13298.1
-13202.4
-6956.51
-7423.39
-6383.26
-26387.3
-21733.9
3116
3058.45
766.062
-1641.7
1418.39
1193.08
2118.51
4053.28
5341.48
2273.93
2609.01
7277.11
8547.83
-7284.34
13896.3
-16788
-18667.7
-15496.2
-15141.3
-14049
-17102.2
-20754
-20695.7
-21837
-27852.2
-43302.7
-48619.1
-50272.2
-48946.6
-50814.5
-1253.81
-1777.18
-2298.85
-2977.68
-3868.65
-4959.71
-6509.32
-8328.02
-11192.5
-14160.7
-20824.7
-22426.4
-44784.8
-39060
-126412
-514.152
-674.197
-793.429
-1008.36
-1298.4
-1664.89
-2226.58
-2893.25
-4072.97
-5272.82
-8135.17
-11193.2
-13751.8
-22963.6
-17263.4
-348.943
-483.512
-607.963
-808.524
-1053.87
-1390.53
-1836.53
-2477.01
-3302.2
-4673.43
-6223.18
-9742.94
-11814.2
-23649.6
-4296.57
-535.359
-735.667
-928.12
-1197.7
-1538.83
-1993.39
-2601.93
-3439.65
-4550.55
-6047.09
-7930.68
-10179
-12397.6
-14193.9
-12329.5
-578.924
-785.35
-984.334
-1267.56
-1642.21
-2139.12
-2803.91
-3663.46
-4736.65
-6092.3
-7509.73
-9594.97
-10339.8
-14264.8
-11600.7
-574.288
-777.873
-963.47
-1225.09
-1568.24
-2010.54
-2612.2
-3393.28
-4390.28
-5532.24
-6682.47
-8137.69
-8876.99
-11687.5
-8127.26
-711.308
-946.139
-1175.46
-1516.98
-1982.08
-2610.02
-3460.83
-4424.34
-5474.77
-6502.36
-7521.99
-9122.34
-9925.04
-13756.8
-13308.2
-651.569
-852.367
-1033.37
-1322.06
-1714.4
-2198.85
-2845.73
-3576.19
-4477.16
-5251.13
-6288.51
-6895.39
-7339.52
-8065.45
-2829.48
-865.029
-1023.34
-1290.17
-1810.54
-2527.44
-3503.58
-4613.56
-5664.37
-6386.77
-6954.25
-7937.48
-8877.15
-10146.1
-20795.5
-20198.5
-698.966
-782.722
-928.563
-1235.57
-1537.38
-1961.65
-2724.08
-3686.47
-4741.45
-5218
-5644.28
-3826.53
-4714.5
1144
15911.2
-946.257
-1170.57
-1965.9
-3328.78
-4862.52
-6427.8
-6940.95
-7606.25
-7915.29
-6350.76
-4378.9
-4976.41
-8229.5
436.396
-32375.4
-654.925
-490.16
-73.129
-419.761
-1429.48
-2612.54
-3372.85
-3318.22
-3409.48
-3308.58
-3134.85
-4400.93
-3095.9
4307.7
-34147.1
-1722.45
-2032.23
-5363.38
-8591.06
-8833.55
-10072.9
-8325.3
-10696.2
-13715.4
-13500.1
-9950.56
-7735.61
-7146.93
-25987.2
-28951.9
2179.16
2396.26
-723.562
-2881.55
-224.98
487.889
1394.55
3270.56
3332.73
2549.16
651.12
3619.24
8304.36
-7260.74
10106.1
-16079.3
-17212.3
-13977.1
-12351.9
-14756.3
-17958.6
-21877
-22653.3
-21810.8
-25238.8
-37011.8
-47982.4
-50516.8
-46965.6
-46066
-1254.51
-1778.31
-2300.65
-2980.63
-3872.76
-4965.21
-6516.38
-8337.56
-11201.8
-14175.5
-20809.4
-22444.3
-44739.6
-38956
-126983
-514.238
-674.324
-793.501
-1008.29
-1297.97
-1663.79
-2224.53
-2888.91
-4065.01
-5258.4
-8109.96
-11123.6
-13687.6
-22851.5
-16407.7
-349.113
-483.754
-608.264
-808.728
-1053.51
-1389.11
-1833.78
-2471.62
-3294.61
-4657.21
-6201.93
-9685.2
-11769.6
-23545.5
-3868.56
-536.003
-736.658
-929.658
-1199.41
-1540.35
-1994.71
-2602.71
-3436.49
-4542.72
-6023.36
-7883.75
-10076.7
-12263.2
-14064.5
-11839.5
-579.208
-785.837
-985.003
-1266.85
-1638.75
-2131.88
-2791.04
-3641.4
-4707.11
-6037.74
-7430.12
-9451.56
-10243
-14265.3
-11560
-575.494
-780.043
-966.994
-1226.87
-1568.05
-2010.08
-2609.35
-3380.22
-4367.85
-5472.23
-6591.27
-7957.25
-8791.6
-11626.2
-7796.81
-710.907
-946.537
-1175.22
-1508.72
-1966.63
-2585.79
-3415.43
-4355.56
-5401.55
-6388.79
-7394.27
-9114.48
-10186.1
-14263.1
-14249.5
-654.293
-858.863
-1042.52
-1319.28
-1700.64
-2187.49
-2825.29
-3544.04
-4445.91
-5179.76
-6397.52
-7300.37
-7792.33
-7835.86
-2060.15
-862.84
-1032
-1288.46
-1773.45
-2493.53
-3477.62
-4575.82
-5596.82
-6348.59
-7102.33
-8517.07
-9698.7
-10929
-20203.4
-18733.8
-707.755
-830.776
-981.695
-1251.24
-1558.31
-1979.17
-2722.26
-3684.19
-4766.46
-5492.09
-6319.22
-4590.13
-5441.25
1575.25
18348.1
-1008.41
-1190.62
-1898.54
-3193.73
-4615.94
-6255.39
-6900.23
-7657.76
-8251.77
-7306.52
-5975.04
-5616.21
-7474.04
-2446.4
-32746.2
-654.316
-608.282
-318.718
-470.963
-1446.84
-2685.92
-3560.3
-3637.57
-3646.1
-4384.67
-4280.36
-5093.84
-2605.69
2072.25
-24682.2
-2426.84
-1933.54
-5208.43
-9687.24
-10113.3
-10955
-9870.97
-11319
-13002.8
-13381
-12806.9
-8034.46
-6825.17
-25914.6
-21466.9
1313.95
1817.88
-242.394
-2399.16
119.646
844.401
1275.64
2196.48
3283.26
1856.7
75.5191
3920.64
9773.73
-7827.33
17431.1
-13594.3
-16932.4
-14912.5
-12144.7
-15693.2
-18550.9
-21546.5
-23166.6
-22632.3
-26785.6
-35114
-47339.8
-50237.6
-48056.2
-45907.5
-1255.29
-1779.58
-2302.72
-2984.08
-3877.64
-4971.88
-6524.77
-8348.94
-11212.2
-14190.7
-20792.3
-22455.8
-44619.6
-38892.4
-126607
-514.53
-674.84
-794.213
-1009.17
-1298.86
-1664.44
-2224.77
-2886.73
-4057.68
-5240.32
-8076.38
-11032.6
-13608
-22571.6
-15526.9
-349.43
-484.287
-609.028
-809.56
-1053.83
-1388.3
-1831.39
-2465.97
-3285.33
-4633.36
-6165.75
-9586.77
-11709.3
-23225.3
-3721.81
-536.852
-738.101
-931.983
-1202.22
-1543.13
-1997.5
-2605.16
-3434
-4532.44
-5986.04
-7805.87
-9912.73
-12038.2
-13741.4
-11492.9
-579.514
-786.432
-985.877
-1266.03
-1633.86
-2121.26
-2772.22
-3609.41
-4659.86
-5945.76
-7286.27
-9177.07
-9994.7
-14087.4
-11374.3
-577.189
-783.226
-972.265
-1230.48
-1568.39
-2009.29
-2605.71
-3364.43
-4333.87
-5370.76
-6418.13
-7609.63
-8558.43
-11374.2
-7183.05
-710.336
-946.117
-1172.84
-1494.35
-1934.83
-2535.65
-3340.54
-4256.89
-5274.62
-6173.72
-7135.18
-8957.9
-10438.5
-14876.9
-14877.3
-658.124
-867.142
-1054.04
-1316.69
-1684.57
-2170.14
-2797.28
-3501.96
-4385.31
-5019.28
-6512.41
-7842.91
-8440.95
-7325.24
-631.041
-857.651
-1031.33
-1264.07
-1697.52
-2364.29
-3308.08
-4412.8
-5465.94
-6240.94
-7318.63
-9297.82
-10833.7
-12347.6
-19741.5
-18718
-710.325
-858.189
-1002.59
-1246.07
-1523.9
-1960.07
-2633.7
-3624.34
-4836.75
-6023.71
-7175.93
-5551.05
-6860.26
1263.64
16527.5
-985.561
-1181.28
-1703.89
-2872.72
-4369.42
-6217.46
-7353.46
-8042
-8610.93
-8111.01
-6795.46
-5873.23
-7660.92
-3851.7
-25327.5
-559.01
-736.975
-383.221
-436.953
-1449.35
-2851.98
-4075.24
-4390.87
-4588.83
-4826.63
-3934.4
-4994.76
-3025.34
1101.43
-12167.5
-2702.68
-2019.45
-4472.53
-11567.1
-12512.9
-12820.3
-12095.3
-12379.9
-13036.8
-12177.3
-9181.33
-8396.28
-7934.88
-24046.9
-16092
965.356
1521.61
1100.12
-2833.01
645.104
209.517
384.084
1622.84
2412.65
894.536
2586.97
6745.18
9799.7
-8627.74
20172.6
-13110.8
-16634.5
-16008.4
-13927.2
-16130.6
-19170.2
-21780.4
-24432.6
-26227.3
-33234.4
-42511.6
-45591.8
-49400.1
-47342.9
-43431.5
-1256.14
-1780.98
-2304.91
-2987.73
-3882.85
-4979.12
-6533.42
-8361.19
-11224.6
-14211.6
-20776
-22485.4
-44551.9
-38794.1
-126381
-514.915
-675.5
-795.104
-1010.3
-1300.02
-1665.42
-2225.26
-2884.67
-4050.64
-5224.02
-8048.23
-10947.5
-13563.4
-22446.3
-15328.7
-349.869
-485.004
-610
-810.724
-1054.63
-1388.21
-1829.78
-2461.38
-3278.27
-4614.66
-6137.08
-9499.83
-11663.6
-23022.2
-3856.48
-537.796
-739.702
-934.536
-1205.67
-1546.96
-2001.72
-2608.94
-3433.46
-4526.22
-5956.67
-7741.61
-9770.26
-11869.5
-13510.1
-11261.5
-580.531
-788.16
-988.312
-1267.86
-1632.52
-2114.89
-2757.8
-3583.99
-4622.17
-5863.48
-7147.32
-8882.61
-9733.51
-13978.8
-11215.6
-579.098
-786.709
-978.226
-1237
-1573.56
-2014.05
-2606.96
-3355
-4308.07
-5281.86
-6226.02
-7256.22
-8352.6
-10973.7
-6420.49
-712.193
-950.153
-1177.66
-1492.82
-1916.8
-2491.57
-3261.31
-4163.61
-5161.33
-5920.02
-6785.42
-8697.28
-10680
-15232.2
-15306.4
-661.662
-876.404
-1070.8
-1328.19
-1683.75
-2170.69
-2787.82
-3486.45
-4316.67
-4821.53
-6694.77
-8228.81
-9127.77
-6193.28
829.261
-862.846
-1052.18
-1274.03
-1657.04
-2257.39
-3114.41
-4149.49
-5293.64
-6291.2
-7747.93
-10266.5
-11705.4
-13731.4
-18902.2
-18258.7
-712.975
-913.955
-1074.67
-1341.12
-1653.12
-2110.72
-2714.89
-3561.38
-4845.99
-6539.89
-8096.15
-6345.35
-8534.35
310.661
13311.3
-1043.54
-1222.71
-1604.24
-2507.97
-3879.44
-5619.13
-7064.25
-8883.09
-10159.2
-9696.06
-7077.14
-6254.69
-8452.56
-4080.41
-19195.6
-638.458
-868.261
-764.141
-1020.4
-2244.45
-3717.56
-4759.72
-5396.3
-5733.32
-4261.54
-3115.68
-4920.15
-3600.16
989.817
-3147.39
-1913.89
-2075.12
-3314.57
-9057.88
-13958.6
-13173.4
-13363.3
-13540.7
-12091.5
-8686.6
-7110.86
-8861.34
-8603.8
-21450.8
-16893.1
1688.95
2643.41
2677.91
-523.82
1613.04
827.622
1655.48
1359.61
2531.97
4893.22
7163.04
6446.32
9504.55
-10502.5
21175
-15198
-16352.8
-16161.5
-18030.4
-16802.9
-22613.3
-24913.3
-26309.4
-31867.5
-37994.2
-42134
-44778
-49157.3
-46937.1
-40326
-1257.01
-1782.46
-2307.23
-2991.64
-3888.54
-4987.42
-6543.16
-8374.91
-11238.6
-14237.6
-20769.6
-22523.9
-44474.8
-38712.9
-126227
-515.42
-676.385
-796.367
-1012.04
-1302.04
-1667.67
-2227.42
-2885.04
-4045.49
-5210.55
-8015.15
-10866.7
-13499.2
-22355.1
-14833
-350.448
-485.973
-611.342
-812.433
-1056.19
-1389.18
-1829.34
-2458.02
-3272.25
-4596.96
-6107.13
-9405.88
-11618.5
-22821.5
-3941.1
-538.825
-741.531
-937.517
-1209.95
-1552.08
-2007.88
-2615.09
-3436.19
-4523.06
-5927.5
-7670.08
-9618.46
-11685.7
-13268.1
-11030.6
-581.938
-790.576
-991.862
-1271.54
-1633.78
-2111.69
-2745.69
-3560.22
-4581.94
-5768.76
-6972.8
-8535.75
-9405.66
-13820.9
-11060.1
-581.105
-790.417
-984.91
-1245.57
-1581.56
-2022.31
-2611.2
-3350.75
-4283.03
-5176.31
-5952.69
-6882.9
-8090.66
-10329.6
-5670.99
-715.167
-955.811
-1186.25
-1498.15
-1909.87
-2460.9
-3189.67
-4065.6
-5002.82
-5483.16
-6304.64
-8232.84
-10733.3
-15346.2
-15643.5
-665.574
-884.291
-1088.53
-1348.78
-1693.73
-2182.68
-2798.32
-3498.72
-4169.83
-4596.26
-6691.99
-8112.6
-9560.66
-5003.4
1572.8
-867.437
-1070.55
-1306.23
-1642.97
-2164.15
-2940.07
-3854.2
-4892.17
-5799.85
-7676.31
-10817.1
-12015.8
-14612.4
-18561.8
-18368.1
-720.177
-933.673
-1133.9
-1370.27
-1704.9
-2206.6
-2851.92
-3630.63
-4930.83
-7360.26
-9170.87
-7070.84
-10135.3
-1461.76
6451.36
-1041.09
-1210.48
-1537.02
-2058.38
-3205.24
-4769.54
-6002.34
-7541.43
-9534.39
-10616
-8148.12
-7027.56
-9476.92
-3407.12
-16064.7
-598.845
-805.011
-940.786
-1119.06
-2492.93
-3716.86
-4327.39
-4959.01
-5198.58
-4407.53
-3664.68
-4918.55
-4436.23
1117.42
1281.16
-1828.2
-2112.69
-3272.4
-6766.46
-11388.6
-11028.5
-11517.8
-13190.3
-12208.1
-9085.92
-7821.42
-9259.64
-9059.13
-18666
-22848.5
3047.4
3259.47
2871.91
2016.21
2636.1
2421.65
2947.77
3607.9
5565.31
6828.43
6895.32
6338.04
9623.43
-7859.82
24235.9
-14888.4
-15931.9
-16198.5
-17627.8
-19620.5
-24924.6
-28193.2
-30577.2
-33942
-38948.9
-42982
-44883.3
-48198.3
-45326.2
-37919
-1257.91
-1784.02
-2309.65
-2995.64
-3894.38
-4996.28
-6553.58
-8389.28
-11254.1
-14266.1
-20782.1
-22570.2
-44424.7
-38671
-126302
-516.043
-677.465
-797.922
-1014.27
-1304.72
-1670.92
-2230.91
-2887.87
-4043.42
-5202.67
-7984.08
-10812.5
-13465.7
-22368.8
-14357.8
-351.2
-487.211
-613.053
-814.678
-1058.53
-1391.54
-1830.86
-2457.71
-3270.22
-4587.51
-6091.57
-9354.45
-11614.4
-22734.2
-4061.45
-539.936
-743.552
-940.779
-1214.8
-1558.24
-2015.92
-2623.9
-3444.05
-4527.34
-5913.01
-7624.96
-9530.34
-11574.9
-13160.1
-10880.1
-584.046
-794.145
-996.976
-1277.65
-1639.04
-2115.56
-2743.83
-3551.68
-4559.35
-5704.13
-6841.87
-8320.2
-9204.18
-13776.3
-11026.1
-583.286
-794.487
-991.688
-1254.77
-1591.77
-2034.85
-2622.5
-3357.99
-4273.26
-5081.34
-5764.6
-6707.25
-7881.92
-9651.64
-5166.44
-720.237
-964.447
-1197.86
-1509.28
-1917.37
-2463.75
-3168.92
-4016.1
-4861.52
-5097.17
-5865.13
-7685.47
-10386.6
-15041.8
-15900
-669.54
-891.646
-1100.11
-1367.96
-1711.18
-2202.7
-2812.4
-3490.78
-3981.32
-4375.45
-6148.56
-7260.56
-9161.06
-3763.9
1158.1
-876.395
-1084.01
-1329.54
-1655.65
-2115.62
-2815.06
-3598.3
-4551.87
-5195.98
-6958.33
-10039.7
-11309.6
-14203.8
-18302.3
-18995
-726.667
-945.327
-1142.49
-1397.14
-1721.94
-2287.33
-3076.84
-3846.18
-4913.78
-7253.26
-9132.4
-7274.97
-10714.7
-3738.99
-3055.86
-1062.94
-1241.82
-1519
-2008.4
-2904.17
-4417.86
-5689.02
-6902.78
-8426.09
-9759.7
-8129.8
-7354.48
-10205.2
-2964.75
-17539.8
-630.665
-789.581
-969.996
-1625.71
-2852.88
-3821.11
-3579.49
-3326.19
-3431.03
-3239.87
-3096.11
-4472.95
-5059.43
687.206
-383.009
-2139.9
-2191.22
-3491.06
-6377.3
-8003.58
-7566.08
-7635.7
-8883.96
-10206.6
-9954.52
-9032.65
-9863.59
-9885.99
-15888.2
-30712.6
3343.4
3659.55
3269.51
2584.42
3667
3856.19
3923.82
3745.89
4314.63
4530.88
6603.59
6397.04
8992.14
-600.03
21054
-14439.6
-15861.5
-15851.8
-16232.7
-18903
-24049.1
-28090.3
-32828.6
-38015.8
-43724.2
-44687.9
-44856.8
-47131.2
-42737.7
-38651.7
-1258.79
-1785.57
-2312.1
-2999.67
-3900.23
-5005.48
-6564.64
-8404.3
-11270.8
-14293
-20799.9
-22631.9
-44368.5
-38657.1
-126494
-516.733
-678.686
-799.722
-1016.96
-1308.11
-1675.28
-2235.78
-2893.42
-4045.49
-5200.23
-7949.54
-10784.3
-13454.4
-22422.9
-13915.1
-352.056
-488.64
-615.068
-817.391
-1061.54
-1394.95
-1833.87
-2459.7
-3270.42
-4584.4
-6080.83
-9335.15
-11635.4
-22696.8
-4158.59
-541.011
-745.629
-944.25
-1220.16
-1565.23
-2025.36
-2634.52
-3455.52
-4535.57
-5909.53
-7593.62
-9489.26
-11511.7
-13111.1
-10797.9
-586.622
-798.61
-1003.55
-1285.96
-1647.32
-2123.7
-2747.57
-3552.28
-4545.18
-5665.57
-6755.48
-8262.02
-9135.71
-13777.7
-11171.3
-585.145
-798.652
-999.207
-1265.37
-1604.09
-2049.93
-2636.89
-3371.67
-4272.34
-5010.74
-5660.71
-6709.13
-7815.25
-9313.09
-5206.22
-727.314
-977.456
-1216.35
-1528.89
-1933.61
-2477.72
-3166.05
-3994.67
-4714.13
-4857.97
-5613.64
-7540.13
-10057.3
-14826.3
-16303.3
-671.99
-901.05
-1116.58
-1388.35
-1732.29
-2223.06
-2819.05
-3455.83
-3853.5
-4306.14
-5716.1
-6864.77
-8517.05
-3641.17
-452.938
-896.744
-1124.98
-1373.99
-1688.31
-2119.7
-2772.35
-3498.61
-4401.18
-5120.34
-6944.34
-9245.07
-10847.8
-13243.5
-18801.6
-20584.7
-728.34
-971.383
-1170.56
-1445.7
-1778.1
-2412.36
-3378.2
-4338.73
-5687.28
-7446.6
-8361.09
-7353.03
-10369.1
-7126.95
-10618.6
-1152.34
-1351.34
-1639.37
-2223.91
-3145.6
-4713.41
-5879.91
-6980.29
-8052.06
-8449.18
-7412.77
-7513.02
-10436.7
-3762.39
-22050.7
-660.949
-777.548
-997.084
-1852.49
-2928.88
-3527.26
-2556.35
-1998.4
-1034.53
-539.626
-1313.27
-3336.44
-4951.47
0.449417
-5689.09
-2205.21
-2604.74
-5202.06
-8303.93
-6970.08
-5015.88
-5921.77
-9038.02
-12154.3
-11647.1
-10233.2
-11529.4
-10759
-12910.7
-33110.6
3086.61
3830.14
2512.87
-159.743
-400.095
-598.721
-772.149
2405.48
2053.41
311.353
-1081.67
2607.83
7329.9
2604.01
10172.5
-14640.1
-15588
-15555
-17128.9
-21647
-27115.6
-31243.6
-33984.3
-36626.8
-43210.2
-47668.3
-45471
-46141.4
-41150
-43262.1
-1259.65
-1787.1
-2314.55
-3003.69
-3905.98
-5014.76
-6576.45
-8419.98
-11287.4
-14319.6
-20826.6
-22689
-44390.4
-38687
-126853
-517.533
-680.087
-801.805
-1020.14
-1312.28
-1680.81
-2242.28
-2902.08
-4053.04
-5206.15
-7933.43
-10789.1
-13449.3
-22573.9
-13653.5
-353.081
-490.32
-617.447
-820.657
-1065.39
-1399.74
-1839.21
-2465.93
-3276.05
-4593.89
-6092.75
-9373.83
-11711.8
-22808.6
-4275.04
-542.15
-747.85
-947.998
-1226.08
-1573.24
-2036.5
-2647.63
-3472.24
-4550.99
-5932.85
-7614.2
-9559.94
-11595.8
-13217
-10833.8
-589.819
-804.106
-1011.71
-1296.74
-1659.37
-2137.67
-2760.65
-3569.53
-4560.89
-5702.62
-6814.9
-8464.4
-9315.83
-13923.7
-11406.7
-586.858
-802.938
-1007.2
-1277.24
-1618.85
-2069.44
-2658.44
-3400.01
-4295.98
-5096.99
-5793.1
-6939.84
-7926.24
-9504.65
-5527.5
-736.263
-993.638
-1240.29
-1556.99
-1961.63
-2508.45
-3192.92
-4031.72
-4782.15
-5037.68
-5771.4
-7677.3
-9740.73
-14774.6
-16297.3
-673.554
-909.728
-1133.98
-1408.9
-1757.91
-2264.57
-2868.21
-3525.85
-3978.07
-4627.06
-5677.39
-6745.74
-8002.14
-4761.65
-2054.63
-921.925
-1173.91
-1440.64
-1760.13
-2211.26
-2886.98
-3594.12
-4586.53
-5767.42
-7719.23
-9117.9
-10785.7
-12356.5
-20623.3
-22449.2
-723.658
-980.269
-1214.35
-1538.41
-1917.91
-2594.86
-3666.65
-4898.67
-6509.75
-7861.41
-7870.99
-7450.12
-9645.6
-11675.3
-12214.6
-1221.05
-1512.66
-2051.04
-2738.83
-3715.49
-5282.1
-6169.83
-7141.74
-8319.06
-8602.29
-7414.61
-8307.49
-10783.6
-5798.07
-26511
-607.758
-630.554
-1116.27
-1867.48
-2622.83
-3082.83
-2002.82
-2131.42
-1422.97
-238.315
-110.56
-2572.18
-5192.33
-555.121
-10213.2
-2378.1
-3751.8
-8158.53
-10238.9
-9413.57
-7161.71
-6179.48
-8239.14
-14084.4
-12939
-14877
-15236.7
-13860.4
-8911.36
-28485.4
2466.01
3280.31
544.83
-770.587
-1528.18
-1783.82
-2516.03
-1547.88
1305.01
-517.904
-4308.56
-6097.9
72.9849
-579.619
2008.71
-13594.7
-14978
-14432.5
-12851.2
-15425.4
-21177.2
-27604.1
-35510.7
-33625
-38358.6
-38034.5
-42232.2
-46851.6
-41331.4
-46310.4
-1260.44
-1788.52
-2316.83
-3007.45
-3911.23
-5023.31
-6588.12
-8436.3
-11302.6
-14343.8
-20857.8
-22737.5
-44469.6
-38748.6
-127263
-518.336
-681.53
-803.981
-1023.54
-1316.82
-1686.98
-2249.38
-2912.13
-4062.93
-5218.53
-7934.22
-10811.6
-13416.4
-22737.3
-13436.7
-354.122
-492.041
-619.899
-824.044
-1069.42
-1404.77
-1845.2
-2474.15
-3284.41
-4608.11
-6114.03
-9426.14
-11785.9
-22942.3
-4322.13
-543.159
-749.942
-951.625
-1231.91
-1581.27
-2047.77
-2661.09
-3490.14
-4567.97
-5964.18
-7650.17
-9636.59
-11669.7
-13309.6
-10895.4
-593.288
-810.068
-1020.55
-1308.51
-1673.08
-2153.97
-2777.49
-3592.76
-4587.67
-5765.31
-6887.36
-8641.44
-9451.17
-14042.1
-11605.3
-588.212
-806.953
-1014.95
-1289.16
-1634.3
-2089.36
-2680.55
-3428.71
-4317.06
-5188.94
-5900.87
-7133.71
-8019.48
-9894.17
-6049.61
-747.135
-1012.83
-1268.41
-1591.11
-1997.94
-2545.97
-3228.67
-4082.09
-4901.84
-5291.35
-5964.04
-7984.4
-9526.88
-14894.1
-16174.5
-673.854
-917.252
-1150.33
-1430.88
-1781.56
-2290.62
-2904.48
-3590.48
-4043.04
-4916.44
-5986.03
-7201.75
-7717.97
-6412.99
-3475.96
-958.094
-1237.61
-1533.14
-1861.4
-2315.89
-3002.62
-3704.89
-4747.54
-6279.29
-8814.26
-10077.7
-11582.3
-11774.9
-22237.5
-23781.5
-709.733
-979.052
-1232.22
-1553.6
-1939.86
-2673.89
-3744.75
-4967.76
-6798.19
-8558.81
-8394.34
-7859.46
-9031.14
-14432.3
-6698.89
-1302.01
-1821.57
-2437.27
-3032.69
-3953.32
-5468.29
-5806.65
-6802.49
-8328.03
-9584.15
-9023.25
-9650.17
-10991.9
-6455.67
-26463.9
-427.673
-534.58
-953.322
-1416.2
-2496.13
-3266.18
-1901.27
-1934.99
-1792.66
-1386.92
-309.442
-1219.71
-4384.81
-1054.74
-12406.5
-2936.21
-6355.21
-9344.61
-8515.9
-7622.66
-8826.79
-11095.4
-11215.2
-13683.9
-13883.5
-12921.4
-14155.5
-14298
-3900.7
-29137.8
2480.47
1968.34
-540.712
-620.595
-919.617
-2450.87
-3333.76
-1606.57
448.312
-1711.6
-1799.04
-6305.2
-6337.83
-5991.95
-8707.54
-13722.1
-14313.2
-11614.2
-11626.1
-17386.8
-21869.9
-25023.2
-32173.9
-34003.3
-34138.3
-29819.5
-34120.3
-43778.5
-44967.6
-43075.5
-1261.18
-1789.86
-2319.01
-3011.08
-3916.27
-5031.1
-6599.21
-8453.74
-11320.7
-14367.3
-20890.5
-22791.9
-44559.3
-38860.2
-127791
-519.23
-683.113
-806.393
-1027.36
-1322.15
-1694.45
-2258.14
-2924.43
-4077.7
-5240.55
-7954.45
-10865.7
-13439.5
-22938.9
-13389.3
-355.307
-493.962
-622.652
-827.894
-1074.25
-1410.91
-1852.78
-2485.6
-3299.06
-4633.98
-6153.4
-9516.75
-11914
-23177.6
-4421.18
-544.26
-752.187
-955.539
-1238.26
-1590.22
-2060.33
-2676.4
-3511.64
-4591.63
-6013.25
-7721.96
-9776.45
-11830.1
-13489.2
-11101.3
-597.243
-816.797
-1030.54
-1321.88
-1689.33
-2173.92
-2800.45
-3625.58
-4633.94
-5870.82
-7033.07
-8924.98
-9700.06
-14242.8
-11945.9
-589.591
-811.171
-1023.44
-1302.66
-1652.51
-2112.19
-2705.8
-3462.34
-4355.64
-5323.76
-6087.34
-7442.26
-8256.54
-10409.9
-6932.88
-759.682
-1035.44
-1300.83
-1629.32
-2039.51
-2588.17
-3272.05
-4135.55
-5071.09
-5684.56
-6326.24
-8481.94
-9553.53
-14938.4
-15959.4
-672.571
-923.857
-1168.04
-1457.36
-1811.87
-2312.91
-2923.76
-3636.71
-4199.15
-5161.35
-6420.35
-7893.28
-7886.09
-8116.69
-5186.78
-1006.71
-1333.47
-1655.22
-1970.04
-2412.64
-3075.91
-3753.38
-4810.31
-6517.88
-9564.99
-11047.3
-12609.9
-12023.1
-22208.4
-22928.8
-696.703
-983.932
-1254.72
-1577.47
-1978.89
-2624.89
-3524.09
-4591.45
-6570.45
-8770.24
-8612.34
-8231.4
-9142.07
-14464.3
1417.59
-1552.46
-2283.71
-2807.29
-3140.56
-4113.4
-4982.02
-4743.04
-5985.55
-8231.65
-10434.8
-10551
-11543.8
-11289.8
-6607.79
-25097.7
-331.913
-600.567
-957.519
-1782.28
-2954.97
-3346.76
-2471.56
-2432.49
-2545.48
-2621.41
-1345.43
-2924.58
-3577.58
-3512.69
-13474
-4686.51
-7449.99
-7675.9
-7549.47
-8156.28
-6714.87
-10106
-17809
-17807.4
-16368.3
-14400.7
-13577.7
-13014.2
-1268.35
-33169.5
1078.88
735.551
-33.8269
-855.522
-3837.22
-3263.03
-296.058
93.7712
-751.769
-4577.13
-3711.98
-4504.65
-6833.54
-16193.2
-13647.9
-11670.7
-11960.2
-10531.1
-13445.5
-23274.8
-31505.5
-33506.8
-29576.9
-34291.1
-36750.6
-29217.8
-31055.5
-38851.4
-50892.9
-39222.5
-1261.79
-1790.96
-2320.83
-3014.14
-3920.53
-5037.39
-6607.69
-8468.23
-11337.2
-14389.1
-20919.8
-22832.3
-44629.5
-38991.1
-128286
-520.023
-684.549
-808.595
-1030.85
-1327.07
-1701.56
-2266.37
-2935.71
-4090.44
-5262.11
-7977.98
-10933
-13467
-23083.7
-13294.9
-356.321
-495.616
-625.005
-831.152
-1078.32
-1416.02
-1858.86
-2494.97
-3311.69
-4658.14
-6193.41
-9601.19
-12031.8
-23383.3
-4477.74
-545.099
-754.027
-958.822
-1243.61
-1597.8
-2070.88
-2689.12
-3529.69
-4611.37
-6057.29
-7794.46
-9906.01
-11967.7
-13605.3
-11334
-600.839
-822.847
-1039.27
-1333.24
-1703.03
-2190.41
-2819.49
-3652.74
-4671.54
-5967.61
-7179.45
-9189.48
-9903.5
-14368.8
-12297
-590.6
-814.645
-1030.37
-1313.69
-1667.67
-2130.57
-2725.49
-3488.39
-4382.23
-5431.63
-6265.54
-7672.6
-8423.64
-10813
-7852.81
-771.732
-1056.05
-1327.83
-1659.11
-2070.72
-2616.73
-3299.98
-4166.83
-5158.1
-6065.99
-6647.42
-8847.01
-9601.15
-14762.7
-15825.3
-670.656
-927.613
-1177.61
-1476.05
-1836.33
-2324.75
-2930.52
-3650.26
-4292.44
-5258.69
-6595.47
-8238.61
-8120.42
-9283.43
-6003.04
-1048.88
-1408.83
-1738.3
-2053.22
-2463.24
-3064.72
-3717.74
-4694.75
-6302.11
-9461.74
-11422.1
-13120.1
-12375.7
-20812.9
-20697.3
-682.884
-982.493
-1250.04
-1597.72
-1975.01
-2556.87
-3330.96
-4160.98
-5950.05
-8579.5
-8920.56
-8831.31
-9136.43
-13258
9329.05
-1656.97
-2366.33
-2675.05
-3171.98
-3707.78
-4013.15
-3852.27
-5463.66
-8174.42
-10755.3
-11033.3
-12254.8
-11249.8
-7222.84
-18420.7
-89.077
-363.747
-908.73
-2109
-2281.48
-2262.61
-1941.28
-2683.48
-3415.89
-3874.92
-1869.04
-4224.06
-3660.4
-7817.04
-16055
-5010.04
-6650.36
-7122.43
-7351.58
-6465.96
-5265.11
-5753.07
-12732
-15069.6
-14533.1
-16534.4
-16293.8
-11487.3
-3140.28
-39604.9
502.754
333.013
-184.3
-2002.41
-3135.92
2392.32
5966.68
1829.34
3788.47
-2263.34
-4430
-5250.57
-7321.8
-27812.4
-6402.24
-9516.57
-10750.3
-10630.7
-17496.7
-28650.8
-31086.1
-34452.6
-40283.1
-42097
-51607.8
-35091.4
-33146.1
-44816.5
-55726.1
-35121.8
-1262.37
-1791.98
-2322.51
-3016.99
-3924.69
-5043.47
-6615.77
-8481.74
-11354.9
-14414.4
-20960.4
-22862.3
-44719.2
-39197.2
-128954
-520.916
-686.123
-811.034
-1034.72
-1332.68
-1709.92
-2277
-2950.51
-4108.46
-5290.08
-8023.98
-11036.7
-13527.4
-23216.7
-13359
-357.504
-497.499
-627.715
-834.975
-1083.4
-1422.68
-1867.32
-2507.6
-3329.72
-4691.46
-6251.78
-9725.02
-12192.9
-23727.2
-4651.63
-546.151
-756.132
-962.509
-1249.6
-1606.49
-2083.03
-2704.4
-3551.88
-4639.13
-6112.66
-7897.29
-10087.8
-12196.9
-13797.2
-11659.7
-604.776
-829.383
-1048.85
-1345.97
-1719.01
-2210.42
-2844.55
-3689.96
-4723.52
-6082.85
-7377.74
-9533.12
-10223.1
-14652
-12762.5
-592.049
-818.575
-1038.24
-1326.53
-1685.66
-2152.49
-2749.99
-3522.62
-4427.94
-5549.12
-6516.66
-8042
-8741.76
-11265.9
-8624.05
-783.943
-1076.92
-1356.33
-1689.89
-2100.62
-2643.74
-3333.86
-4222.45
-5243.95
-6410.26
-7118.85
-9301.58
-9844.8
-14441.8
-15252.6
-669.207
-930.989
-1188.17
-1496.29
-1864.52
-2348.61
-2948.66
-3672.7
-4383.73
-5369.56
-6698.19
-8559.87
-8623.64
-9957.14
-6458.87
-1088.3
-1485.54
-1838.57
-2119.37
-2454.23
-2983.22
-3675.44
-4650.48
-6056.32
-8824.12
-11036.2
-13355.9
-12959.9
-18072.8
-15138.6
-666.881
-978.997
-1271
-1631.47
-1963.76
-2493.18
-3229.79
-3990.53
-5400.54
-7867.88
-8956.17
-9975.56
-9861.33
-11365.9
10911.8
-1794.59
-2588.84
-3069.69
-3022.24
-3052.2
-3335.31
-3766.72
-5493.28
-8332.86
-10257.4
-10134.6
-12858.6
-10761
-8570.93
-19075.6
-172.338
-480.815
-1152.08
-1909.08
-1578.76
-1864.45
-2446.51
-2538.48
-1966.84
-3244.15
-1966.88
-5163.05
-3324.65
-12567.3
-14190
-4226.71
-6648.87
-6308.91
-5749.35
-4366.59
-4512.4
-4993.87
-8953.93
-13335.5
-13169.9
-17567.4
-17578.6
-11174.5
-5305.26
-35669.5
767.265
436.785
-341.968
-2391.63
-734.504
4346.93
6622.56
6825.29
9042.41
6038.43
-3415.87
-3546.24
-10847.6
-38569.8
14034.8
-9296
-9992.8
-11855.5
-22629.6
-32393.9
-33252.9
-35619.2
-41965.8
-42021.7
-56265.6
-47720
-47270.7
-65534.3
-66911.2
-36095.9
-1262.72
-1792.6
-2323.54
-3018.77
-3927.3
-5047.26
-6620.37
-8489.36
-11364.6
-14430.3
-20989
-22875.7
-44765.1
-39340.4
-129340
-521.503
-687.195
-812.695
-1037.32
-1336.35
-1715.4
-2283.76
-2960.11
-4119
-5307.58
-8051.46
-11110.9
-13530.6
-23368.5
-13119.7
-358.189
-498.595
-629.246
-837.052
-1086.06
-1426.07
-1871.4
-2513.77
-3338.8
-4709.82
-6287.38
-9792.44
-12290.6
-23910.5
-4703.79
-546.683
-757.334
-964.695
-1253.13
-1611.48
-2089.93
-2712.82
-3564.22
-4654.5
-6144.77
-7960.42
-10197.6
-12320.9
-13853.7
-11884.6
-607.325
-833.534
-1054.61
-1352.99
-1727.34
-2220.56
-2856.91
-3709.04
-4750.8
-6147.33
-7494.63
-9730.41
-10369.9
-14772
-13068.5
-592.662
-820.779
-1042.81
-1333.36
-1694.62
-2163.19
-2761.78
-3539.49
-4453.19
-5617.64
-6649.52
-8237.16
-8858.64
-11443
-9236.5
-792.966
-1091.13
-1371.42
-1700.49
-2109.15
-2652.53
-3346.69
-4247.63
-5290.27
-6559.01
-7423.53
-9520.6
-9870.86
-13966
-15134.9
-665.869
-929.586
-1192.34
-1502.96
-1874.32
-2357.74
-2955.69
-3684.45
-4447.24
-5470.07
-6561.39
-8296.89
-8777.94
-10060.1
-5552.12
-1126.6
-1543.81
-1854.6
-2067.45
-2394.44
-2946.32
-3669.33
-4658.1
-5980.08
-8031.05
-9767.26
-12381.7
-13305.4
-15186.3
-11365.3
-630.733
-939.132
-1254.54
-1608.12
-1982.44
-2554.49
-3221.04
-3883.91
-5106.1
-6980.13
-8246.74
-9986.8
-10652
-9416.56
13612
-2043.49
-2947.8
-2952.44
-2554.79
-2621.49
-3143.4
-3926.99
-5811.55
-8845.55
-9974.99
-9169.86
-12763.7
-10484
-10521
-10956.4
-226.592
-677.359
-1200.11
-1468.69
-1264.07
-1849.54
-2470.42
-2306.64
-2288.45
-3400.4
-2639.84
-7444.1
-4368.66
-17095.4
-28213
-3851.42
-6153.21
-5686.51
-3971.95
-3688.48
-4148.09
-5269.76
-8883.21
-18017.5
-13288.3
-18883.5
-25438.6
-12656.2
-8509.64
-41640.6
817.756
741.013
-444.994
-2190.52
3031.21
7024.27
7611.29
8652.65
6479.97
6888.17
-10070.5
-25884.3
-12705.3
-56256.3
58423.3
-8901.2
-9120.31
-12985.4
-26455.5
-32719.5
-33458.8
-35575.5
-42760.1
-36837
-58343.3
-64580.6
-74094.2
-81597.7
-88001.3
-45848
-1263.11
-1793.29
-2324.69
-3020.73
-3930.34
-5051.88
-6626.71
-8499.04
-11377.9
-14452.2
-21037.3
-22870.2
-44950.5
-40003.6
-130216
-522.313
-688.602
-814.932
-1040.9
-1341.61
-1723.34
-2294.52
-2975.79
-4138.96
-5338.37
-8118.44
-11238.4
-13459.8
-23050.7
-13040.1
-359.29
-500.345
-631.797
-840.692
-1091.09
-1432.94
-1880.54
-2526.9
-3357.65
-4744.1
-6351.03
-9937.04
-12464.8
-24501.4
-4533.53
-547.696
-759.225
-967.957
-1258.42
-1619.36
-2101.15
-2727.74
-3585.96
-4684.76
-6200.56
-8071.77
-10393.7
-12611.1
-14019.6
-12195.3
-610.752
-839.219
-1063.1
-1364.71
-1743.04
-2241.35
-2884.37
-3748.24
-4806.79
-6250.89
-7691.06
-10068.1
-10750
-15376.4
-13676.1
-594.447
-824.636
-1050.07
-1345.1
-1711.59
-2185.08
-2789.26
-3577.7
-4513.33
-5743.8
-6912.34
-8630.33
-9292.63
-11880.5
-9219.77
-803.26
-1108.22
-1394.36
-1727.78
-2142.76
-2692.78
-3399
-4319.1
-5393.91
-6756.33
-7892.91
-9995.02
-10430.4
-13818.7
-13785.9
-666.892
-933.884
-1202.64
-1521.84
-1899.95
-2381.45
-2980.53
-3718.03
-4546.41
-5727.71
-6985.71
-8531.36
-9421.76
-9720.83
-4338.54
-1161.9
-1596.88
-1901.35
-2110.95
-2450.86
-3011.71
-3759.06
-4778.98
-6077.39
-7760.69
-8699.07
-10635.2
-12624
-11040.1
-3954.38
-640.18
-938.367
-1247.68
-1661.15
-2047.22
-2553.19
-3183.76
-3815.38
-4891.73
-6195.32
-7032.06
-8462.29
-9321.02
-6164.64
-1815.03
-2050.56
-3008.61
-2934.48
-2267.7
-2468.41
-3239.51
-4182.31
-6135.78
-8975.24
-9010.15
-6824.39
-10976.2
-8734.72
-14471
-46290.3
-138.886
-406.028
-801.432
-1297.27
-1097.44
-1654.16
-2366.78
-2008.87
-1273.32
-2457.09
-3082.93
-8008.57
-330.596
-15327.6
-7128.7
-4435.71
-6173.22
-5108.26
-2123.15
-3572.4
-4139.78
-5568.86
-9526.34
-18164.5
-13164.9
-6478.37
-18084.4
-15309.2
-15780.6
-9191.56
1753.07
1355.96
-887.803
-497.137
7056.41
7694.74
7841.78
8972.59
7529.98
9552.72
-5116.08
-18529.1
9762.32
-48408.3
73681.7
-8604.37
-9069.03
-14674.3
-30858
-33047.7
-33732.2
-37522.5
-46805
-49793.1
-72121.8
-104290
-108705
-82860.1
-100856
-67695.4
)
;

boundaryField
{
    outletsourceFace
    {
        type            zeroGradient;
    }
    outletdestinationFace
    {
        type            zeroGradient;
    }
    outletFace
    {
        type            zeroGradient;
    }
    outletWall
    {
        type            fixedValue;
        value           uniform 0;
    }
    inletFace
    {
        type            zeroGradient;
    }
    inletWall
    {
        type            fixedValue;
        value           uniform 5;
    }
    inletsourceFace
    {
        type            zeroGradient;
    }
    inletdestinationFace
    {
        type            zeroGradient;
    }
}


// ************************************************************************* //
