/*--------------------------------*- C++ -*----------------------------------*\
| =========                 |                                                 |
| \\      /  F ield         | OpenFOAM: The Open Source CFD Toolbox           |
|  \\    /   O peration     | Version:  4.1                                   |
|   \\  /    A nd           | Web:      www.OpenFOAM.org                      |
|    \\/     M anipulation  |                                                 |
\*---------------------------------------------------------------------------*/
FoamFile
{
    version     2.0;
    format      ascii;
    class       volScalarField;
    location    "6";
    object      p;
}
// * * * * * * * * * * * * * * * * * * * * * * * * * * * * * * * * * * * * * //

dimensions      [0 2 -2 0 0 0 0];

internalField   nonuniform List<scalar> 
6750
(
-696.014
-384.391
-746.737
-712.553
-646.954
-578.462
-488.717
-407.121
-343.348
-274.614
-249.294
-233.565
-275.927
-201.288
-338.531
-694.35
-387.537
-747.326
-712.784
-647.016
-578.454
-488.682
-407.182
-343.969
-276.116
-249.477
-233.345
-275.87
-194.468
-341.586
-693.549
-389.29
-747.391
-712.676
-646.783
-578.218
-488.557
-407.409
-344.661
-278.221
-250.501
-235.57
-274.201
-194.491
-342.324
-692.301
-391.91
-747.746
-712.783
-646.805
-578.224
-488.641
-407.728
-345.55
-280.387
-251.75
-239.151
-272.775
-193.057
-341.959
-691.349
-393.829
-747.802
-712.699
-646.568
-577.975
-488.534
-407.953
-346.29
-282.455
-253.242
-242.803
-270.862
-192.942
-341.194
-690.28
-395.77
-747.922
-712.706
-646.506
-577.927
-488.608
-408.231
-347.03
-284.621
-255.2
-246.323
-268.713
-193.191
-340.31
-689.372
-397.166
-747.895
-712.576
-646.294
-577.764
-488.473
-408.281
-347.356
-285.968
-257.06
-247.729
-264.663
-193.756
-340.02
-688.971
-397.702
-747.908
-712.573
-646.31
-577.834
-488.531
-408.347
-347.568
-286.524
-259.214
-247.553
-263.191
-194.101
-340.143
-689.362
-397.107
-747.889
-712.572
-646.295
-577.772
-488.497
-408.329
-347.445
-286.095
-257.467
-247.72
-264.438
-193.848
-339.894
-690.254
-395.678
-747.908
-712.699
-646.502
-577.942
-488.651
-408.323
-347.182
-284.84
-255.552
-246.589
-268.785
-193.385
-340.194
-691.312
-393.707
-747.78
-712.688
-646.559
-577.992
-488.591
-408.083
-346.503
-282.772
-253.741
-243.26
-270.873
-193.175
-341.074
-692.253
-391.767
-747.715
-712.769
-646.791
-578.245
-488.716
-407.895
-345.816
-280.783
-252.345
-239.815
-272.865
-193.337
-341.862
-693.493
-389.131
-747.353
-712.658
-646.76
-578.235
-488.637
-407.599
-344.964
-278.681
-251.182
-236.396
-274.315
-194.818
-342.257
-694.289
-387.368
-747.283
-712.764
-646.99
-578.474
-488.773
-407.397
-344.307
-276.626
-250.22
-234.284
-276.012
-194.816
-341.538
-695.95
-384.213
-746.686
-712.526
-646.914
-578.47
-488.802
-407.343
-343.705
-275.177
-250.088
-234.565
-276.044
-201.719
-338.578
-909.901
-268.931
-525.751
-597.086
-524.859
-465.3
-399.434
-344.771
-311.721
-291.528
-295.605
-264.379
-295.167
-224.481
-457.128
-908.909
-269.109
-527.995
-598.558
-526.18
-466.299
-400.223
-345.237
-312.369
-290.601
-294.126
-262.987
-295.529
-218.094
-454.214
-908.492
-269.368
-528.963
-598.841
-526.41
-466.479
-400.437
-345.431
-312.668
-290.931
-295.121
-264.267
-293.631
-216.808
-458.049
-907.689
-269.768
-530.565
-599.839
-527.362
-467.283
-401.107
-345.889
-313.283
-291.508
-296.61
-265.823
-293.419
-215.474
-457.711
-907.071
-270.191
-531.662
-600.297
-527.716
-467.559
-401.376
-346.15
-313.766
-291.784
-298.185
-267.238
-293.278
-215.901
-456.749
-906.284
-270.686
-532.859
-600.921
-528.312
-468.051
-401.808
-346.555
-314.264
-292.376
-299.402
-268.6
-293.54
-216.461
-456.527
-905.443
-271.269
-533.623
-601.142
-528.548
-468.27
-401.983
-346.868
-314.645
-292.467
-300.733
-269.432
-293.719
-216.634
-457.898
-904.953
-271.596
-533.894
-601.235
-528.702
-468.436
-402.067
-346.973
-314.733
-292.87
-302.429
-270.848
-294.368
-217.038
-459.33
-905.362
-271.289
-533.568
-601.102
-528.512
-468.243
-401.967
-346.884
-314.699
-292.625
-300.981
-269.66
-293.924
-216.828
-457.784
-906.164
-270.693
-532.769
-600.851
-528.248
-468.002
-401.777
-346.575
-314.352
-292.677
-299.899
-268.923
-293.721
-216.779
-456.348
-906.92
-270.175
-531.539
-600.194
-527.618
-467.48
-401.323
-346.176
-313.891
-292.222
-298.865
-267.776
-293.427
-216.334
-456.486
-907.516
-269.73
-530.417
-599.711
-527.236
-467.181
-401.039
-345.92
-313.44
-292.054
-297.432
-266.514
-293.585
-215.994
-457.423
-908.301
-269.308
-528.789
-598.683
-526.25
-466.343
-400.341
-345.451
-312.838
-291.541
-296.039
-265.084
-293.772
-217.387
-457.777
-908.707
-269.034
-527.804
-598.384
-526.002
-466.146
-400.117
-345.258
-312.556
-291.277
-295.129
-263.887
-295.688
-218.696
-453.966
-909.689
-268.841
-525.537
-596.883
-524.645
-465.109
-399.29
-344.765
-311.891
-292.235
-296.645
-265.297
-295.317
-224.976
-457.134
-905.354
-270.165
-250.032
-390.304
-350.686
-311.702
-283.833
-267.685
-276.679
-329.934
-364.335
-328.095
-294.323
-157.747
-751.464
-905.244
-269.124
-250.601
-391.178
-351.674
-312.76
-284.969
-268.707
-277.529
-327.303
-361.429
-326.059
-301.455
-169.261
-730.213
-905.185
-268.702
-251.081
-391.587
-352.067
-313.184
-285.491
-268.871
-277.135
-324.122
-359.198
-325.199
-302.699
-169.284
-727.061
-905.078
-267.991
-251.558
-392.242
-352.83
-314.016
-286.309
-269.281
-276.945
-322.147
-357.561
-324.032
-306.181
-169.588
-721.46
-904.99
-267.561
-252.044
-392.758
-353.341
-314.559
-286.85
-269.522
-276.453
-319.552
-356.289
-321.792
-308.101
-171.267
-718.092
-904.885
-267.109
-252.507
-393.282
-353.891
-315.164
-287.473
-269.984
-276.119
-317.225
-355.314
-319.692
-309.192
-170.616
-716.259
-904.78
-266.862
-252.925
-393.71
-354.296
-315.568
-287.902
-270.556
-275.908
-315.051
-354.615
-317.034
-309.661
-168.422
-716.383
-904.645
-266.838
-253.054
-393.84
-354.422
-315.683
-287.941
-270.634
-275.662
-314.835
-354.179
-315.313
-309.914
-166.253
-718.552
-904.63
-266.978
-252.881
-393.66
-354.254
-315.53
-287.868
-270.541
-275.931
-315.222
-354.568
-316.995
-309.552
-168.373
-716.036
-904.711
-267.208
-252.433
-393.194
-353.813
-315.084
-287.395
-269.922
-276.125
-317.515
-355.279
-319.772
-308.962
-170.466
-715.734
-904.782
-267.631
-251.95
-392.632
-353.217
-314.432
-286.723
-269.432
-276.46
-319.952
-356.268
-322.009
-307.787
-171.012
-717.465
-904.848
-268.03
-251.445
-392.082
-352.666
-313.843
-286.135
-269.155
-276.949
-322.639
-357.574
-324.337
-305.828
-169.24
-720.793
-904.934
-268.708
-250.947
-391.391
-351.856
-312.958
-285.262
-268.699
-277.119
-324.647
-359.279
-325.541
-302.257
-168.801
-726.435
-904.979
-269.105
-250.456
-390.959
-351.433
-312.501
-284.706
-268.502
-277.509
-327.874
-361.545
-326.416
-300.981
-168.765
-729.556
-905.077
-270.115
-249.866
-390.053
-350.397
-311.394
-283.52
-267.426
-276.617
-330.496
-364.447
-328.379
-293.854
-157.066
-750.633
-897.847
-313.734
-191.938
-320.253
-280.263
-237.907
-217.837
-208.158
-235.106
-316.07
-375.86
-339.132
-296.581
-8.03009
-994.05
-897.65
-313.5
-191.898
-320.504
-280.836
-238.691
-218.898
-209.683
-236.918
-317.456
-375.731
-339.7
-298.323
-19.7151
-989.578
-897.538
-313.47
-192.007
-320.747
-281.244
-239.196
-219.67
-210.195
-237.268
-316.447
-372.312
-337.362
-296.883
-21.1838
-989.503
-897.34
-313.348
-192.037
-321.008
-281.777
-239.893
-220.513
-210.805
-237.502
-315.825
-368.763
-336.252
-301.346
-23.7263
-984.775
-897.179
-313.333
-192.138
-321.279
-282.244
-240.48
-221.262
-211.386
-237.319
-314.544
-364.888
-333.843
-303.138
-27.2942
-982.298
-896.986
-313.301
-192.166
-321.482
-282.655
-241.034
-222.048
-212.228
-237.283
-313.863
-361.872
-332.349
-304.675
-28.5019
-978.598
-896.8
-313.352
-192.2
-321.646
-282.978
-241.461
-222.734
-213.217
-237.103
-313.507
-359.998
-330.804
-305.618
-29.3062
-975.964
-896.613
-313.419
-192.191
-321.672
-283.063
-241.563
-222.856
-213.403
-236.761
-313.38
-359.193
-329.076
-305.721
-28.7483
-974.879
-896.639
-313.418
-192.178
-321.609
-282.953
-241.429
-222.704
-213.183
-236.997
-313.486
-359.949
-330.732
-305.493
-30.0135
-974.071
-896.808
-313.33
-192.115
-321.405
-282.589
-240.951
-221.957
-212.098
-237.11
-313.834
-361.79
-332.249
-304.453
-29.2301
-975.832
-896.964
-313.321
-192.065
-321.16
-282.129
-240.34
-221.106
-211.194
-237.128
-314.475
-364.758
-333.718
-302.861
-27.8586
-978.805
-897.095
-313.303
-191.944
-320.848
-281.611
-239.691
-220.286
-210.533
-237.314
-315.748
-368.62
-336.115
-301.026
-24.1611
-980.951
-897.264
-313.39
-191.891
-320.544
-281.021
-238.928
-219.368
-209.849
-237.084
-316.36
-372.165
-337.195
-296.478
-21.4044
-985.353
-897.356
-313.398
-191.769
-320.271
-280.574
-238.377
-218.545
-209.284
-236.755
-317.399
-375.564
-339.551
-297.855
-19.8675
-985.269
-897.536
-313.601
-191.786
-319.98
-279.952
-237.54
-217.435
-207.698
-234.91
-316.013
-375.538
-338.978
-295.939
-8.23184
-989.494
-905.519
-314.306
-165.581
-275.666
-235.278
-193.932
-173.259
-159.459
-182.548
-249.873
-312.157
-343.028
-268.865
-36.6359
-1165.05
-905.474
-314.189
-165.589
-275.918
-235.762
-194.589
-174.176
-160.505
-183.766
-251.883
-316.453
-345.159
-273.089
-28.2238
-1163.89
-905.474
-314.152
-165.669
-276.168
-236.156
-195.103
-175.019
-160.877
-184.184
-250.955
-315.9
-344.18
-274.47
-26.3145
-1163.85
-905.45
-314.065
-165.72
-276.448
-236.658
-195.744
-175.872
-161.29
-184.634
-250.719
-316.023
-344.806
-276.596
-23.984
-1161.91
-905.461
-314.022
-165.799
-276.721
-237.122
-196.322
-176.771
-161.713
-184.796
-249.781
-314.935
-343.694
-277.262
-24.5925
-1161.07
-905.453
-313.952
-165.841
-276.935
-237.531
-196.862
-177.782
-162.22
-185.115
-249.212
-314.804
-343.204
-277.591
-25.2526
-1158.77
-905.466
-313.911
-165.873
-277.091
-237.844
-197.277
-178.743
-162.695
-185.192
-248.637
-314.848
-342.35
-277.507
-27.0657
-1157.81
-905.456
-313.868
-165.866
-277.125
-237.922
-197.381
-179.015
-162.744
-185.076
-248.365
-314.28
-341.312
-276.708
-28.643
-1156.04
-905.447
-313.866
-165.846
-277.062
-237.801
-197.245
-178.732
-162.672
-185.121
-248.557
-314.715
-342.357
-277.238
-29.672
-1154.53
-905.412
-313.863
-165.786
-276.867
-237.437
-196.776
-177.704
-162.091
-184.999
-249.12
-314.591
-343.17
-276.92
-28.6435
-1153.92
-905.383
-313.89
-165.72
-276.609
-236.973
-196.173
-176.623
-161.524
-184.649
-249.663
-314.638
-343.665
-276.445
-28.0139
-1154.94
-905.325
-313.903
-165.623
-276.293
-236.456
-195.528
-175.638
-161.038
-184.462
-250.618
-315.662
-344.707
-275.605
-27.3397
-1155.34
-905.292
-313.965
-165.551
-275.966
-235.899
-194.817
-174.696
-160.575
-183.993
-250.877
-315.482
-344.04
-273.333
-29.425
-1156.7
-905.228
-314.002
-165.463
-275.684
-235.466
-194.253
-173.789
-160.173
-183.597
-251.832
-316.026
-344.984
-271.873
-31.227
-1156.53
-905.206
-314.108
-165.438
-275.393
-234.937
-193.542
-172.824
-159.08
-182.36
-249.801
-311.685
-342.768
-267.48
-39.4591
-1157.4
-939.652
-309.288
-156.198
-262.51
-218.68
-177.538
-153.815
-138.149
-152.061
-198.677
-251.182
-337.077
-272.216
-130.704
-1399.67
-939.678
-309.267
-156.26
-262.762
-219.117
-178.094
-154.431
-138.379
-152.136
-199.364
-252.848
-337.725
-271.026
-124.023
-1397.01
-939.715
-309.279
-156.345
-262.999
-219.492
-178.6
-155.073
-138.486
-151.866
-198.762
-252.363
-337.226
-270.957
-123.059
-1395.72
-939.732
-309.276
-156.437
-263.282
-219.976
-179.201
-155.741
-138.605
-151.754
-198.709
-252.587
-337.286
-270.181
-119.922
-1392.38
-939.764
-309.294
-156.538
-263.546
-220.441
-179.785
-156.576
-138.786
-151.574
-198.127
-252.061
-336.792
-269.887
-119.506
-1390.97
-939.765
-309.28
-156.618
-263.759
-220.867
-180.363
-157.624
-138.945
-151.505
-197.68
-251.928
-336.845
-269.678
-118.832
-1387.31
-939.78
-309.272
-156.676
-263.91
-221.197
-180.827
-158.725
-138.99
-151.344
-197.068
-251.649
-336.642
-269.274
-119.207
-1386.52
-939.761
-309.23
-156.681
-263.944
-221.281
-180.954
-159.116
-138.934
-151.31
-196.75
-251.369
-336.546
-269.156
-120.533
-1383.78
-939.753
-309.192
-156.646
-263.88
-221.139
-180.788
-158.711
-138.908
-151.323
-197.041
-251.623
-336.792
-269.398
-122.697
-1381.9
-939.715
-309.125
-156.559
-263.687
-220.746
-180.263
-157.53
-138.789
-151.44
-197.659
-251.912
-336.89
-268.804
-123.507
-1380.84
-939.676
-309.071
-156.455
-263.424
-220.257
-179.614
-156.411
-138.581
-151.495
-198.097
-252.063
-337.016
-268.834
-124.515
-1382.21
-939.608
-309.007
-156.332
-263.113
-219.733
-178.957
-155.487
-138.347
-151.67
-198.696
-252.546
-337.347
-268.665
-124.887
-1383.29
-939.54
-308.975
-156.215
-262.781
-219.188
-178.277
-154.729
-138.18
-151.781
-198.767
-252.324
-337.292
-269.239
-127.659
-1385.67
-939.451
-308.957
-156.118
-262.509
-218.769
-177.714
-154.027
-138.042
-152.057
-199.389
-252.784
-337.714
-269.172
-128.474
-1386.71
-939.376
-308.953
-156.033
-262.215
-218.278
-177.1
-153.363
-137.757
-151.941
-198.685
-251.064
-336.966
-270.155
-134.679
-1388.83
-977.588
-304.423
-152.715
-259.566
-211.526
-174.647
-153.891
-139.952
-150.357
-197.111
-255.924
-364.974
-332.91
-163.362
-1674.42
-977.638
-304.46
-152.784
-259.796
-211.937
-175.134
-154.346
-139.948
-149.522
-196.14
-255.761
-365.061
-331.174
-161.775
-1670.1
-977.69
-304.497
-152.849
-260
-212.267
-175.567
-154.848
-140.024
-148.997
-195.311
-255.203
-364.793
-329.904
-163.035
-1668.48
-977.726
-304.541
-152.934
-260.256
-212.711
-176.092
-155.352
-140.015
-148.454
-194.492
-254.902
-365.02
-328.741
-162.659
-1661.59
-977.765
-304.596
-153.018
-260.488
-213.137
-176.604
-156.08
-140.145
-148.047
-193.56
-254.247
-364.191
-326.727
-164.285
-1660.83
-977.775
-304.616
-153.085
-260.68
-213.538
-177.14
-157.058
-140.28
-147.678
-192.595
-254.082
-364.877
-326.754
-163.71
-1653.6
-977.797
-304.628
-153.131
-260.812
-213.852
-177.578
-158.123
-140.283
-147.295
-191.517
-253.433
-363.648
-324.335
-164.318
-1656.5
-977.773
-304.587
-153.137
-260.839
-213.93
-177.701
-158.528
-140.25
-147.304
-191.124
-253.37
-364.599
-326.564
-165.426
-1648.46
-977.759
-304.531
-153.106
-260.778
-213.787
-177.539
-158.112
-140.23
-147.282
-191.541
-253.476
-364.084
-325.59
-169.096
-1648.14
-977.705
-304.43
-153.031
-260.6
-213.406
-177.041
-156.97
-140.169
-147.631
-192.653
-254.159
-365.008
-325.299
-169.078
-1645.3
-977.643
-304.333
-152.938
-260.356
-212.94
-176.437
-155.928
-140.003
-148.014
-193.671
-254.47
-364.961
-325.351
-170.453
-1647.45
-977.551
-304.223
-152.831
-260.075
-212.455
-175.853
-155.112
-139.828
-148.424
-194.635
-255.036
-365.431
-326.239
-169.074
-1648.38
-977.449
-304.136
-152.718
-259.767
-211.948
-175.252
-154.514
-139.817
-148.989
-195.511
-255.411
-365.418
-327.263
-168.917
-1653.11
-977.329
-304.09
-152.642
-259.527
-211.574
-174.765
-153.948
-139.722
-149.542
-196.366
-255.915
-365.544
-328.263
-167.625
-1654.48
-977.215
-304.02
-152.546
-259.251
-211.103
-174.217
-153.434
-139.669
-150.345
-197.324
-256.045
-365.403
-329.724
-168.415
-1657.7
-1032.92
-306.664
-158.773
-272.967
-222.591
-191.308
-175.958
-166.484
-183.486
-232.838
-299.138
-393.385
-403.783
-140.868
-2073.14
-1032.97
-306.731
-158.849
-273.191
-222.991
-191.765
-176.412
-166.375
-182.515
-231.554
-299.394
-395.94
-408.874
-144.371
-2048.76
-1033.02
-306.783
-158.907
-273.373
-223.289
-192.131
-176.953
-166.315
-182.006
-230.808
-299.045
-396.012
-406.81
-151.274
-2040.6
-1033.06
-306.847
-158.994
-273.614
-223.706
-192.604
-177.466
-166.158
-181.345
-229.846
-299.193
-398.02
-406.798
-153.23
-2022.09
-1033.1
-306.915
-159.072
-273.824
-224.094
-193.043
-178.163
-166.248
-180.943
-228.823
-298.503
-396.929
-403.006
-157.81
-2020.58
-1033.11
-306.943
-159.135
-273.997
-224.457
-193.514
-179.114
-166.445
-180.705
-227.768
-298.687
-398.716
-405.693
-159.766
-2003.18
-1033.13
-306.958
-159.176
-274.114
-224.738
-193.884
-180.1
-166.556
-180.329
-226.405
-297.887
-397.078
-402.078
-162.472
-2008.42
-1033.1
-306.91
-159.183
-274.135
-224.8
-193.983
-180.461
-166.612
-180.337
-225.93
-298.145
-398.426
-407.161
-166.002
-1993.48
-1033.08
-306.847
-159.153
-274.075
-224.665
-193.84
-180.092
-166.508
-180.338
-226.458
-297.978
-397.827
-406.213
-171.258
-1989.78
-1033.02
-306.73
-159.082
-273.907
-224.312
-193.406
-179.026
-166.324
-180.658
-227.807
-298.515
-398.699
-402.507
-166.632
-1993.95
-1032.95
-306.615
-158.991
-273.677
-223.877
-192.867
-178.008
-166.095
-180.899
-228.954
-298.502
-398.195
-400.834
-164.897
-2002.96
-1032.85
-306.486
-158.891
-273.416
-223.43
-192.355
-177.219
-165.934
-181.264
-229.97
-298.897
-398.589
-402.112
-161.119
-2005.91
-1032.73
-306.374
-158.775
-273.119
-222.945
-191.803
-176.612
-166.044
-181.924
-230.996
-298.831
-397.062
-401.975
-158.623
-2020
-1032.6
-306.314
-158.706
-272.899
-222.603
-191.384
-176.011
-166.064
-182.431
-231.756
-299.051
-396.763
-403.567
-152.302
-2027.49
-1032.47
-306.21
-158.599
-272.622
-222.133
-190.853
-175.481
-166.095
-183.331
-232.997
-298.739
-394.191
-398.393
-147.987
-2049.03
-1102.93
-314.65
-169.953
-296.316
-245.537
-221.327
-215.411
-210.583
-238.192
-284.457
-367.213
-422.697
-520.788
-116.702
-2544.03
-1102.98
-314.728
-170.032
-296.543
-245.951
-221.82
-215.979
-210.698
-237.782
-283.177
-368.057
-425.319
-525.35
-119.531
-2507.99
-1103.03
-314.785
-170.084
-296.709
-246.23
-222.135
-216.576
-210.595
-237.439
-282.279
-367.518
-425.889
-518.237
-129.465
-2501.92
-1103.06
-314.853
-170.167
-296.939
-246.639
-222.605
-217.21
-210.5
-237.119
-281.371
-368.309
-429.496
-520.155
-132.164
-2470.4
-1103.1
-314.921
-170.236
-297.131
-246.993
-222.996
-217.87
-210.602
-236.903
-280.03
-367.012
-426.505
-507.817
-135.739
-2486.57
-1103.1
-314.941
-170.292
-297.288
-247.323
-223.435
-218.78
-211.079
-237.078
-279.235
-368.564
-430.075
-519.661
-131.716
-2451.58
-1103.13
-314.945
-170.326
-297.391
-247.565
-223.759
-219.586
-211.53
-236.532
-277.435
-366.807
-424.987
-502.416
-133.117
-2487.68
-1103.09
-314.877
-170.33
-297.405
-247.608
-223.85
-219.858
-211.837
-236.552
-277.338
-368.867
-429.685
-534.143
-148.714
-2416.6
-1103.07
-314.802
-170.3
-297.342
-247.478
-223.704
-219.565
-211.501
-236.586
-277.657
-367.376
-426.785
-509.903
-148.284
-2450.35
-1102.99
-314.666
-170.231
-297.179
-247.154
-223.309
-218.676
-210.941
-237.039
-279.374
-368.057
-430.932
-511.661
-140.14
-2447.09
-1102.9
-314.539
-170.142
-296.954
-246.743
-222.799
-217.696
-210.442
-236.878
-280.422
-366.935
-429.346
-504.476
-143.808
-2461.28
-1102.78
-314.396
-170.046
-296.706
-246.324
-222.333
-216.937
-210.255
-236.999
-281.71
-367.577
-431.226
-511.942
-142.553
-2450.86
-1102.65
-314.269
-169.927
-296.409
-245.839
-221.779
-216.202
-210.308
-237.293
-282.777
-366.939
-428.739
-511.295
-140.261
-2471.02
-1102.5
-314.204
-169.862
-296.201
-245.515
-221.413
-215.543
-210.376
-237.594
-283.697
-367.26
-427.933
-517.328
-132.296
-2476.61
-1102.35
-314.079
-169.744
-295.909
-245.015
-220.827
-214.874
-210.163
-237.889
-284.946
-366.412
-425.453
-514.125
-128.43
-2506.12
-1187.05
-331.471
-186.458
-329.256
-279.853
-262.692
-269.129
-266.683
-311.681
-342.686
-458.692
-446.183
-653.653
-37.6288
-3286.03
-1187.1
-331.552
-186.537
-329.491
-280.29
-263.276
-269.903
-267.273
-312.13
-341.874
-462.646
-452.543
-699.443
-48.3803
-3160.83
-1187.14
-331.612
-186.585
-329.647
-280.551
-263.567
-270.476
-267.258
-311.818
-340.683
-460.639
-452.669
-664.554
-66.3053
-3163.63
-1187.16
-331.678
-186.664
-329.874
-280.96
-264.079
-271.262
-267.438
-312.09
-340.037
-462.66
-458.637
-666.641
-62.5043
-3107.72
-1187.19
-331.744
-186.727
-330.054
-281.281
-264.447
-271.841
-267.599
-311.999
-338.439
-461.632
-452.09
-658.272
-74.8587
-3130.97
-1187.19
-331.752
-186.777
-330.198
-281.58
-264.887
-272.692
-268.485
-312.845
-338.544
-466.08
-456.64
-702.029
-75.109
-3052.68
-1187.21
-331.747
-186.806
-330.29
-281.778
-265.182
-273.235
-269.273
-312.253
-336.586
-461.149
-452.28
-657.288
-91.0537
-3099.47
-1187.17
-331.664
-186.809
-330.296
-281.804
-265.276
-273.45
-269.845
-312.76
-337.078
-466.043
-455.575
-690.193
-104.362
-3010.76
-1187.14
-331.582
-186.784
-330.23
-281.675
-265.111
-273.182
-269.281
-312.304
-336.961
-462.2
-454.51
-670.496
-111.069
-3044.52
-1187.05
-331.438
-186.721
-330.066
-281.379
-264.732
-272.527
-268.349
-312.614
-338.661
-464.214
-458.831
-680.348
-86.1304
-3057.85
-1186.95
-331.31
-186.638
-329.844
-280.983
-264.208
-271.584
-267.428
-311.765
-338.991
-461.197
-456.327
-655.873
-86.4996
-3091.36
-1186.82
-331.165
-186.547
-329.6
-280.586
-263.754
-270.877
-267.136
-311.595
-340.404
-460.771
-461.455
-655.58
-76.8473
-3078.12
-1186.67
-331.037
-186.429
-329.297
-280.086
-263.142
-269.961
-266.887
-311.201
-341.237
-458.655
-457.279
-652.963
-77.0656
-3123.41
-1186.5
-330.974
-186.368
-329.094
-279.772
-262.793
-269.307
-266.844
-311.377
-342.421
-460.121
-457.119
-684.228
-63.1761
-3117.18
-1186.34
-330.841
-186.242
-328.779
-279.225
-262.085
-268.38
-266.108
-310.724
-343.169
-456.128
-451.145
-643.001
-50.7812
-3226.77
-1282.74
-358.597
-207.815
-371.497
-325.69
-314.898
-336.676
-332.549
-402.873
-400.959
-575.017
-448.167
-834.358
62.695
-4329.64
-1282.77
-358.663
-207.884
-371.73
-326.146
-315.601
-337.772
-333.843
-405.098
-401.746
-586.195
-442.593
-1056.5
-66.7321
-3816.81
-1282.8
-358.714
-207.924
-371.879
-326.398
-315.912
-338.354
-334.138
-404.957
-401.074
-582.306
-458.501
-874.265
-5.42103
-4070
-1282.8
-358.756
-207.989
-372.096
-326.809
-316.507
-339.398
-334.949
-406.628
-401.592
-588.717
-461.433
-900.716
30.3233
-4030.4
-1282.83
-358.793
-208.041
-372.264
-327.105
-316.886
-339.962
-335.321
-406.907
-400.589
-590.203
-459.436
-885.514
-10.3284
-4096.73
-1282.81
-358.767
-208.077
-372.391
-327.378
-317.352
-340.885
-336.596
-409.177
-402.195
-602.27
-460.455
-1087.98
-122.96
-3643.17
-1282.81
-358.735
-208.096
-372.472
-327.534
-317.625
-341.223
-337.392
-408.586
-400.479
-589.977
-468.499
-861.898
-53.8104
-3971.92
-1282.75
-358.62
-208.086
-372.462
-327.543
-317.724
-341.499
-338.108
-410.427
-401.915
-603.698
-478.627
-975.64
-84.9316
-3754.11
-1282.69
-358.517
-208.055
-372.385
-327.402
-317.537
-341.148
-337.426
-408.738
-401.232
-591.714
-475.441
-872.45
-77.8047
-3896.61
-1282.57
-358.353
-207.987
-372.212
-327.122
-317.168
-340.67
-336.512
-408.751
-402.858
-596.932
-475.586
-958.404
-88.7361
-3797.99
-1282.45
-358.213
-207.902
-371.983
-326.725
-316.602
-339.64
-335.236
-406.583
-401.768
-589.292
-470.51
-878.988
-16.2669
-4029.22
-1282.28
-358.059
-207.808
-371.733
-326.335
-316.124
-338.918
-334.721
-405.879
-402.443
-585.126
-469.275
-868.503
4.5053
-4005.89
-1282.1
-357.926
-207.685
-371.414
-325.803
-315.404
-337.709
-333.828
-404.053
-402.256
-579.131
-468.718
-856.795
-29.6205
-4009.05
-1281.91
-357.864
-207.622
-371.206
-325.488
-315.026
-337.027
-333.471
-403.97
-402.899
-581.742
-453.287
-1005.69
-95.4975
-3773.48
-1281.73
-357.721
-207.486
-370.864
-324.882
-314.155
-335.709
-331.962
-401.417
-401.946
-571.291
-458.143
-829.384
32.6577
-4227.62
-1386.38
-397.226
-232.635
-420.965
-380.458
-374.674
-415.403
-407.523
-517.454
-475.117
-773.498
-491.86
-1285.79
-163.482
-4849.19
-1386.41
-397.282
-232.698
-421.18
-380.901
-375.4
-416.697
-408.997
-520.913
-475.66
-782.944
-501.461
-1266.76
-118.547
-4814.52
-1386.43
-397.323
-232.733
-421.313
-381.118
-375.675
-417.134
-409.189
-520.12
-473.301
-769.628
-499.832
-1136.32
3.48797
-5249.91
-1386.43
-397.349
-232.79
-421.506
-381.499
-376.268
-418.305
-410.281
-523.118
-473.381
-788.335
-501.674
-1323.31
-29.8288
-5027.79
-1386.45
-397.373
-232.838
-421.654
-381.742
-376.587
-418.661
-410.418
-522.403
-470.758
-785.746
-488.189
-1335.24
-119.501
-4851.72
-1386.41
-397.336
-232.869
-421.753
-381.968
-377.006
-419.559
-411.644
-525.126
-471.947
-797.095
-488.245
-1385.72
-126.377
-4709.68
-1386.4
-397.31
-232.889
-421.82
-382.07
-377.203
-419.571
-411.954
-522.712
-468.591
-762.981
-479.539
-1075.14
-23.7149
-5272.21
-1386.32
-397.2
-232.875
-421.791
-382.059
-377.278
-419.96
-412.676
-526.457
-471.639
-797.98
-486.004
-1399.4
-163.073
-4696.06
-1386.24
-397.112
-232.852
-421.712
-381.905
-377.084
-419.451
-412.008
-523.097
-470.188
-769.163
-491.551
-1083.4
2.56891
-5198.98
-1386.1
-396.962
-232.791
-421.537
-381.65
-376.766
-419.231
-411.563
-524.476
-473.137
-788.527
-504.304
-1235.96
-63.5324
-4953.32
-1385.96
-396.841
-232.717
-421.316
-381.267
-376.217
-418.177
-410.337
-521.966
-472.482
-785.618
-497.552
-1342.73
-136.196
-4785.52
-1385.78
-396.704
-232.633
-421.072
-380.903
-375.777
-417.597
-410.022
-521.95
-474.739
-783.194
-509.131
-1307.64
-54.4235
-4946.21
-1385.58
-396.592
-232.519
-420.758
-380.366
-375.015
-416.18
-408.779
-518.622
-475.081
-764.947
-509.937
-1127.45
-12.4864
-5182.22
-1385.38
-396.544
-232.46
-420.553
-380.064
-374.651
-415.588
-408.488
-518.979
-477.405
-775.579
-514.775
-1227.48
-119.377
-4800.71
-1385.19
-396.411
-232.325
-420.202
-379.424
-373.689
-413.953
-406.662
-514.871
-476.547
-765.649
-504.56
-1249.65
-181.167
-4814.53
-1491.34
-450.801
-263.725
-479.936
-450.12
-448.047
-511.906
-493.019
-647.082
-539.967
-930.456
-497.528
-1250.08
219.256
-6898.02
-1491.33
-450.789
-263.741
-480.086
-450.484
-448.703
-513.355
-494.627
-652.577
-541.403
-943.37
-486.661
-1217.13
419.914
-6863.73
-1491.33
-450.769
-263.752
-480.185
-450.633
-448.95
-513.648
-494.931
-651.942
-539.113
-940.218
-473.51
-1278.17
117.334
-7284.73
-1491.3
-450.711
-263.762
-480.314
-450.926
-449.496
-514.968
-496.532
-657.949
-542.092
-990.895
-487.515
-1773.21
-124.838
-6492.33
-1491.27
-450.66
-263.772
-480.42
-451.07
-449.758
-515.048
-496.702
-656.06
-540.113
-981.098
-485.558
-1711.91
-144.174
-6327.11
-1491.19
-450.549
-263.753
-480.462
-451.199
-450.099
-515.939
-498.043
-659.978
-543.658
-994.131
-516.607
-1589.53
-68.1831
-6711.74
-1491.11
-450.463
-263.739
-480.493
-451.213
-450.218
-515.584
-497.975
-655.511
-539.301
-947.411
-486.614
-1288.72
135.218
-7056.5
-1490.96
-450.303
-263.689
-480.417
-451.159
-450.238
-516.113
-498.659
-661.283
-543.567
-1000.34
-491.22
-1749.5
-359.085
-6257.92
-1490.82
-450.175
-263.644
-480.321
-450.982
-450.046
-515.406
-498.036
-656.096
-541.33
-957.267
-497.044
-1296.1
183.318
-7026.61
-1490.61
-449.996
-263.565
-480.128
-450.751
-449.761
-515.476
-497.941
-659.203
-544.602
-986.313
-518.571
-1483.22
-26.4949
-6927.19
-1490.4
-449.855
-263.484
-479.909
-450.392
-449.236
-514.368
-496.637
-655.619
-542.408
-980.32
-496.657
-1691.61
-137.142
-6331.82
-1490.15
-449.703
-263.395
-479.661
-450.074
-448.818
-514.009
-496.314
-656.704
-544.447
-986.407
-501.236
-1738.89
-125.578
-6422.64
-1489.9
-449.581
-263.278
-479.354
-449.558
-448.046
-512.369
-494.581
-650.539
-542.49
-940.722
-494.157
-1287.77
99.6112
-7200.96
-1489.65
-449.533
-263.221
-479.151
-449.288
-447.681
-511.879
-494.182
-650.676
-544.498
-940.01
-503.738
-1216.31
386.02
-6837.17
-1489.43
-449.388
-263.076
-478.802
-448.644
-446.697
-509.951
-492.13
-644.248
-542.94
-924.196
-518.542
-1237.76
206.521
-6850.83
-1593.78
-519.487
-298.802
-544.953
-526.044
-524.413
-612.288
-584.631
-788.537
-637.097
-1157.68
-612.154
-1603.22
619.989
-11038.2
-1593.77
-519.474
-298.792
-545.015
-526.234
-524.772
-613.533
-585.247
-795.936
-635.024
-1197.38
-584.712
-1858.83
482.318
-10342.7
-1593.76
-519.461
-298.783
-545.064
-526.228
-524.841
-613.149
-584.721
-792.404
-629.229
-1187.39
-575.615
-1793.03
-6.66016
-10426.9
-1593.73
-519.419
-298.769
-545.111
-526.324
-525.118
-613.936
-585.511
-796.28
-626.864
-1209.46
-543.37
-2167.43
-348.825
-8714.54
-1593.69
-519.39
-298.759
-545.158
-526.269
-525.171
-613.083
-584.744
-789.574
-620.377
-1179.42
-522.491
-2154.73
-377.086
-8795.25
-1593.61
-519.311
-298.725
-545.133
-526.228
-525.304
-613.487
-585.497
-791.609
-621.378
-1177.39
-525.507
-1893.23
-247.543
-9884.77
-1593.53
-519.264
-298.708
-545.123
-526.11
-525.276
-612.446
-584.616
-783.86
-613.681
-1126.5
-474.878
-1562.34
235.994
-9807.32
-1593.39
-519.156
-298.661
-545.013
-526.003
-525.229
-613.025
-585.316
-791.031
-619.102
-1189.6
-478.833
-2172.28
-777.234
-8683.47
-1593.25
-519.088
-298.635
-544.918
-525.826
-525.071
-612.177
-584.859
-784.541
-616.898
-1137.22
-478.852
-1564.88
289.057
-9813.72
-1593.06
-518.973
-298.581
-544.734
-525.674
-524.894
-612.848
-585.584
-790.906
-622.95
-1172.93
-511.398
-1820.31
-196.111
-10037.5
-1592.87
-518.896
-298.537
-544.552
-525.425
-524.527
-612.12
-584.968
-789.209
-624.235
-1184.58
-525.077
-2188.92
-328.92
-8868.27
-1592.66
-518.802
-298.481
-544.334
-525.254
-524.278
-612.603
-585.561
-794.857
-630.921
-1207.64
-548.891
-2143.66
-254.445
-8642.8
-1592.45
-518.739
-298.408
-544.083
-524.873
-523.704
-611.338
-584.548
-790.322
-634.218
-1192.03
-589.878
-1890.68
1.47696
-10102.3
-1592.23
-518.724
-298.371
-543.904
-524.715
-523.468
-611.428
-584.879
-792.996
-639.56
-1195.91
-599.777
-1914.95
368.819
-10207.3
-1592.05
-518.629
-298.263
-543.603
-524.156
-522.641
-609.438
-583.417
-783.41
-640.03
-1145.1
-626.679
-1590.69
561.189
-10961.9
-1661.76
-622.56
-350.386
-613.65
-634.723
-631.248
-758.879
-707.323
-990.564
-728.847
-1523.46
-553.435
-3178.68
657.017
-11195.8
-1661.68
-622.386
-350.198
-613.528
-634.46
-631.074
-758.986
-706.935
-995.764
-731.495
-1548.59
-570.338
-3301.13
550.561
-10060.1
-1661.6
-622.229
-350.083
-613.489
-634.085
-630.899
-757.331
-706.168
-988.014
-729.893
-1518.95
-582.736
-3200.67
508.864
-9785.09
-1661.46
-621.995
-349.887
-613.356
-633.653
-630.681
-756.442
-705.76
-985.403
-725.325
-1493.02
-569.147
-2988.86
421.075
-10642.2
-1661.3
-621.788
-349.739
-613.284
-633.124
-630.426
-753.893
-704.391
-973.597
-719.934
-1470.02
-613.61
-3420.25
-388.631
-12083.1
-1661.08
-621.523
-349.55
-613.108
-632.629
-630.149
-752.726
-703.805
-969.297
-714.92
-1423.45
-556.82
-2451.16
295.392
-14013.2
-1660.84
-621.297
-349.419
-612.994
-632.195
-629.891
-750.651
-702.426
-960.304
-708.447
-1408.8
-480.883
-2417.54
1167.89
-13358.4
-1660.54
-621.029
-349.273
-612.789
-631.889
-629.648
-750.558
-702.385
-963.732
-706.336
-1446.44
-443.836
-2991.01
-222.607
-11825.5
-1660.24
-620.815
-349.195
-612.653
-631.698
-629.512
-749.832
-702.484
-958.735
-711
-1405.99
-515.834
-2459.94
1163.42
-13381.5
-1659.89
-620.585
-349.113
-612.439
-631.662
-629.388
-751.162
-703.624
-966.535
-717.124
-1421.47
-553.51
-2422.62
405.854
-13916.1
-1659.55
-620.409
-349.076
-612.271
-631.662
-629.22
-751.555
-703.974
-969.295
-724.163
-1459.23
-635.309
-3434.08
-251.281
-12025.2
-1659.19
-620.238
-349.044
-612.064
-631.796
-629.089
-753.472
-704.86
-980.119
-728.559
-1483.48
-591.055
-2941.49
428.128
-10795
-1658.85
-620.099
-349.004
-611.865
-631.764
-628.811
-753.569
-704.794
-980.964
-733.573
-1500.24
-601.281
-3055.67
615.79
-9718.29
-1658.53
-620.061
-349.012
-611.716
-631.869
-628.699
-754.777
-705.335
-987.939
-736.507
-1530.17
-600.987
-3190.59
606.238
-9902.23
-1658.26
-619.888
-348.913
-611.468
-631.598
-628.202
-753.691
-704.865
-980.732
-735.988
-1502.73
-603.073
-3069.95
701.799
-10944.4
-1830.83
-2514
-3121.3
-3923.65
-4907.19
-6155.55
-7760.74
-9727.55
-12564
-15808.8
-21314.2
-24380.2
-42837
-31139.5
-98318.2
-713.841
-866.988
-960.517
-1184.1
-1467.86
-1851.95
-2405.91
-3083.44
-4131.79
-5198.38
-7522.14
-8649.2
-13787.7
-16938.6
-17948.5
-445.699
-587.229
-718.386
-939.351
-1196.32
-1553.66
-2015.36
-2647.68
-3431.64
-4624.97
-5952.99
-8650.51
-10417.8
-20205.9
-7758.71
-704.982
-932.994
-1152.13
-1461
-1835.69
-2362.84
-3036.3
-3982.18
-5093.41
-6645.73
-8266.51
-10150.8
-12870.8
-12433.3
-13470.4
-735.469
-966.882
-1195.69
-1522.13
-1932.05
-2514.68
-3234.85
-4253.72
-5323.82
-6866.59
-7947.98
-10084.3
-10779.8
-15204.1
-12747.4
-722.74
-957.652
-1180.74
-1483.15
-1882.44
-2494.94
-3250.24
-4320.11
-5302.83
-6814.88
-7568.31
-9674.55
-10176.8
-13046
-12157.2
-874.77
-1166.36
-1455.57
-1872.54
-2461
-3305.5
-4249.54
-5569.98
-6632.97
-8434.15
-8647.13
-11534.6
-10892.8
-16780.3
-16721.9
-814.701
-1100.97
-1329.28
-1640.47
-2139.53
-2984.03
-3946.91
-5297.22
-6138.53
-8059.98
-8022.04
-12493.8
-10572.2
-17904.2
-14440.3
-1152.53
-1481.09
-1762.31
-2414.1
-3514.17
-4879.3
-6173.66
-7986.25
-9188.56
-12063.2
-11862.7
-17876.8
-13025.7
-25218.7
-20335.6
-906.96
-1308.86
-1458.29
-1915.46
-2754.11
-4159.56
-5419.3
-7219.78
-8143.17
-12932.4
-14962.8
-24010.9
-16605
-28572.5
-19132.5
-1928.34
-1823.56
-2234.91
-3967.69
-6259.34
-8461.51
-10317.3
-13438.5
-17133.4
-28201.1
-30825.5
-38478.5
-22964.3
-60297.8
-72815.9
-925.836
-1602.37
-1495.6
-2434.06
-4087.7
-5806.98
-6927.26
-9351.97
-13393.7
-25982.4
-33013.3
-45232.8
-38152.4
-113409
-91964.4
-4583.82
-2620.76
-4666.52
-10267.6
-13322.8
-14920.8
-17750.2
-25404.3
-38298.5
-53896.9
-65066.9
-73470.7
-75186.6
-142624
-7878.72
-387.504
-280.723
3220.47
-285.218
-4589.86
-3204.71
2529.3
3557.38
-7044.16
-21118.8
-15422.5
-24742.9
6494.19
-76249.7
4703.49
-15085.9
-24963.4
-25945.4
-27392.1
-20967.2
-19626.8
-24316.1
-33163.3
-42055.3
-53170.4
-44488
-47815.3
-41936.5
-180047
-289109
-1830.8
-2513.76
-3121.57
-3922.52
-4907.29
-6151.38
-7757.04
-9716.25
-12559.1
-15803.8
-21315
-24288.1
-43231.7
-30521
-99872.4
-713.819
-866.325
-960.169
-1181.83
-1466
-1846.47
-2401.36
-3070.87
-4120.72
-5178.29
-7492.3
-8581.11
-13500.5
-17419.4
-17648.1
-445.398
-586.36
-716.889
-936.598
-1191.68
-1547
-2005.08
-2632.92
-3406.21
-4598.17
-5903.88
-8600.86
-10430.4
-21417.2
-9065.39
-704.757
-932.167
-1150.58
-1457.77
-1829.47
-2352.51
-3020.85
-3959.53
-5060.09
-6593.15
-8165.98
-9939.63
-12577.8
-11789.8
-15274.4
-734.656
-964.262
-1190.39
-1511.07
-1911.91
-2482.49
-3189.59
-4189.08
-5234.82
-6731.77
-7712.05
-9688.02
-10215.6
-14523.3
-13651.6
-721.835
-954.432
-1175.21
-1470.84
-1859.01
-2457.3
-3202.12
-4253.03
-5214.36
-6645.3
-7222.15
-9040.19
-9371.57
-11792.3
-12914.3
-872.211
-1158.19
-1438.79
-1833.05
-2387.81
-3198.55
-4115.92
-5381.81
-6386.98
-7986.29
-7867.09
-10340.5
-9456.06
-14617.4
-15258.5
-808.462
-1086.58
-1309.67
-1595.72
-2064.14
-2873.71
-3824.36
-5124.02
-5918.8
-7468.59
-6699.31
-10502.2
-8484.57
-15031
-12429.6
-1137.45
-1461.65
-1728.02
-2306.5
-3301.37
-4589.8
-5844
-7504.52
-8629.32
-10404.5
-9433.76
-14729.7
-10002.8
-22087.6
-19049.1
-868.49
-1270.39
-1424.8
-1835.71
-2600.98
-3920.97
-5201.12
-6927.96
-7598.13
-11136.7
-12150.6
-19754.5
-12964.4
-26166.7
-10537
-1803.04
-1844.14
-2170.79
-3850.6
-6088.45
-8215.76
-9910.76
-12961.4
-17749.6
-29312
-29659.7
-35248.8
-20377.2
-54325.6
-57460.5
-747.154
-1641.25
-1622.46
-2562.78
-4166.94
-5884.04
-7284.08
-9978.13
-16898
-29284.8
-32259.7
-41892
-41943.3
-107975
-87253.6
-4127.01
-3468.81
-3856.25
-9146.15
-13826.1
-16112.2
-18888.4
-27828.6
-41535.2
-57094.4
-70403.5
-75106.2
-86397.7
-135289
-21605.7
-751.417
-1534.88
1733.1
-188.912
-5165.93
-4697.74
475.824
621.45
-6747.12
-19059.6
-24212.8
-30605.8
-16995
-93064.9
-26166.7
-13653.3
-21926
-27408.8
-28864.3
-23684.8
-22339.3
-27040.7
-37516.9
-47918.1
-59466.3
-53756.9
-55712.5
-29726
-135858
-273616
-1830.84
-2513.44
-3121.33
-3921.06
-4906.75
-6149.24
-7755.66
-9709.41
-12546.7
-15796.6
-21312.6
-24216.4
-43403.6
-30897.2
-102533
-713.779
-865.833
-959.723
-1180.12
-1463.62
-1842.08
-2396.6
-3064.04
-4106.33
-5165.93
-7472.83
-8636.93
-13476.2
-18412.3
-17179.8
-445.181
-585.876
-715.754
-934.542
-1187.55
-1541.61
-1997.1
-2624.82
-3390.59
-4581.57
-5872.64
-8595.7
-10354.2
-21675.3
-6315.45
-704.701
-931.611
-1149.23
-1454.71
-1823.63
-2343.21
-3008.36
-3941.6
-5033.91
-6549.86
-8083.86
-9801.18
-12250.6
-11605.3
-13759.8
-733.883
-961.873
-1185.64
-1501.57
-1896.12
-2459.63
-3160.52
-4146.62
-5174.69
-6638.33
-7549.46
-9452.18
-9800.97
-14255.6
-12443.1
-721.423
-952.073
-1170.54
-1459.56
-1839.21
-2428.48
-3168.49
-4204.83
-5151.94
-6524.88
-7002.53
-8696.51
-8890.6
-11442.1
-11476.1
-868.504
-1148.79
-1420.49
-1794.46
-2328.76
-3128.22
-4040.57
-5270.94
-6245.64
-7720.03
-7417.19
-9714.09
-8750.69
-14004.5
-13386.5
-805.195
-1076.94
-1293.97
-1555.63
-2009.44
-2802.62
-3747.63
-5010.05
-5802.61
-7071.28
-5967.9
-9649.23
-7652.49
-14101.6
-9236.92
-1116.63
-1430.75
-1663.49
-2159.64
-3105.42
-4418
-5679.75
-7227.41
-8346.87
-9327.6
-8492.76
-13409.5
-8998.65
-21458.5
-13361.5
-846.42
-1237.37
-1408.78
-1822.93
-2512.81
-3775.16
-5079.51
-6827
-7501.16
-10563.5
-10968.5
-17534.4
-10083.9
-22945.3
11292.2
-1747.81
-1900.08
-2158.05
-3830.69
-6070.4
-8247.42
-9690.04
-12824.7
-17592
-27081.3
-25460.4
-32633.2
-18350.7
-50101.9
-39699.4
-661.115
-1651.78
-1753.59
-2589.79
-3773.41
-5553.04
-7328.92
-10291
-18471.1
-27419.5
-25397.1
-36461.3
-31567.6
-81755.4
-62972.6
-3892.47
-4189.93
-3232.2
-8642.44
-14056.9
-16087.4
-19527.3
-31089.5
-45518.1
-59891.7
-64979.5
-79327.5
-85747.4
-127267
836.801
-364.352
-1606.16
995.309
1246.19
-4952.96
-5053.36
-1265.42
-2234.28
-9146.11
-20930.1
-20547.2
-33165.4
-22758.6
-92438.6
-24788.6
-14014.4
-19676
-28596.9
-30619.4
-26609.1
-25309.4
-29900.8
-39563.3
-49355.7
-59432.5
-54091.5
-56327.9
-39362.6
-144818
-264269
-1830.85
-2513.02
-3121.36
-3919.21
-4905.58
-6143.63
-7751.59
-9700.19
-12537
-15789.7
-21283.8
-24243
-43555.8
-31375.8
-104923
-713.702
-865.135
-959.243
-1177.94
-1461.28
-1835.56
-2389.83
-3053.15
-4093.07
-5160.38
-7448.29
-8705.81
-13482.7
-19131.8
-16556.3
-444.85
-585.036
-714.216
-931.728
-1182.64
-1534
-1985.44
-2609.6
-3369.18
-4556.47
-5831.13
-8531.59
-10289.6
-21622.2
-3868.89
-704.511
-930.751
-1147.46
-1450.72
-1816.04
-2330.47
-2990.25
-3915.34
-4996.89
-6487.43
-7973.46
-9577.69
-11887.3
-11030.7
-12256.3
-732.886
-958.806
-1179.37
-1488.42
-1873.21
-2424.77
-3114.13
-4080.53
-5083.35
-6497.06
-7317.75
-9081.16
-9249.19
-13576.9
-11330.8
-720.887
-949.086
-1164.33
-1443.88
-1810.48
-2384.95
-3114.49
-4130.52
-5057.09
-6352.79
-6711.95
-8179.7
-8229.75
-10491.3
-9966.23
-865.115
-1138
-1396.27
-1738.66
-2236.17
-3010
-3906.72
-5088.63
-6002.63
-7318.16
-6738.98
-8716.13
-7687.11
-12461.8
-11462
-802.926
-1064.8
-1269.47
-1485.59
-1908.9
-2684.65
-3609.76
-4828.72
-5587.3
-6532.15
-5094.93
-8372.17
-6266.54
-11920
-6412.09
-1102.89
-1395.06
-1562.06
-1936.48
-2782.99
-4063.4
-5355.88
-6772.57
-7720.07
-7910.11
-6985.4
-11234.8
-7164.82
-18632.2
-8546.48
-840.254
-1190.46
-1348.44
-1743.25
-2348.17
-3609.74
-4854.68
-6571.75
-6902.73
-8953.27
-8620.12
-14118
-6120.66
-16525
20121.3
-1655.76
-1888.02
-2152.68
-3748.81
-5766.35
-8099.18
-9403.15
-11436.3
-14503.2
-21716.1
-20361.2
-27375.2
-15686.1
-40526.4
-22538.9
-650.09
-1919.57
-1920.57
-2817.52
-3721.54
-5000.75
-7198.11
-11388
-19480.4
-26947.4
-25662.7
-36172.6
-29261.6
-66004.5
-41809.7
-4338.21
-3855.98
-3743.91
-8128.6
-14837.9
-19177.7
-24130
-33436.4
-43852.4
-53279.7
-66627.5
-80486.1
-99804.9
-129744
-6130.09
-2152.97
-1020.23
2600.61
2018.12
-4874.58
-8072.45
-6101.98
-4941.19
-7463.41
-15677
-20732.8
-26778.2
-33182.2
-104840
-27125.4
-18204.8
-23909.2
-28408.6
-31024.7
-29896.5
-27718.7
-30522.7
-42112.4
-56019.4
-74378.7
-69193.4
-83732.8
-65770.1
-169758
-231302
-1830.85
-2512.34
-3121.15
-3917.44
-4904.76
-6139.62
-7747.5
-9690.04
-12519
-15779
-21246.9
-24289.4
-43741.5
-31919.2
-107218
-713.661
-864.469
-958.601
-1175.87
-1459.06
-1830.62
-2384.17
-3045.44
-4079.43
-5162.87
-7439.86
-8800.55
-13385.1
-19610.5
-15739.7
-444.59
-584.356
-712.734
-929.192
-1178.06
-1527.89
-1976.41
-2598.52
-3351.21
-4533.49
-5800.53
-8497.63
-10211.8
-21078.2
-2093.39
-704.43
-930.007
-1145.63
-1446.8
-1808.99
-2319.23
-2974.86
-3892.02
-4962.38
-6426.64
-7874.49
-9385.78
-11511
-10491.6
-11581
-731.909
-955.919
-1173.56
-1477.2
-1855.24
-2398.38
-3079.83
-4027.92
-5007.27
-6373.48
-7132.68
-8789.14
-8794.72
-12996.5
-10640.7
-720.633
-946.324
-1157.84
-1429.77
-1787.59
-2352.03
-3074.63
-4070.24
-4975.99
-6208.42
-6511.26
-7790.55
-7761.15
-9840.41
-9120.7
-860.474
-1125.81
-1371.93
-1692.79
-2170.13
-2932.98
-3824.14
-4962.17
-5818.58
-7014.04
-6302.28
-8032.48
-7060.87
-11331.2
-10151.2
-802.027
-1052.15
-1240.73
-1423.69
-1842.92
-2616.86
-3525.76
-4689.85
-5404.73
-6199.07
-4659.48
-7468.65
-5661.53
-10230.3
-5063.39
-1080.02
-1339.67
-1445.45
-1783.38
-2589.35
-3884.48
-5174.36
-6473.94
-7183.7
-7076.01
-6144.19
-9633.52
-6382.6
-14443.9
-5974.65
-848.662
-1118.19
-1269.62
-1630.46
-2210.84
-3622.11
-4798.13
-6137.63
-6234.61
-7255.3
-6963.47
-10539.4
-3037.27
-8731.33
12351.2
-1454.05
-1635.45
-2088.33
-3340.34
-5046.61
-7366.25
-8671.22
-9755.69
-10943.8
-15347.5
-15193.2
-20767.8
-11221.2
-31952.9
-9815.01
-687.535
-1619.11
-1940.91
-2765.71
-3745.49
-4989.93
-7296.36
-9437.51
-13688.7
-18396
-17285.7
-21116.9
-18129.1
-45631.8
-23829.2
-2747.38
-3632.55
-3949.06
-6384.51
-10821.4
-15837
-21527.5
-26449.2
-32383.6
-38626.9
-48533.3
-49831.9
-58947.7
-65652.1
8397.31
-282.04
2139.53
2964.78
1991.96
-2241.53
-5968.13
-329.321
4713.81
5914.01
2884.33
-3060
-2201.75
-13702.3
-46922.9
51509.5
-21727
-22577.4
-27036.2
-30337.7
-31990.9
-31289
-31381.6
-39646.7
-51058.2
-64724.6
-64751.6
-76686
-82350.8
-163341
-197795
-1830.82
-2511.63
-3121.04
-3915.3
-4903.45
-6134.12
-7742.2
-9679.52
-12496.4
-15762.7
-21189.4
-24381.2
-44007.2
-32393.8
-109390
-713.574
-863.78
-958.028
-1173.71
-1457.16
-1825.94
-2380.08
-3040.77
-4071.31
-5167.43
-7412.93
-8868.39
-13263.7
-20016
-15633.2
-444.295
-583.656
-711.382
-926.736
-1173.76
-1521.61
-1967
-2586.25
-3333.87
-4505.67
-5765.33
-8417.89
-10130.5
-20264.8
-811.746
-704.237
-929.223
-1143.91
-1443.06
-1802.31
-2307.85
-2958.59
-3866.8
-4926.74
-6359.65
-7770.75
-9168.76
-11118
-9874.35
-11166
-730.991
-953.261
-1167.97
-1465.96
-1836.69
-2369.54
-3041.14
-3969.63
-4927.04
-6243.75
-6950.29
-8480.09
-8323.01
-12298
-9884.39
-720.37
-944.084
-1151.65
-1415.94
-1763.95
-2314.36
-3026.06
-3999.35
-4884.56
-6062.82
-6319.43
-7394.09
-7261.02
-9081.72
-8449.99
-857.471
-1115.55
-1347.13
-1642.56
-2094.87
-2836.09
-3714.15
-4811.23
-5628.83
-6759.11
-6035.87
-7385.02
-6315.43
-10060.1
-9047.33
-801.375
-1040.81
-1201.43
-1353.9
-1762.64
-2514.53
-3398.9
-4521.66
-5205.95
-6186.66
-4359.03
-6407.2
-4986.43
-8512.87
-4513.44
-1065.8
-1280.97
-1303.18
-1578.13
-2374.87
-3689.05
-4951.97
-6166.77
-6853.74
-7352.01
-5365.46
-7919.7
-5687.11
-9970.19
-5253.18
-833.926
-1005.93
-1014.14
-1280.37
-1984.6
-3449.47
-4578.38
-5812.39
-6543.92
-6880.12
-5443.68
-7030.41
-2446.12
-6508.07
-5506.9
-1314.33
-1296.22
-1551.26
-2697.94
-4723.85
-7462.56
-8690.82
-9395.9
-9752.69
-12069.5
-12371.7
-16701.3
-8621.2
-27953.9
-9186.55
-431.01
-569.031
-894.626
-2365.03
-3946.78
-5197.86
-6443.89
-7324.7
-7838.92
-10511.5
-9025.41
-8632.66
-4765.52
-29677.4
-18120.1
-2316.17
-2887.12
-4047.53
-6521.04
-9696.96
-12440.6
-12133
-10908.2
-15150.6
-22806.9
-26478.8
-26445.5
-21229.3
-20162.9
-124.115
1435.06
-506.228
241.364
724.199
-351.568
-2647.8
850.05
6562.92
8912.04
4078.54
166.177
-11886.4
-8632.25
-18909.3
35858.4
-22385.4
-25538.7
-29007.3
-29907.7
-29782.6
-30920.8
-33613.3
-41956.3
-54171.3
-70745.4
-75101.6
-89848.8
-96855.8
-158731
-202671
-1830.79
-2510.89
-3120.94
-3912.91
-4902.23
-6128.68
-7735.63
-9666.84
-12467.6
-15751.7
-21132.7
-24458.3
-44200
-32827.2
-111432
-713.499
-863.139
-957.641
-1172.08
-1455.87
-1823.16
-2377.92
-3039.12
-4065.73
-5172.5
-7386.45
-8931.75
-13113
-20504.3
-16154.7
-444.102
-583.183
-710.415
-925.057
-1170.71
-1517.63
-1960.53
-2576.81
-3318.24
-4477.42
-5739.92
-8340.56
-10095.1
-19491.5
-469.417
-704.122
-928.58
-1142.45
-1440.36
-1798.15
-2300.88
-2948.05
-3846.97
-4896.08
-6295.66
-7680.69
-8980.46
-10781
-9321.98
-11088.7
-730.385
-951.461
-1164.57
-1460.64
-1829.88
-2357.52
-3021.75
-3930.22
-4866.79
-6128.57
-6806.44
-8228.47
-7957.6
-11692.3
-9137.25
-720.212
-942.074
-1147.88
-1413.12
-1762.63
-2307
-3010.95
-3957.34
-4818.31
-5915.04
-6175.35
-7097.08
-6929.68
-8583.89
-7892.21
-854.915
-1109.27
-1341.55
-1649.75
-2115.28
-2850.4
-3705.15
-4744.49
-5519.17
-6530.88
-5996.12
-7078.93
-6004.79
-9453.66
-7875.35
-800.523
-1034.56
-1209.45
-1416.26
-1830.09
-2549.26
-3414.92
-4454.42
-5060.31
-5770.92
-4478.41
-5909.56
-4601.84
-8182.56
-3421.95
-1059.09
-1277.37
-1398.57
-1757.4
-2575.97
-3844.66
-5024.76
-6101.24
-6672.82
-7264.93
-5649.15
-7956.97
-5398.59
-8764.04
-4040.05
-826.406
-1048.09
-1116.75
-1469.15
-2188.78
-3452.26
-4568.19
-5567.21
-5873.55
-6415.72
-4919.92
-6368.52
-2604.58
-7635.24
-16042.5
-1503.62
-1445.17
-1618.46
-2782.46
-4756.79
-7070.21
-8310.02
-8946.71
-10077.4
-12451.1
-12470.2
-14637.2
-8460.79
-26975.8
-10079.3
-454.875
-279.683
-698.707
-2166.42
-3807.16
-5479.34
-6360.1
-7109.56
-7974.73
-9766.93
-7967.18
-10576.4
-12101.6
-32351.5
-13041.8
-3662.32
-5867.93
-5878.87
-5862.89
-8724.03
-13054.1
-12210.9
-12416.1
-15767.7
-23891.9
-25404.8
-32601.6
-35833.4
-56225.8
-1664.34
334.04
-3038.15
-3356.69
-2399.15
-1815.32
-3874.11
-3032.32
-1013.47
-578.072
-6711.03
-10385.8
-16977.8
-16824.4
-56437.4
-20081.3
-19777.9
-21669.3
-26202.1
-30477.7
-30726.5
-28284.6
-33070.9
-44581.6
-58951.2
-74356
-74440.8
-75993.2
-84460.4
-124963
-222744
-1830.76
-2510.11
-3120.67
-3909.98
-4900.77
-6122.5
-7730.64
-9656.43
-12440.9
-15740.6
-21067.5
-24555.4
-44319.7
-33196.4
-113095
-713.391
-862.575
-957.414
-1170.81
-1454.69
-1820.52
-2375.66
-3038.96
-4063.48
-5180.54
-7350.72
-9030.07
-12970.9
-21122.2
-16642.1
-443.921
-582.829
-709.712
-923.65
-1168.1
-1513.55
-1954.05
-2568.28
-3306.67
-4456.45
-5719.96
-8258.02
-10123.4
-18992.3
-957.03
-703.917
-928.048
-1141.42
-1438.13
-1794.4
-2293.85
-2937.33
-3827.84
-4868.75
-6237.61
-7596.1
-8789.1
-10462.9
-8825.61
-11117.5
-729.948
-950.239
-1162.05
-1455.21
-1820.62
-2340.69
-2997.06
-3887.98
-4807.27
-6021.54
-6654.7
-7950.46
-7554.89
-11010.5
-8286.11
-720.092
-941.273
-1145.37
-1406.83
-1751.15
-2285
-2979.11
-3903.07
-4748.35
-5786.02
-5991.69
-6736.25
-6367.92
-7809.93
-7017.87
-854.177
-1105.62
-1332.04
-1629.2
-2080.08
-2793.32
-3628.5
-4628.79
-5374.37
-6297.83
-5676.01
-6430.98
-5222.91
-8475.79
-6023.94
-801.221
-1032.83
-1195.4
-1392.07
-1792.86
-2490.5
-3333.23
-4333.32
-4933.54
-5584.77
-4179.36
-5300.9
-3597.27
-7423.11
-640.558
-1058.16
-1254.06
-1356.59
-1715.13
-2520.16
-3748.94
-4868.28
-5863.33
-6378.65
-6873.93
-5026.74
-6837.72
-3498.81
-7510.35
-271.742
-820.79
-1011.37
-1056.55
-1319.82
-1939.88
-3250.04
-4400
-5443.49
-5880.98
-6599.74
-4912.37
-6121.47
-1178.26
-6816.63
-8586.04
-1485.8
-1429.24
-1717.53
-2895.73
-4894.59
-6889.98
-7936.29
-8864.62
-9770.21
-12974
-12505.1
-13592.7
-7837.36
-22063.4
-10657.9
-366.767
5.29895
52.4349
-1138.89
-3070.54
-4883.19
-5979.19
-6851.06
-7884.68
-11570.4
-10880.4
-14497.8
-11628.6
-19511.6
-20203.2
-3467.61
-4409.07
-5122.24
-7779.01
-10544.4
-12182.6
-12136.4
-12690.4
-16191.5
-26274.6
-33071.4
-42523.4
-39819.3
-38071
-10811
-414.531
-2011.34
-3347.8
-5304.31
-6041.58
-5144.17
-2771.73
-775.716
-1026.64
-7811.55
-12021.1
-11957.1
-17426.6
-48280.3
-20604.5
-16784.9
-18340.8
-22592.1
-24518.2
-24297.9
-25328.6
-28074.1
-36605.4
-47785.5
-59367.8
-61116.7
-61237.3
-66788.4
-123392
-197680
-1830.72
-2509.21
-3120.51
-3907.44
-4900.83
-6116.52
-7727.89
-9643.21
-12421.3
-15736.5
-21026.3
-24655.7
-44212.7
-33577.5
-114364
-713.333
-862.108
-957.282
-1169.95
-1453.98
-1819.28
-2373.62
-3038.94
-4059.41
-5189.68
-7318.14
-9187.24
-12868.2
-21741.1
-16085.1
-443.859
-582.681
-709.384
-923.091
-1167.16
-1512.14
-1951.27
-2562.98
-3297.54
-4442.05
-5712.74
-8206.65
-10189.8
-18821.9
-1302.35
-703.781
-927.683
-1140.84
-1437.08
-1793.33
-2291.4
-2933.33
-3816.24
-4850.02
-6191.56
-7530.83
-8628.92
-10211.8
-8429.67
-10853.6
-729.888
-950.109
-1162.04
-1455.09
-1821.16
-2338.54
-2990.81
-3866.2
-4768.89
-5936.61
-6533.77
-7719.07
-7258.39
-10338.9
-7232.24
-720.046
-940.941
-1145.21
-1407.21
-1754.37
-2286.78
-2978.41
-3881.74
-4706.95
-5683.59
-5838.13
-6427.14
-5923.92
-7015.5
-5776.14
-854.177
-1106.78
-1336.26
-1639.38
-2099.18
-2808.55
-3634.19
-4591.74
-5293.96
-6097.36
-5359.67
-5896.83
-4635.34
-7556.76
-4005.71
-802.237
-1034.33
-1204.11
-1406.85
-1817.79
-2513.32
-3355.47
-4311.36
-4859.87
-5406.85
-3790.1
-4822.57
-2919.32
-6415.5
2153.85
-1058.72
-1269.74
-1380.43
-1749.46
-2559.69
-3772.87
-4891.03
-5802.66
-6239.59
-6562.41
-4426.5
-6126.75
-2548.93
-6346.95
4416.96
-840.962
-1047.35
-1103.11
-1468.61
-2184.18
-3400.32
-4456.57
-5340.15
-5970.48
-6488.02
-5414.72
-5556.85
1152.19
-5333.84
10686.6
-1463.9
-1380.09
-1645.11
-2823.48
-4720.89
-6936.24
-8180.65
-8922.7
-11107.9
-15419.9
-15167.5
-13872.8
-6635.28
-22392.6
-13178.6
-464.521
-251.382
-721.939
-2164.63
-3701.4
-5325.73
-6215.83
-7282.04
-9762.22
-15459.8
-15265.1
-14263.1
-8578.06
-20128.7
-25565.6
-3934.11
-5952.85
-5757.55
-5519.74
-8090.88
-12163.1
-13369.3
-15463.5
-20954.2
-31791.6
-38468.4
-44630.7
-40063.6
-51514
-6732.25
197.914
-2859.62
-3137.91
-2185.62
-2067.17
-2993.89
-2951.83
-1343.7
-2254.8
-9014.57
-11306.1
-16148.1
-27407.9
-83099
-23644.8
-19181.4
-21239.4
-25970.1
-30078.2
-29627.6
-29189.5
-28132.2
-33955.6
-42775.7
-56778
-63399.2
-73174.6
-94889.3
-167670
-216850
-1830.64
-2508.32
-3120.53
-3904.99
-4901.78
-6110.26
-7729.25
-9630.33
-12414.8
-15727
-21019.9
-24709.5
-43945.2
-33988.9
-115368
-713.255
-861.707
-957.195
-1169.26
-1453.48
-1818.88
-2371.4
-3040.46
-4056.06
-5196.13
-7293.32
-9316.42
-12704.7
-22255
-13866.8
-443.804
-582.632
-709.321
-922.968
-1166.69
-1511.42
-1949.37
-2559.71
-3292.76
-4433
-5707.94
-8167.12
-10174.9
-18715.9
-184.86
-703.554
-927.442
-1140.75
-1436.69
-1793.02
-2289.71
-2930.29
-3806.36
-4835.71
-6154.36
-7475.46
-8492.63
-9984.48
-8017.52
-9663.37
-730.026
-950.623
-1163.09
-1455.23
-1819.69
-2332.4
-2980.17
-3842.66
-4734.02
-5864.79
-6423.83
-7509.08
-7001.3
-9583.61
-6044.46
-719.963
-941.649
-1146.42
-1404.8
-1748.36
-2275.13
-2961.6
-3847.68
-4664.25
-5586.51
-5684.1
-6110.29
-5461.8
-6018.2
-4255.94
-856.026
-1110.9
-1338.4
-1625.46
-2066.36
-2756.09
-3573.86
-4509.31
-5203.16
-5896.87
-4998.75
-5375.65
-4003.56
-6285.94
-2144.75
-803.172
-1038.44
-1194.19
-1345.62
-1746.63
-2452.24
-3282.53
-4223.95
-4808.95
-5197.29
-3331.87
-4271.52
-2210.83
-4736.66
4557.32
-1062.39
-1274.31
-1301.26
-1578.77
-2340.36
-3545.12
-4673.37
-5592.04
-6156.49
-5615
-3846.57
-4926.52
-1632.96
-4076.63
9969.61
-842.28
-1009.27
-1024.05
-1291.5
-1963.14
-3321.52
-4320.75
-5381.08
-6238.07
-6119.38
-4688.04
-4475.79
2949.52
-2075.62
24604.6
-1292.81
-1314.93
-1608.98
-2747.25
-4667.92
-7054.44
-8027.41
-9282.53
-10887.8
-14483.4
-12088.6
-11375.3
-5126.28
-20582.6
-8755.56
-496.209
-758.887
-1032.9
-2450.71
-4037.92
-5055.29
-6059.93
-7574.74
-10525
-15534.6
-11995.9
-9414.29
-6970.38
-15035.9
-25299.9
-2366.9
-2979.6
-4231.34
-6733.85
-9960.87
-12356.2
-11918.1
-10966.5
-16092.8
-34124.3
-46817.4
-53612.5
-60246.4
-48191.4
-11385.2
1207.87
-602.217
169.068
679.666
-729.656
-1676.6
-1193.06
1289.32
2923.81
-3750.88
-16777.2
-26602.6
-46541.1
-63919.3
10172.2
-22119.3
-25289.4
-28329.6
-28444.7
-28294
-29838.1
-32971
-43177.8
-56254
-75117.2
-80284.6
-87562.4
-116746
-190818
-211596
-1830.55
-2507.46
-3120.74
-3902.71
-4903.13
-6104.82
-7733.81
-9620.3
-12422.2
-15713
-21050.5
-24697.7
-43885.8
-34414.6
-116462
-713.22
-861.356
-957.305
-1169.13
-1453.81
-1819.36
-2371.14
-3042.21
-4053.72
-5200.31
-7292.29
-9393.47
-12455
-22605.5
-11255.6
-443.854
-582.79
-709.671
-923.603
-1167.55
-1512.32
-1949.83
-2560.1
-3294.04
-4431.24
-5717.69
-8141.62
-10176.6
-18364.9
1724.47
-703.398
-927.345
-1140.99
-1437.4
-1795.34
-2292.58
-2934.12
-3805.66
-4831.94
-6130.61
-7445.27
-8418
-9852.06
-7651.55
-8335.37
-730.454
-951.98
-1166.29
-1461.08
-1829.55
-2342.78
-2990.06
-3842.16
-4722.55
-5818.76
-6360.8
-7396.87
-6903.3
-9078.14
-4883.93
-719.938
-942.557
-1149.8
-1412.37
-1762.82
-2292
-2979.59
-3850.03
-4650.1
-5518.46
-5607.19
-5984.59
-5319.27
-5304.7
-2197.05
-858.449
-1118.81
-1358.18
-1663.52
-2120.43
-2806.53
-3613.86
-4517
-5172.99
-5767.11
-4931.98
-5213.76
-3863.46
-5475.1
-316.927
-804.737
-1047.65
-1225.87
-1397.69
-1801.98
-2502.95
-3336.53
-4250.77
-4766.77
-4956.79
-3216.16
-4038.88
-2133.69
-3494.11
7012.21
-1076.94
-1326.49
-1423.8
-1749
-2506.31
-3632.57
-4725.99
-5597.8
-5812.76
-4929.94
-3435.7
-4069.76
-1273.8
-1632.34
16311.3
-864.46
-1110.44
-1244.02
-1591.92
-2142.53
-3407.21
-4408.67
-5361.23
-5062.31
-5187.25
-3872.31
-3879.15
2650.98
789.159
27418.3
-1438.09
-1615.67
-2104.98
-3368.01
-4938.76
-6861.95
-7810.24
-8608.79
-9243.18
-11502.8
-10212.4
-10836.4
-3035.8
-14438
4262.32
-715.649
-1681.15
-2001.64
-2782.56
-3936.12
-5116.21
-7032.03
-8862.29
-12250.6
-13913.4
-9438.07
-4441.44
3022.99
2764.82
-4871.04
-2730.17
-3558.68
-4356.69
-7050.97
-11769.6
-15889.6
-19132
-22971.1
-24942.9
-29926.4
-31456.2
-31753.6
-19096
-9883.97
17079.8
-152.362
2529.02
2968.73
1747.21
-4082.07
-6038.84
-2402.72
3178.88
8883.91
2433.62
-9008.6
-9086.84
-9684.16
7740.81
33149.7
-21446.9
-22153.2
-26421.9
-29382.9
-30575.6
-29766.7
-29588.7
-36539.7
-49670.6
-79073.1
-110172
-119855
-154977
-181286
-204827
-1830.47
-2506.78
-3121
-3900.39
-4904.29
-6099.69
-7736.5
-9610.6
-12438.1
-15706
-21111.6
-24607.1
-43972.5
-34802.1
-117324
-713.153
-861.116
-957.511
-1169.4
-1454.35
-1820.08
-2372.65
-3043.08
-4055.68
-5204.73
-7310.47
-9456.07
-12195
-22801.4
-9231.01
-443.886
-583.024
-710.159
-924.517
-1168.89
-1513.97
-1950.67
-2559.97
-3294.72
-4434.88
-5740.78
-8117.4
-10264.4
-17766.7
4048.92
-703.178
-927.324
-1141.48
-1438.73
-1798.62
-2296.44
-2938.19
-3805.4
-4830.12
-6115.43
-7429.13
-8357.62
-9753.29
-7065.41
-6152.07
-731.04
-953.726
-1170
-1467.65
-1839.97
-2352.55
-2997.9
-3840.81
-4715.44
-5790.32
-6314.14
-7322.5
-6790.4
-8941.58
-5104.51
-719.912
-943.991
-1153.83
-1421.28
-1778.15
-2306.44
-2991.03
-3845.26
-4635.89
-5470.77
-5543.89
-5869.44
-5208.33
-4831.86
-765.998
-862.702
-1129.07
-1379.12
-1701.25
-2170.77
-2842.45
-3631.54
-4504.68
-5165.68
-5711.69
-4921.36
-5094.39
-3735.75
-4974.64
525.715
-806.088
-1057.97
-1251.7
-1451.7
-1854.31
-2530.65
-3360.16
-4244.39
-4763.4
-4902.38
-3107.48
-3727.3
-1981.19
-2532.89
8520.54
-1101.43
-1380.13
-1542.66
-1897.52
-2669.93
-3715.98
-4756.71
-5559.62
-5990.28
-4840.93
-3065.41
-3280.71
-818.805
641.731
15995
-862.279
-1181.87
-1336.7
-1714.37
-2265.01
-3307.54
-4369.28
-5477.18
-5434.62
-5087.35
-3298.14
-3371.24
1064.75
1922.12
16289.8
-1662.49
-1880.02
-2237.85
-3840.55
-5572.34
-7343.33
-8076.57
-9395.24
-10308.2
-11160.2
-8747.39
-10348.5
-2372.9
-10986.1
10618.6
-759.364
-2004.73
-2053.8
-2887.43
-3692.3
-4845.45
-6663.17
-10218.6
-17582.5
-16830.1
-9565.34
-2004.24
5918.51
276.352
7902.81
-4547.28
-3633.72
-4408.2
-8936.74
-14580.7
-16853.1
-20726.9
-28446.3
-36806
-31728.1
-28930.4
-30247.9
-34141.7
-39793.5
17860.3
-2106.46
-452.979
2644.54
1021.69
-5975.52
-7520.27
-7918.92
-10822.2
-7608.98
7400.16
21642.9
18914.4
12626
-7570.58
11975.3
-18168.1
-23237
-27260.3
-30087
-26848.4
-26372.1
-29442.1
-40503.5
-53780.9
-71672.9
-97857.8
-81874.4
-96320.7
-145970
-208879
-1830.46
-2505.9
-3120.92
-3898.31
-4906.44
-6097.82
-7740.96
-9601.78
-12448.9
-15689.8
-21191.9
-24493.6
-44195.1
-35254.4
-118699
-713.177
-861.004
-957.711
-1169.62
-1455.63
-1821.54
-2377.15
-3043.67
-4064.15
-5204.04
-7361.9
-9521.91
-12038.3
-22927.9
-8684.86
-443.991
-583.382
-710.775
-925.49
-1170.82
-1516.92
-1955
-2564.29
-3302.95
-4443.93
-5781.71
-8143.26
-10523.2
-17646.3
4018.19
-703.027
-927.392
-1141.96
-1440.21
-1802.7
-2302.24
-2946.56
-3811.43
-4838.47
-6113.07
-7450.17
-8351.24
-9828.91
-6522.12
-6824.88
-731.553
-955.552
-1174.06
-1476.1
-1855.44
-2371.29
-3019.39
-3856.14
-4728.58
-5787.33
-6316.05
-7340.51
-6708.88
-9307.18
-4835.81
-720.008
-945.488
-1157.32
-1431.54
-1799.07
-2332.08
-3019.15
-3859.45
-4641.2
-5452.57
-5563.32
-5848.1
-5252.34
-4657.76
2368.9
-865.401
-1137.39
-1398.85
-1747.69
-2246.11
-2919.25
-3702.06
-4550.34
-5210.46
-5741.01
-5070.66
-5225.32
-3919.98
-4831.98
2114.25
-808.652
-1067.17
-1270.8
-1511.66
-1938.09
-2608.49
-3441.03
-4281.71
-4787.98
-4983.43
-3387.93
-3744.51
-2223.51
-2097.39
10055.5
-1113.89
-1407.32
-1636.49
-2106.97
-2955.65
-3966.63
-4928.66
-5668.27
-6139.64
-5260.46
-3220.62
-3146.47
-977.138
1964.98
13038.9
-874.484
-1223.29
-1381.15
-1766.83
-2407.28
-3425.97
-4516.71
-5391.2
-5778.92
-5447
-3851.34
-3644.72
154.918
2967.62
6170.89
-1746.01
-1808.26
-2199.75
-3877.85
-5818.21
-7274.46
-8066.03
-9619.86
-12292.5
-13456.9
-9500.53
-10053.5
35.2811
-4982.72
15637.4
-801.156
-1728
-1793.46
-2615.68
-3972.97
-5307.88
-6647.16
-8803.03
-17464
-18732.4
-9343.45
2599.38
4045.97
3961.13
11886.9
-3820.53
-3488.96
-4195.79
-9341.39
-13425.1
-14248.7
-16249.6
-24402.1
-39072
-36205.2
-29944.7
-34269
-40528.1
-18031.4
29269.2
-471.495
-1172.44
1407.92
-373.567
-5419.54
-4444.1
-2526.23
-7763.43
-18401.6
-21886.7
11675.5
-500.24
-7758.07
11860.4
39701.3
-14318.7
-19626.5
-26953.6
-29453.2
-24426.5
-23882
-28296.7
-39713.6
-51016.1
-91698.1
-115448
-108653
-161970
-177815
-201497
-1830.35
-2505.22
-3121.12
-3897.37
-4907.74
-6093.44
-7740.75
-9597.96
-12463.3
-15682.6
-21272.7
-24340.9
-44361
-35689.9
-119543
-713.187
-861.025
-957.814
-1169.86
-1457.17
-1823.54
-2378.49
-3042.28
-4075.38
-5207.26
-7413.63
-9592.35
-11816.4
-22945.5
-7162.52
-444.034
-583.6
-711.168
-926.458
-1172.83
-1519.88
-1956.75
-2564.48
-3305.75
-4453.06
-5812.61
-8161.96
-10784.2
-17407.7
7637.29
-702.862
-927.436
-1142.41
-1441.57
-1806.12
-2306.67
-2951.58
-3814.1
-4842.84
-6110.11
-7465.54
-8312.82
-9911.48
-5094.05
-3969.74
-732.039
-957.126
-1177.33
-1482.4
-1866.11
-2382.68
-3030.6
-3862.87
-4733.46
-5784.56
-6302.45
-7363.64
-6486.26
-9838.47
-8857.92
-720.148
-946.827
-1160.19
-1439.18
-1813.73
-2348.22
-3034.05
-3864.28
-4640.2
-5441.59
-5581.88
-5853.59
-5235.94
-5333.7
1047.27
-868.708
-1145.2
-1414.49
-1780.21
-2293.48
-2960.45
-3734.31
-4565.72
-5223.68
-5759.41
-5162.79
-5303.69
-4045.24
-5350.5
399.891
-812.216
-1074.93
-1283.96
-1545.81
-1985.44
-2652.95
-3480.01
-4294.88
-4791.66
-5049.05
-3718.22
-3777.3
-2309.56
-2158.91
9204.74
-1134.05
-1435.32
-1700.43
-2248.84
-3122.47
-4066.61
-4998.21
-5706.69
-6162.86
-5669.86
-3369.03
-3153.22
-936.136
2151.36
3429.18
-904.208
-1251.11
-1401.25
-1785.99
-2503.02
-3523.04
-4571.75
-5311.37
-5769.6
-5710.46
-4510.94
-3896.95
585.288
1254.09
-16144
-1805.18
-1786.7
-2254.09
-3902.73
-5732.75
-7068.25
-8126.57
-9178.38
-11918.9
-14661.8
-10296.7
-7619.54
1126.45
-2620.35
12425.9
-917.612
-1674.81
-1644.8
-2648.37
-4208.74
-5391.31
-6390.97
-8035.35
-14291.2
-19841.3
-15028.5
1262.64
-568.614
12643
14776.6
-4118.14
-2989.53
-4666.77
-9642.84
-12903.2
-13968.2
-15715
-22070.8
-33954.3
-44368.8
-31245.3
-16656.6
-24263.2
-11560.9
30149.4
-880.479
-1024.83
2075.98
-1925.83
-5427.8
-3618.69
-1318.05
-5789.59
-12301.7
-33632.6
-14643.9
9624.84
27462.5
35527.6
46368.8
-13649
-22065.1
-25916.6
-26923
-21192.2
-20528.6
-24633.8
-36639.2
-51439.2
-90792.8
-139623
-148367
-177894
-150872
-194176
-1830.32
-2504.65
-3121.22
-3896.3
-4908.51
-6090.57
-7747.04
-9599.81
-12471.3
-15670.6
-21372.1
-24063.7
-44907.5
-37029.2
-123368
-713.189
-860.789
-958.049
-1169.84
-1458.74
-1824.47
-2383.1
-3042.71
-4092.53
-5201.55
-7543.61
-9665.45
-11550.9
-21511.2
-5273.03
-444.068
-583.888
-711.828
-927.699
-1175.12
-1522.16
-1961.2
-2570.85
-3320.93
-4472.02
-5887.76
-8328.14
-11316.3
-19355.5
1986.99
-702.662
-927.465
-1142.75
-1442.72
-1809.41
-2311.43
-2960.35
-3822.77
-4859.28
-6121.08
-7544.32
-8400.88
-10393
-5867.48
-16347
-732.23
-958.466
-1180.51
-1489.41
-1879.88
-2401.45
-3056.32
-3886.98
-4762.21
-5800.99
-6358.18
-7404.27
-6382.23
-9017.91
-1437.24
-720.232
-948.267
-1162.89
-1446.59
-1830.33
-2370.98
-3061.52
-3882.62
-4658.26
-5448.34
-5676.99
-5889.3
-5327.59
-4388.72
8904.75
-870.004
-1150.43
-1426.42
-1810.84
-2351.47
-3032.44
-3814.54
-4633.84
-5299.75
-5854.44
-5413.61
-5507.73
-4303.99
-4953.05
4504.15
-817.208
-1085.28
-1297.78
-1581.75
-2047.29
-2727.34
-3550.85
-4330.53
-4846.77
-5175.08
-4306.97
-4204.04
-2645.84
-2131.22
11288.5
-1143.52
-1444.71
-1724.43
-2338.36
-3301.2
-4269.14
-5201.02
-5877.58
-6354.78
-6307.63
-4538.53
-3645.35
-625.832
2214.89
5827.05
-946.406
-1279.05
-1431.58
-1859.29
-2627.31
-3677.74
-4670.03
-5274.86
-5921.5
-6452.43
-5939.94
-4572.18
1535.52
-74.1456
-9135.61
-1891.97
-1779.06
-2330.79
-3989.93
-5820.98
-7148.56
-8295.1
-9115.24
-11343.3
-14676.6
-11256.8
-4827.7
292.067
249.692
19909.9
-1131.3
-1600.34
-1497.79
-2464.59
-3980.36
-5126.08
-5842.55
-6779.78
-10653
-15293
-17672.9
2586.11
3784.04
25122.4
25645.5
-4547.16
-2589.53
-5466.54
-10513.1
-12045.2
-12701.1
-14105.6
-19178.7
-28883
-38835.1
-38340.7
-15266.7
-12110.1
-27667.4
45773.3
-485.621
360.696
3178.03
-2018.1
-4716.7
-1886.65
1128.13
-2233.57
-2854.27
-22461.4
-19533.3
19267.8
83402
26705.2
61599.2
-14934.1
-23577.1
-24791.7
-24764.2
-18039.9
-17382.7
-20078.4
-27469.4
-30655.3
-74251
-132040
-159917
-166988
-137181
-207723
)
;

boundaryField
{
    outletsourceFace
    {
        type            zeroGradient;
    }
    outletdestinationFace
    {
        type            zeroGradient;
    }
    outletFace
    {
        type            zeroGradient;
    }
    outletWall
    {
        type            fixedValue;
        value           uniform 0;
    }
    inletFace
    {
        type            zeroGradient;
    }
    inletWall
    {
        type            fixedValue;
        value           uniform 5;
    }
    inletsourceFace
    {
        type            zeroGradient;
    }
    inletdestinationFace
    {
        type            zeroGradient;
    }
}


// ************************************************************************* //
