/*--------------------------------*- C++ -*----------------------------------*\
| =========                 |                                                 |
| \\      /  F ield         | OpenFOAM: The Open Source CFD Toolbox           |
|  \\    /   O peration     | Version:  4.1                                   |
|   \\  /    A nd           | Web:      www.OpenFOAM.org                      |
|    \\/     M anipulation  |                                                 |
\*---------------------------------------------------------------------------*/
FoamFile
{
    version     2.0;
    format      ascii;
    class       volScalarField;
    location    "17";
    object      p;
}
// * * * * * * * * * * * * * * * * * * * * * * * * * * * * * * * * * * * * * //

dimensions      [0 2 -2 0 0 0 0];

internalField   nonuniform List<scalar> 
6750
(
-143.366
-65.0204
-132.727
-122.284
-153.397
-158.861
-192.894
-229.966
-234.99
-262.466
-318.802
-300.131
-312.061
-203.051
-308.666
-142.863
-63.7026
-132.201
-121.931
-152.994
-158.171
-195.444
-224.616
-236.895
-271.489
-319.551
-301.078
-311.663
-200.76
-308.618
-142.417
-62.744
-131.761
-121.607
-152.43
-157.545
-197.754
-222.45
-241.291
-277.877
-318.613
-302.759
-311.822
-198.998
-308.755
-141.828
-61.4355
-131.131
-121.132
-151.316
-156.525
-194.242
-220.662
-243.83
-285.355
-318.118
-305.08
-312.484
-198.408
-308.52
-141.291
-60.2782
-130.563
-120.71
-150.163
-155.521
-188.897
-216.055
-237.212
-286.666
-317.554
-306.136
-313.135
-198.087
-308.455
-140.812
-59.1714
-130.023
-120.336
-149.234
-154.698
-186.595
-213.074
-233.128
-285.876
-317.181
-306.311
-313.639
-197.455
-308.362
-140.504
-58.3749
-129.649
-120.118
-148.973
-154.397
-189.984
-211.608
-231.947
-287.81
-317.059
-305.402
-313.454
-196.686
-308.304
-140.385
-58.1116
-129.459
-119.988
-148.694
-154.449
-190.029
-212.127
-231.125
-289.285
-316.928
-305.398
-313.286
-195.532
-308.4
-140.467
-58.4497
-129.576
-120.003
-148.855
-154.231
-190.78
-211.353
-230.609
-287.369
-316.973
-305.007
-313.233
-196.567
-308.258
-140.749
-59.2613
-129.869
-120.106
-149.019
-154.224
-188.418
-211.367
-232.488
-284.693
-317.207
-305.288
-313.143
-197.321
-308.317
-141.2
-60.3613
-130.319
-120.357
-149.567
-154.676
-187.56
-213.287
-233.236
-284.011
-317.432
-305.141
-312.615
-197.727
-308.441
-141.715
-61.4975
-130.814
-120.685
-150.506
-155.444
-191.718
-217.125
-240.594
-284.498
-317.946
-304.153
-311.847
-197.949
-308.567
-142.282
-62.777
-131.383
-121.089
-151.482
-156.356
-195.37
-219.692
-239.793
-277.564
-318.336
-302.054
-311.11
-198.423
-308.87
-142.715
-63.7136
-131.787
-121.374
-152.013
-156.958
-193.653
-221.686
-234.81
-270.562
-319.124
-300.249
-310.842
-200.081
-308.816
-143.203
-65.0034
-132.278
-121.695
-152.352
-157.638
-190.737
-227.177
-231.543
-260.202
-318.379
-299.114
-311.163
-202.266
-308.944
-192.1
-56.5693
-137.881
-116.361
-144.408
-145.652
-155.554
-177.124
-183.921
-246.365
-317.731
-308.145
-308.569
-136.682
-431.628
-191.565
-54.9519
-136.882
-115.622
-143.114
-144.091
-151.903
-175.369
-191.778
-256.438
-320.046
-310.018
-307.625
-134.738
-432.497
-191.127
-53.9196
-136.173
-115.072
-141.721
-142.724
-145.857
-177.71
-205.496
-264.409
-321.49
-311.622
-307.4
-133.012
-434.006
-190.505
-52.3743
-135.115
-114.289
-139.688
-140.646
-136.163
-173.776
-213.483
-274.968
-322.02
-313.462
-308.83
-132.483
-433.801
-189.96
-51.0523
-134.198
-113.656
-137.888
-138.509
-127.445
-163.33
-207.073
-279.729
-320.959
-314.377
-310.165
-132.074
-434.321
-189.454
-49.7612
-133.301
-113.101
-136.54
-136.705
-123.958
-155.447
-201.849
-279.831
-320.204
-315.339
-311.452
-131.364
-434.696
-189.126
-48.8716
-132.683
-112.795
-136.212
-135.879
-127.782
-152.253
-199.506
-282.34
-320.346
-314.686
-311.114
-130.802
-435.087
-188.962
-48.6165
-132.398
-112.637
-135.958
-135.788
-130.445
-153.995
-198.359
-283.217
-320.46
-314.125
-310.015
-129.815
-435.926
-189.021
-49.0328
-132.629
-112.684
-136.165
-135.79
-130.053
-152.541
-197.112
-281.828
-320.438
-314.257
-310.748
-131.029
-435.027
-189.286
-49.9872
-133.165
-112.873
-136.387
-136.311
-126.149
-153.754
-200.536
-279.08
-320.622
-315.274
-311.377
-131.86
-434.677
-189.735
-51.3088
-133.961
-113.3
-137.278
-137.602
-126.213
-158.961
-202.584
-278.227
-321.145
-314.358
-310.254
-132.504
-434.407
-190.239
-52.632
-134.802
-113.842
-138.817
-139.55
-132.907
-169.279
-211.273
-275.914
-322.221
-313.219
-308.867
-132.954
-434.002
-190.828
-54.1617
-135.798
-114.559
-140.714
-141.615
-142.643
-175.859
-207.342
-265.706
-321.985
-311.398
-307.371
-133.427
-434.357
-191.245
-55.1808
-136.476
-115.08
-142.118
-143.045
-149.634
-174.587
-193.022
-256.26
-320.456
-309.597
-307.445
-135.097
-433.047
-191.761
-56.7702
-137.441
-115.792
-143.415
-144.65
-153.867
-176.108
-182.213
-244.775
-318.211
-307.622
-308.343
-137.014
-432.337
-289.473
-14.1377
-139.754
-116.347
-137.76
-135.087
-131.646
-131.49
-136.4
-204.565
-267.815
-280.616
-258.465
-48.7626
-575.708
-288.227
-12.9469
-138.508
-115
-135.579
-133.544
-126.746
-134.618
-145.918
-211.835
-270.252
-282.706
-257.31
-49.2439
-577.141
-287.314
-12.5215
-137.796
-114.193
-133.724
-132.562
-120.423
-141.697
-158.925
-218.313
-271.549
-284.241
-255.837
-49.8402
-579.178
-286.032
-11.5493
-136.511
-112.913
-130.92
-130.198
-109.845
-141.836
-170.123
-227.058
-272.645
-285.992
-256.293
-50.0464
-579.505
-284.978
-10.8136
-135.42
-111.916
-128.66
-127.313
-101.834
-132.611
-170.443
-231.547
-272.267
-286.686
-256.286
-50.4521
-580.49
-284.039
-9.9431
-134.222
-110.982
-126.954
-124.806
-99.2135
-123.905
-168.654
-231.973
-271.393
-287.357
-256.424
-50.5694
-581.235
-283.523
-9.29113
-133.331
-110.517
-126.562
-124.654
-100.928
-121.388
-168.195
-234.059
-271.75
-287.627
-256.202
-51.0174
-581.777
-283.292
-9.11263
-132.907
-110.289
-126.329
-124.525
-104.353
-121.502
-165.878
-233.753
-271.223
-287.245
-254.946
-51.5676
-582.69
-283.347
-9.52305
-133.355
-110.431
-126.585
-124.734
-103.346
-121.017
-165.716
-233.598
-271.65
-287.253
-256.251
-51.3685
-581.959
-283.794
-10.2485
-134.165
-110.813
-126.854
-125.118
-100.083
-123.096
-168.064
-232.135
-271.918
-287.486
-257.043
-51.1156
-581.789
-284.673
-11.158
-135.245
-111.601
-128.062
-126.365
-100.791
-128.057
-168.504
-231.209
-272.719
-286.695
-257.023
-50.9597
-581.459
-285.694
-11.8933
-136.248
-112.534
-130.043
-129.228
-106.355
-139.744
-171.215
-228.735
-273.64
-286.02
-257.295
-50.5181
-580.933
-286.948
-12.8468
-137.463
-113.774
-132.753
-131.794
-117.052
-142.86
-163.103
-220.104
-272.619
-284.152
-256.902
-50.1394
-581.072
-287.849
-13.257
-138.149
-114.581
-134.698
-132.996
-124.846
-137.275
-149.195
-212.218
-271.157
-282.447
-258.307
-49.353
-579.523
-289.078
-14.4138
-139.362
-115.914
-136.975
-134.599
-130.81
-132.994
-136.657
-204.112
-268.638
-280.295
-259.498
-48.8676
-578.489
-396.414
38.8549
-128.996
-120.618
-135.409
-135.383
-125.045
-114.524
-115.992
-175.637
-216.486
-245.947
-197.462
-53.6185
-669.506
-395.052
39.8569
-127.544
-119.071
-132.914
-133.714
-121.536
-119.239
-123.514
-180.932
-219.117
-248.256
-196.737
-56.5098
-672.345
-394.136
39.9858
-126.748
-118.273
-131.087
-132.299
-118.702
-125.708
-132.598
-184.858
-219.852
-249.292
-194.935
-58.8264
-675.456
-392.705
40.4348
-125.267
-116.679
-127.969
-128.458
-111.39
-125.049
-144.69
-190.19
-221.371
-250.529
-194.634
-60.0004
-677.17
-391.505
40.3762
-124.021
-115.435
-125.531
-123.707
-104.551
-117.112
-150.302
-193.109
-222.304
-250.897
-194.191
-61.5014
-678.87
-390.336
40.3353
-122.632
-114.245
-123.604
-120.43
-100.276
-111.14
-149.88
-193.4
-222.408
-251.059
-193.822
-62.8771
-680.589
-389.617
40.121
-121.599
-113.78
-122.924
-121.468
-98.6855
-109.184
-149.747
-194.778
-223.357
-251.681
-193.484
-64.0424
-681.403
-389.323
40.0879
-121.066
-113.487
-122.601
-122.17
-100.76
-109.145
-147.034
-194.044
-223.124
-251.53
-192.611
-65.9659
-682.81
-389.487
40.1923
-121.613
-113.69
-122.919
-122.332
-99.9648
-108.826
-147.704
-194.319
-223.525
-251.535
-193.263
-64.7888
-682.497
-390.119
40.4045
-122.563
-114.059
-123.389
-121.47
-99.2737
-110.084
-149.35
-193.636
-223.091
-251.066
-194.097
-63.639
-682.453
-391.229
40.4614
-123.828
-114.988
-124.89
-122.612
-102.213
-113.701
-149.398
-193.036
-222.95
-250.43
-194.738
-62.2994
-681.867
-392.397
40.5314
-124.992
-116.147
-127.014
-127.067
-108.222
-123
-147.679
-191.452
-222.618
-250.061
-195.613
-60.4164
-681.016
-393.806
40.0967
-126.419
-117.732
-130.11
-131.427
-115.997
-126.632
-137.007
-185.945
-220.654
-248.342
-196.076
-58.8618
-680.239
-394.714
39.9722
-127.21
-118.582
-132.129
-133.373
-120.734
-122.149
-126.259
-181.426
-219.769
-247.152
-197.989
-55.8091
-677.958
-396.064
38.9818
-128.653
-120.154
-134.811
-135.233
-125.276
-116.175
-117.142
-175.406
-216.84
-244.489
-198.812
-52.6911
-675.721
-512.025
31.9036
-117.403
-139.819
-135.462
-139.448
-130.406
-127.856
-126.139
-152.022
-180.234
-217.927
-185.44
-97.504
-772.265
-510.968
33.6248
-116.347
-137.704
-132.809
-138.311
-127.782
-129.732
-129.308
-155.959
-183.826
-220.546
-184.391
-100.775
-777.275
-510.282
34.2665
-115.887
-136.436
-131.305
-137.201
-128.471
-133.534
-134.419
-158.397
-184.43
-221.688
-182.162
-101.1
-781.887
-509.146
35.3018
-114.751
-134.135
-128.182
-133.173
-126.741
-134.027
-141.509
-162.324
-185.789
-222.981
-181.465
-102.522
-785.055
-508.184
35.4844
-113.814
-132.168
-125.433
-128.047
-124.857
-127.507
-144.928
-165.142
-187.135
-224.331
-181.084
-103.712
-787.592
-507.171
35.424
-112.651
-130.27
-122.871
-124.291
-121.166
-121.832
-143.95
-165.733
-188.276
-225.226
-180.733
-104.867
-790.95
-506.392
34.7688
-111.853
-129.465
-121.997
-125.797
-118.393
-121.149
-143.962
-167.592
-189.63
-226.396
-181.152
-105.844
-792.15
-506.037
34.643
-111.379
-128.983
-121.496
-126.832
-118.116
-121.354
-142.66
-167.236
-190.279
-226.354
-180.493
-106.828
-794.012
-506.278
35.1639
-111.812
-129.327
-121.829
-126.829
-118.19
-121.459
-142.951
-167.425
-190.207
-226.167
-180.65
-105.967
-793.236
-506.861
35.7767
-112.568
-130.021
-122.378
-125.179
-119.757
-121.596
-143.809
-166.584
-188.997
-224.977
-180.855
-104.898
-793.502
-507.804
35.8649
-113.616
-131.569
-124.3
-126.412
-122.79
-124.213
-144.123
-165.367
-187.832
-223.196
-181.673
-103.334
-791.536
-508.723
35.6965
-114.506
-133.51
-127.044
-131.509
-125.834
-132.533
-143.443
-164.091
-186.82
-221.497
-182.315
-101.722
-790.265
-509.85
34.6723
-115.611
-135.861
-130.333
-136.205
-127.748
-134.91
-137.305
-159.541
-184.553
-218.851
-182.729
-99.5793
-788.259
-510.536
34.0355
-116.069
-137.237
-132.131
-138.06
-128.407
-131.626
-131.779
-156.824
-184.076
-217.363
-184.587
-98.1978
-785.125
-511.595
32.3053
-117.129
-139.42
-135.012
-139.502
-131.543
-128.713
-128.09
-152.126
-179.588
-213.612
-185.259
-94.5851
-781.005
-643.969
-21.0314
-115.333
-177.671
-157.444
-159.73
-151.308
-152.672
-168.673
-165.419
-188.473
-207.623
-234.351
-105.324
-875.564
-643.17
-19.3183
-114.494
-175.756
-154.733
-157.828
-147.995
-152.997
-168.631
-167.209
-191.868
-211.499
-228.246
-108.878
-888.035
-642.664
-18.5689
-114.219
-174.625
-153.32
-156.443
-147.471
-156.129
-170.029
-167.628
-192.052
-211.763
-219.944
-107.725
-904.013
-641.796
-17.2394
-113.416
-172.572
-150.483
-152.606
-144.33
-158.745
-172.051
-168.382
-190.004
-212.466
-215.441
-110.593
-907.855
-641.066
-16.6315
-112.914
-170.878
-147.998
-147.785
-139.593
-155.512
-169.927
-169.159
-189.333
-215.661
-214.685
-113.438
-910.129
-640.205
-16.2057
-112.234
-169.122
-145.391
-143.409
-136.229
-151.226
-166.707
-166.93
-188.477
-216.785
-212.187
-115.567
-918.239
-639.342
-16.5249
-111.91
-168.298
-144.323
-143.456
-136.708
-150.648
-167.167
-167.786
-189.983
-218.699
-214.985
-115.239
-917.569
-638.949
-16.5091
-111.597
-167.837
-143.742
-143.582
-137.904
-150.877
-167.162
-167.225
-190.503
-217.572
-210.226
-112.231
-932.125
-639.275
-16.1822
-111.749
-168.223
-144.219
-143.85
-137.252
-150.568
-167.439
-167.854
-190.589
-217.607
-209.355
-109.729
-931.298
-639.79
-16.0085
-112.054
-168.967
-145.122
-143.608
-136.135
-150.338
-166.947
-167.482
-189.656
-215.847
-210.926
-109.92
-929.217
-640.562
-16.4409
-112.658
-170.459
-147.198
-145.97
-137.172
-151.867
-167.637
-168.538
-189.754
-212.377
-214.227
-108.57
-926.328
-641.26
-16.988
-113.133
-172.123
-149.77
-151.137
-142.637
-156.27
-171.484
-170.245
-191.799
-208.258
-216.816
-105.283
-924.155
-642.131
-18.265
-113.915
-174.181
-152.718
-155.527
-146.821
-156.15
-171.352
-169.484
-193.709
-203.602
-220.532
-102.566
-922.649
-642.638
-18.9701
-114.178
-175.357
-154.311
-157.505
-148.474
-152.988
-170.591
-169.615
-195.456
-201.486
-228.994
-103.022
-907.601
-643.451
-20.6712
-115.016
-177.313
-157.17
-159.668
-152.242
-152.52
-171.368
-168.532
-192.016
-194.091
-235.149
-99.1409
-895.419
-781.589
-75.3899
-128.916
-222.241
-192.589
-199.804
-202.44
-190.482
-205.889
-182.42
-233.174
-178.79
-327.675
-68.9862
-1016.74
-780.975
-74.1343
-128.2
-220.812
-190.512
-197.743
-199.022
-189.238
-202.582
-182.114
-234.676
-185.912
-304.103
-86.5599
-1040.53
-780.635
-73.5769
-127.946
-220.013
-189.472
-196.545
-197.431
-189.862
-201.194
-184.489
-233.662
-192.75
-277.717
-88.3314
-1062.9
-779.995
-72.4876
-127.277
-218.524
-187.428
-193.917
-193.887
-187.748
-197.564
-186.893
-235.083
-194.803
-268.071
-92.8869
-1067.48
-779.467
-71.9377
-126.91
-217.406
-185.863
-191.292
-189.49
-181.966
-191.908
-182.786
-230.211
-200.367
-267.016
-94.1694
-1070.73
-778.707
-71.4781
-126.404
-216.167
-184.155
-188.578
-185.218
-176.977
-187.981
-178.475
-222.315
-201.287
-263.75
-93.2719
-1089.4
-777.903
-71.5797
-126.181
-215.562
-183.418
-187.845
-185.145
-179.33
-187.53
-179.731
-225.994
-201.69
-273.4
-92.4746
-1091.03
-777.537
-71.4937
-125.924
-215.202
-182.992
-187.489
-185.789
-181.697
-188.595
-179.893
-229.585
-197.198
-261.301
-90.6367
-1106.56
-777.82
-71.4033
-125.992
-215.485
-183.353
-187.901
-185.797
-180.898
-187.772
-179.975
-228.997
-201.438
-262.39
-88.3667
-1104.1
-778.198
-71.4447
-126.147
-215.992
-183.995
-188.494
-185.89
-177.842
-186.661
-177.622
-224.302
-200.954
-263.13
-83.1539
-1108.55
-778.784
-71.9451
-126.598
-217.054
-185.42
-190.339
-188.202
-178.326
-188.25
-178.132
-228.193
-196.875
-273.596
-85.2187
-1089.53
-779.276
-72.4073
-126.933
-218.095
-186.981
-193.085
-193.368
-185.127
-194.35
-184.558
-239.673
-191.878
-274.423
-84.3323
-1087.01
-779.937
-73.3991
-127.574
-219.542
-189.051
-195.877
-197.653
-189.261
-201.19
-185.09
-242.255
-185.209
-281.311
-79.071
-1083.08
-780.283
-73.8734
-127.799
-220.323
-190.153
-197.311
-199.927
-189.612
-205.099
-183.154
-244.705
-178.719
-303.697
-74.0603
-1064.14
-780.918
-75.0978
-128.502
-221.765
-192.332
-199.544
-203.8
-190.981
-209.71
-184.485
-248.187
-169.674
-324.597
-57.0484
-1040.47
-926.93
-128.093
-148.315
-269.629
-236.864
-246.329
-261.862
-241.076
-274.93
-210.063
-315.927
-187.567
-600.894
-95.2772
-1025
-926.427
-127.13
-147.749
-268.568
-235.257
-244.481
-258.935
-238.445
-270.017
-206.241
-304.783
-191.386
-543.668
-119.803
-1091.16
-926.168
-126.693
-147.554
-267.984
-234.406
-243.424
-257.137
-236.857
-265.836
-203.777
-297.315
-194.467
-395.683
-76.9754
-1283.22
-925.62
-125.858
-147.034
-266.875
-232.807
-241.377
-253.959
-233.124
-258.045
-196.157
-292.655
-195.389
-342.612
-45.0568
-1282.97
-925.131
-125.48
-146.755
-266.093
-231.668
-239.69
-251.079
-228.551
-246.604
-186.509
-278.422
-197.991
-356.6
-64.187
-1254.9
-924.447
-125.143
-146.313
-265.181
-230.403
-237.905
-248.29
-224.463
-238.595
-180.005
-263.228
-191.681
-335.006
-71.7623
-1293.37
-923.809
-125.23
-146.087
-264.72
-229.82
-237.169
-247.591
-225.402
-242.195
-181.156
-262.127
-190.177
-452.231
-121.713
-1200.64
-923.399
-125.209
-145.87
-264.418
-229.447
-236.73
-247.392
-226.2
-246.572
-184.247
-261.979
-196.872
-349.032
-57.0309
-1403.71
-923.48
-125.247
-145.923
-264.608
-229.716
-237.014
-247.785
-225.834
-245.497
-181.891
-260.485
-189.445
-326.808
-13.8147
-1407.62
-923.714
-125.276
-146.007
-264.921
-230.167
-237.503
-248.44
-224.417
-240.194
-176.863
-259.356
-192.349
-325.841
-20.3154
-1374.23
-924.17
-125.645
-146.337
-265.667
-231.249
-238.833
-250.525
-225.807
-242.617
-178.634
-270.53
-186.634
-339.877
-21.705
-1357.7
-924.543
-125.935
-146.551
-266.321
-232.303
-240.397
-253.704
-230.677
-256.034
-188.101
-292.432
-187.834
-345.098
-12.7966
-1360.02
-925.092
-126.657
-147.029
-267.346
-233.889
-242.431
-257.311
-234.992
-266.99
-198.934
-308.243
-187.331
-385.272
-55.1241
-1360.9
-925.359
-126.969
-147.178
-267.863
-234.726
-243.507
-259.505
-237.192
-273.571
-205.74
-317.495
-180.158
-538.793
-100.39
-1153.9
-925.897
-127.871
-147.709
-268.907
-236.415
-245.484
-262.997
-240.373
-280.829
-212.038
-333.386
-175.873
-604.209
-76.3837
-1079.41
-1078.24
-185.021
-170.962
-320.485
-288.243
-299.813
-329.254
-301.326
-355.638
-254.572
-420.397
-168.746
-663.265
30.5318
-1287.37
-1077.86
-184.245
-170.498
-319.645
-286.958
-298.22
-326.605
-298.069
-349.33
-248.411
-405.497
-174.222
-640.856
-50.0314
-1386.9
-1077.64
-183.882
-170.343
-319.192
-286.268
-297.298
-324.92
-295.884
-344.222
-242.154
-385.066
-177.488
-445.596
-18.2243
-1639.65
-1077.17
-183.215
-169.908
-318.319
-284.982
-295.61
-322.13
-292.056
-336.663
-229.977
-366.159
-180.614
-401.396
52.5686
-1600.37
-1076.76
-182.905
-169.657
-317.733
-284.105
-294.334
-319.939
-288.803
-330.121
-221.853
-353.637
-186.568
-466.418
2.44282
-1540.14
-1076.23
-182.607
-169.264
-317.031
-283.096
-292.923
-317.7
-285.688
-323.545
-215.358
-333.766
-174.167
-421.79
-0.0520696
-1610.37
-1075.75
-182.678
-169.054
-316.669
-282.607
-292.207
-316.853
-285.083
-325.385
-221.426
-346.792
-167.451
-564.284
-66.3276
-1466.92
-1075.25
-182.762
-168.855
-316.39
-282.244
-291.695
-316.285
-284.558
-324.891
-223.62
-345.918
-174.864
-505.831
-30.5436
-1645.19
-1075.08
-182.929
-168.875
-316.489
-282.431
-291.844
-316.733
-284.447
-325.517
-220.794
-341.881
-168.527
-431.134
38.0814
-1815.17
-1075.17
-182.969
-168.893
-316.631
-282.714
-292.134
-317.4
-284.131
-323.548
-211.643
-323.459
-163.399
-401.365
92.4476
-1767.61
-1075.45
-183.266
-169.121
-317.132
-283.536
-293.116
-319.334
-285.746
-327.776
-211.777
-341.519
-169.467
-473.566
53.437
-1665.63
-1075.68
-183.467
-169.238
-317.521
-284.249
-294.074
-321.579
-288.51
-335.851
-218.262
-359.186
-172.126
-418.836
110.915
-1710.71
-1076.07
-184.02
-169.592
-318.259
-285.474
-295.621
-324.682
-292.349
-345.444
-231.53
-389.358
-174.236
-460.4
23.2962
-1742.48
-1076.24
-184.242
-169.674
-318.592
-286.082
-296.401
-326.548
-294.648
-352.109
-240.671
-414.789
-162.24
-669.174
-11.7996
-1466.24
-1076.65
-184.938
-170.084
-319.381
-287.42
-298.056
-329.746
-298.463
-360.763
-249.46
-434.027
-158.056
-686.911
81.4419
-1362.77
-1230.88
-248.634
-197.138
-376.021
-344.918
-356.771
-403.042
-371.083
-456.605
-321.033
-561.713
-161.842
-836.213
194.665
-1650.44
-1230.59
-248.01
-196.729
-375.313
-343.819
-355.423
-400.603
-368.07
-449.477
-314.813
-543.896
-165.377
-876.973
85.9387
-1740.45
-1230.39
-247.683
-196.572
-374.93
-343.229
-354.652
-399.11
-366.152
-444.58
-309.213
-517.14
-148.996
-621.517
114.229
-2009.23
-1230.03
-247.112
-196.174
-374.194
-342.134
-353.255
-396.668
-363.028
-437.563
-301.397
-495.208
-167.901
-573.8
156.228
-2030.66
-1229.71
-246.792
-195.93
-373.707
-341.414
-352.244
-394.944
-360.648
-433.528
-295.756
-498.771
-183.465
-729.946
23.6499
-1844.6
-1229.32
-246.466
-195.581
-373.115
-340.56
-351.078
-393.033
-358.198
-427.809
-290.308
-474.844
-183.047
-643.545
58.8663
-1941.9
-1228.96
-246.435
-195.381
-372.789
-340.13
-350.406
-392.206
-357.095
-428.092
-293.233
-493.936
-174.639
-745.791
-11.7139
-1745.3
-1228.56
-246.49
-195.171
-372.491
-339.759
-349.829
-391.518
-356.02
-425.97
-291.663
-481.877
-169.091
-701.264
10.7811
-1931.4
-1228.23
-246.761
-195.14
-372.499
-339.862
-349.806
-391.955
-355.72
-427.777
-289.681
-487.967
-162.941
-697.483
32.6085
-2117.36
-1227.92
-246.966
-195.093
-372.508
-339.998
-349.839
-392.509
-355.378
-427.334
-282.114
-462.42
-141.984
-549.437
88.2325
-2251.95
-1227.86
-247.29
-195.227
-372.822
-340.62
-350.462
-394.296
-356.524
-433.501
-283.037
-496.283
-153.634
-758.977
54.786
-1950.34
-1227.9
-247.463
-195.267
-373.026
-341.105
-350.971
-395.986
-357.979
-438.955
-286.953
-502.039
-150.697
-609.084
198.538
-2139.79
-1228.09
-247.888
-195.519
-373.555
-342.089
-352.097
-398.734
-360.844
-448.147
-295.409
-531.234
-131.602
-672.596
148.294
-2135.95
-1228.16
-248.053
-195.557
-373.757
-342.539
-352.587
-400.303
-362.423
-454.314
-301.185
-563.484
-135.771
-943.095
138.463
-1838.24
-1228.4
-248.564
-195.874
-374.362
-343.663
-353.921
-403.343
-365.881
-464.106
-309.383
-587.458
-135.099
-885.323
255.61
-1750.6
-1381.21
-317.265
-226.341
-435.739
-408.147
-418.16
-483.39
-444.961
-570.736
-397.269
-741.266
-186.672
-1196.76
301.598
-2234.67
-1380.98
-316.747
-225.957
-435.112
-407.117
-416.952
-481.037
-442.409
-563.583
-392.146
-712.187
-183.051
-1016.96
259.201
-2432.54
-1380.8
-316.433
-225.78
-434.754
-406.548
-416.269
-479.681
-440.935
-559.81
-388.932
-696.898
-170.081
-916.959
313.367
-2541.5
-1380.49
-315.928
-225.396
-434.089
-405.515
-415.02
-477.373
-438.449
-553.501
-384.958
-679.348
-192.027
-921.786
200.389
-2546.45
-1380.21
-315.596
-225.14
-433.623
-404.824
-414.118
-475.831
-436.592
-550.48
-381.453
-681.101
-196.184
-1022.17
84.9625
-2275.51
-1379.85
-315.253
-224.799
-433.05
-403.998
-413.034
-474.029
-434.525
-545.443
-377.768
-661.84
-199.834
-964.962
107.923
-2351.11
-1379.51
-315.121
-224.579
-432.686
-403.545
-412.333
-473.194
-433.192
-545.012
-377.032
-671.168
-198.98
-1009.14
63.1931
-2147.17
-1379.13
-315.07
-224.335
-432.323
-403.114
-411.63
-472.434
-431.74
-542.728
-373.381
-656.998
-190.661
-944.602
68.5607
-2385.27
-1378.81
-315.224
-224.231
-432.212
-403.103
-411.381
-472.797
-431.001
-545.159
-370.847
-668.428
-180.434
-977.604
56.5391
-2611.73
-1378.48
-315.396
-224.121
-432.093
-403.113
-411.124
-473.232
-430.187
-545.526
-364.833
-646.94
-141.506
-741.672
78.6948
-2939.15
-1378.25
-315.742
-224.17
-432.238
-403.581
-411.401
-474.936
-430.596
-553.035
-364.98
-693.603
-155.17
-1058.41
161.966
-2457.42
-1377.99
-316.016
-224.151
-432.288
-403.914
-411.526
-476.368
-430.929
-557.803
-364.786
-696.437
-141.077
-951.351
248.609
-2594.57
-1377.85
-316.452
-224.319
-432.632
-404.743
-412.289
-479.017
-432.786
-567.625
-369.057
-733.869
-133.833
-1035.05
350.056
-2664.03
-1377.68
-316.655
-224.326
-432.724
-405.092
-412.505
-480.403
-433.47
-573.005
-370.746
-755.788
-134.05
-1170.54
319.355
-2515.23
-1377.71
-317.046
-224.569
-433.167
-406.09
-413.561
-483.441
-436.241
-583.951
-377.322
-795.973
-142.765
-1318.81
391.937
-2340.13
-1528.4
-392.881
-258.943
-499.414
-477.815
-483.844
-570.738
-521.328
-701.85
-481.965
-976.181
-247.584
-1581.07
490.962
-3035.29
-1528.18
-392.377
-258.527
-498.777
-476.661
-482.528
-567.763
-518.443
-692.424
-476.234
-946.049
-248.265
-1524.04
438.088
-3130.27
-1527.99
-392.023
-258.309
-498.383
-475.986
-481.767
-566.041
-516.831
-687.389
-473.479
-930.435
-248.929
-1494.23
387.057
-3109.1
-1527.67
-391.5
-257.89
-497.69
-474.822
-480.407
-563.147
-514.002
-678.576
-468.11
-899.807
-248.811
-1403.05
294.574
-3201.73
-1527.34
-391.094
-257.579
-497.155
-473.995
-479.4
-561.205
-511.916
-673.851
-464.1
-890.868
-245.833
-1419.43
166.432
-3075.45
-1526.93
-390.679
-257.193
-496.513
-473.046
-478.188
-559.04
-509.521
-667.617
-459.689
-865.492
-249.061
-1294.07
109.2
-3400.07
-1526.51
-390.421
-256.907
-496.041
-472.465
-477.337
-557.967
-507.768
-666.438
-456.255
-870.694
-244.952
-1339.16
94.9822
-3063.99
-1526.06
-390.231
-256.613
-495.559
-471.93
-476.438
-557.084
-505.778
-664.444
-450.622
-861.303
-232.224
-1321.5
-6.03033
-3309.38
-1525.62
-390.227
-256.431
-495.296
-471.805
-475.966
-557.422
-504.569
-667.39
-446.693
-872.818
-215.772
-1291.88
42.4747
-3687.16
-1525.17
-390.291
-256.241
-495.042
-471.733
-475.46
-557.973
-503.074
-669.434
-437.496
-866.335
-130.336
-1166.28
165.534
-4026.25
-1524.79
-390.512
-256.192
-495.026
-472.121
-475.507
-559.948
-503.118
-679.11
-438.134
-929.976
-168.559
-1742.96
130.23
-3438.46
-1524.4
-390.717
-256.118
-494.954
-472.414
-475.398
-561.63
-502.782
-685.225
-434.979
-932.311
-141.031
-1494.04
419.839
-3492.92
-1524.12
-391.072
-256.207
-495.146
-473.214
-475.978
-564.788
-504.377
-697.624
-438.882
-978.689
-149.821
-1634.86
522.663
-3364.12
-1523.79
-391.331
-256.197
-495.162
-473.563
-476.051
-566.453
-504.631
-704.286
-438.45
-1001.08
-142.174
-1689.27
578.248
-3300.01
-1523.63
-391.667
-256.386
-495.478
-474.569
-477.011
-570.166
-507.448
-718.201
-445.523
-1043.28
-150.491
-1744.58
635.356
-3100.04
-1661.98
-474.034
-294.901
-565.753
-557.366
-559.089
-674.688
-606.217
-851.584
-562.201
-1210.34
-282.971
-2055.96
768.912
-4067.69
-1661.75
-473.501
-294.415
-565.046
-555.961
-557.609
-671.019
-603.138
-841.139
-557.043
-1179.74
-291.241
-1966.24
634.93
-4231.1
-1661.51
-473.087
-294.128
-564.573
-555.085
-556.757
-668.929
-601.696
-836.441
-556.092
-1174.51
-304.3
-1995.36
501.226
-4436.58
-1661.14
-472.507
-293.626
-563.775
-553.634
-555.207
-665.319
-598.72
-826.542
-551.414
-1146.1
-308.169
-2008.55
258.986
-4747.9
-1660.73
-472.002
-293.212
-563.097
-552.517
-554.005
-662.815
-596.549
-821.147
-548.221
-1133.22
-318.324
-1884.28
302.903
-4850.65
-1660.23
-471.488
-292.729
-562.297
-551.267
-552.517
-659.985
-593.627
-813.433
-541.048
-1100.12
-291.265
-1591.42
298.128
-5338.83
-1659.7
-471.094
-292.329
-561.628
-550.385
-551.36
-658.428
-591.414
-812.119
-536.534
-1111.85
-279.873
-1762.21
293.746
-4823.91
-1659.12
-470.771
-291.931
-560.943
-549.589
-550.094
-657.153
-588.566
-809.933
-527.26
-1101.03
-241.567
-1735.02
102.274
-4846.42
-1658.54
-470.604
-291.645
-560.434
-549.221
-549.23
-657.27
-586.586
-813.396
-521.162
-1113.91
-212.533
-1696.45
278.788
-5630.13
-1657.94
-470.526
-291.376
-559.949
-548.968
-548.293
-657.861
-583.954
-817.434
-506.229
-1107.73
-70.6917
-1523.11
648.59
-5800.17
-1657.39
-470.616
-291.228
-559.695
-549.19
-547.914
-660.039
-583.195
-829.956
-506.633
-1194.28
-157.579
-2088.4
291.568
-5366.18
-1656.82
-470.76
-291.073
-559.427
-549.38
-547.365
-662.133
-581.688
-841.125
-501.136
-1245.58
-122.896
-2487
218.861
-5042.03
-1656.35
-471.046
-291.067
-559.407
-550.094
-547.531
-665.744
-582.261
-855.939
-502.451
-1288.36
-134.731
-2309.07
642.389
-4719.44
-1655.86
-471.315
-291.019
-559.291
-550.396
-547.266
-667.621
-581.353
-863.65
-498.116
-1308.58
-118.428
-2324.17
858.883
-4425.55
-1655.58
-471.57
-291.148
-559.434
-551.37
-547.899
-671.883
-583.336
-880.384
-502.361
-1364.15
-115.868
-2477.37
1154.1
-4217.68
-1787.84
-567.807
-336.703
-638.247
-643.654
-636.195
-781.368
-686.318
-1008.02
-629.969
-1488.36
-348.058
-2690.46
607.448
-6110.64
-1787.54
-567.124
-336.054
-637.354
-641.703
-634.205
-775.725
-681.434
-990.789
-617.414
-1450.26
-350.747
-2767.66
409.402
-6587.4
-1787.23
-566.573
-335.661
-636.75
-640.442
-633.086
-772.225
-679.177
-979.261
-612.746
-1412.88
-334.221
-3038.84
152.356
-6929.41
-1786.74
-565.813
-334.993
-635.74
-638.424
-631.049
-766.514
-674.477
-959.352
-599.035
-1329.01
-299.511
-2517.34
205.523
-7945.02
-1786.18
-565.114
-334.421
-634.852
-636.822
-629.494
-762.538
-671.511
-947.355
-591.789
-1260.61
-263.433
-2116.66
831.279
-7993.8
-1785.5
-564.4
-333.772
-633.817
-635.096
-627.59
-758.442
-667.446
-935.675
-577.299
-1199.91
-162.127
-1785.7
567.849
-8667.23
-1784.75
-563.791
-333.205
-632.902
-633.805
-626.102
-756.208
-665.011
-936.57
-576.762
-1278.86
-196.321
-2269.88
92.8887
-7920.2
-1783.95
-563.254
-332.652
-631.974
-632.667
-624.494
-754.392
-661.661
-934.474
-568.465
-1274.43
-197.393
-2172.6
82.466
-7224.71
-1783.13
-562.86
-332.207
-631.21
-632.015
-623.318
-754.203
-659.262
-938.13
-562.469
-1291.6
-187.093
-2284.11
97.0782
-7980.6
-1782.3
-562.564
-331.815
-630.487
-631.588
-622.082
-754.8
-655.989
-942.478
-546.594
-1269.72
-91.9187
-1850.1
402.451
-9198.59
-1781.51
-562.426
-331.557
-629.978
-631.706
-621.416
-757.239
-654.262
-953.271
-535.572
-1273.04
-53.9843
-2150.96
1181.74
-8600.83
-1780.74
-562.381
-331.348
-629.511
-631.911
-620.642
-760.311
-652.337
-973.025
-529.813
-1424.33
-4.14778
-2916.93
502.118
-8445.94
-1780.05
-562.49
-331.264
-629.284
-632.703
-620.627
-765.47
-652.796
-997.646
-531.113
-1536.59
-28.9637
-3647.42
601.105
-7417.85
-1779.34
-562.716
-331.2
-629.074
-633.108
-620.249
-768.64
-651.828
-1014.41
-528.021
-1594.15
-43.4702
-3165.05
1338.92
-6626.83
-1778.86
-562.824
-331.247
-629.065
-634.229
-620.814
-774.799
-654.537
-1041.62
-537.819
-1685.21
-48.3574
-3199.38
1701.74
-5733.44
-1857.65
-681.795
-386.793
-700.277
-753.342
-733.239
-935.92
-791.912
-1250.63
-711.101
-1833.95
-332.793
-2782.98
1759.89
-10533.8
-1857.31
-680.989
-385.869
-699.142
-750.561
-730.731
-927.828
-786.125
-1226.93
-697.739
-1788.61
-325.289
-3114.4
1524.64
-10342.2
-1856.93
-680.289
-385.248
-698.345
-748.588
-729.331
-922.039
-784.25
-1207.55
-700.061
-1750.05
-441.454
-3098.5
1649.45
-11048.7
-1856.36
-679.344
-384.265
-697.029
-745.605
-726.765
-913.692
-779.605
-1180.75
-690.385
-1626.69
-424.579
-2674.28
2163.66
-11430.1
-1855.68
-678.417
-383.369
-695.803
-743.057
-724.616
-907.282
-775.469
-1162.33
-674.912
-1542.95
-372.386
-2459.9
2253.27
-11749.7
-1854.87
-677.453
-382.381
-694.37
-740.378
-721.961
-901.238
-769.977
-1150.72
-656.589
-1530.43
-213.808
-2438.55
1248.04
-12649.4
-1853.98
-676.559
-381.47
-693.018
-738.158
-719.69
-897.257
-765.967
-1151.75
-649.368
-1649.84
-167.415
-3134.6
358.689
-11073.2
-1853.03
-675.727
-380.59
-691.63
-736.156
-717.257
-893.959
-761.221
-1150.05
-640.387
-1662.78
-172.784
-2998.52
669.199
-9623.64
-1852.05
-675.02
-379.83
-690.382
-734.685
-715.226
-892.377
-757.509
-1153.01
-633.19
-1684.58
-162.184
-3134.7
648.916
-10083.1
-1851.07
-674.424
-379.156
-689.179
-733.576
-713.084
-892.098
-752.797
-1159.24
-621.261
-1690.43
-118.133
-2975.16
383.759
-12214
-1850.13
-673.996
-378.643
-688.173
-733.103
-711.425
-893.882
-749.037
-1169.89
-608.754
-1661.3
-100.147
-2902.55
1357.22
-12965.8
-1849.23
-673.703
-378.228
-687.246
-732.913
-709.582
-897.096
-743.769
-1195.56
-595.059
-1838.81
-104.793
-3417.12
2029.34
-12093.1
-1848.41
-673.584
-377.974
-686.538
-733.399
-708.339
-902.865
-739.827
-1231.47
-583.297
-2076.12
-93.6658
-4737.11
1343.16
-11266.1
-1847.64
-673.653
-377.816
-685.984
-733.669
-706.928
-906.614
-733.289
-1253.08
-544.439
-2136.87
203.919
-5154.79
1527.55
-10153.4
-1847.11
-673.578
-377.752
-685.559
-734.598
-706.302
-913.003
-730.84
-1281.26
-526.693
-2210.44
277.883
-4770.83
2887.87
-9531.88
-2053.14
-2799.95
-3452.28
-4253.1
-5201.89
-6284.71
-7711.6
-9292.73
-11577.2
-13996
-19384.4
-19707.2
-39612
-33258.2
-114435
-781.448
-913.005
-968.61
-1140.6
-1353.8
-1620.93
-2027.93
-2494.96
-3348.25
-4167.02
-6542.62
-9046.5
-10918.6
-19646.3
-14644.6
-486.728
-612.437
-721.585
-915.433
-1126.53
-1407.59
-1773.38
-2275.11
-2962.12
-4043.21
-5523.31
-8424.26
-10738.9
-21117.8
-3473.02
-799.32
-1028.89
-1242.18
-1538.53
-1873.31
-2291.57
-2808.31
-3445.68
-4303.68
-5336.74
-6927.08
-8191.51
-10546.8
-10369.6
-7157.03
-864.438
-1085.87
-1283.65
-1567.23
-1888.75
-2285.8
-2767.91
-3350.7
-4155.87
-5112.03
-6549.08
-8065.93
-10502.1
-16775.4
-15845.2
-823.498
-1051.79
-1274.06
-1601.91
-1955.63
-2373.54
-2860.85
-3423.88
-4230.37
-5043.62
-6207.42
-6768.1
-9576.7
-7910.84
-10265.7
-1060.1
-1349.54
-1596.59
-1960.17
-2317.18
-2767.35
-3239.72
-3833.37
-4621.57
-5286.33
-6412.43
-7661.25
-9992.54
-5399
-10698.2
-860.18
-1137.21
-1425.14
-1909.81
-2294.57
-2776.62
-3230.69
-3728.94
-4438.81
-5126.56
-6676.44
-7258.96
-9229.37
-3095.81
-6977.08
-1412.22
-1898.2
-2194.76
-2700.43
-2970.35
-3601.59
-3898.8
-4505.25
-5288.39
-6106.82
-8545.71
-9483.86
-12646.6
-1235.92
-24437
-733.47
-1146.94
-1681.31
-2629.21
-2927.64
-3990.23
-4651.31
-4988.56
-5156.66
-5631.76
-6050.17
-6495.29
-4637.91
-6353.6
-12891.2
-2086.64
-3480.46
-3876.9
-4624.72
-4829.76
-6935.76
-7736.66
-8275.12
-6600.19
-7569.75
-11167.4
-15573.3
-17169.6
-17741
-18642
-457.119
-1405.14
-2833.86
-4547.31
-3371.31
-4141.87
-3481.47
-5906.3
-3900.88
-5412.23
-3092.27
-6973.41
-7681.75
-14452.9
-6580.91
-4224.29
-8805.24
-10184.8
-9677.94
-7060.48
-15263
-19978.9
-11725.2
-9340.25
-7345.9
-15467.9
-35098.9
-29187.8
-10409.5
-27212.1
4276.31
3980.36
920.403
736.467
3570.21
6959.59
-2976.96
-11650.4
-5240.89
5737.33
-1735.72
-15124
-4890.72
-13830.9
0.925203
-16213.8
-14609.2
-20323.4
-32643.2
-46751.3
-47095.5
-51027.8
-87639.8
-98508.2
-74902.2
-69721.2
-56976.4
-69854.1
-91197.7
-63900
-2052.63
-2799.05
-3450.52
-4250.21
-5196.56
-6276.49
-7697.84
-9273.9
-11545.6
-13948.9
-19301.4
-19656.5
-39260.5
-33000.2
-110675
-780.328
-910.96
-964.943
-1134.57
-1343.53
-1604.8
-2001.31
-2455.83
-3287.06
-4083.34
-6402.06
-8873.47
-10754.5
-18844.9
-14708.9
-485.414
-610.234
-718.138
-909.97
-1117.74
-1393.98
-1751.36
-2243.86
-2914.54
-3980.29
-5424.64
-8278.71
-10632.7
-20831.5
-5542.65
-797.876
-1025.93
-1236.87
-1529.28
-1858.12
-2267.11
-2768.77
-3389.95
-4224.2
-5238.08
-6768.4
-7965.35
-10120.1
-10050.7
-5748.23
-860.736
-1079.4
-1273.51
-1550.88
-1863.32
-2244.9
-2703.45
-3261.03
-4028.43
-4962.27
-6255.46
-7634.28
-9867.71
-17488.4
-16055.7
-820.571
-1044.86
-1261.23
-1577.87
-1918.61
-2309.47
-2759.12
-3297.49
-4086.79
-4893.67
-5843.73
-6470.47
-9060.04
-8014.77
-4417.66
-1050.08
-1330.64
-1568.22
-1914.81
-2252.59
-2652.59
-3080.53
-3643.93
-4419.74
-5027.42
-5819.76
-7071.14
-10055.6
-5221.37
-17303.8
-853.32
-1118.81
-1391.26
-1836.15
-2201.09
-2585.54
-2916.01
-3435.84
-4285.89
-4812.94
-6267.32
-7183.18
-9879.7
-4550.3
-17395.2
-1391.32
-1848.19
-2105.97
-2556.23
-2790.99
-3189.53
-3438.49
-4214.42
-5112.53
-5869.02
-8533.6
-9555.77
-12624.8
-1627.72
-34353.6
-707.388
-1063.14
-1542.99
-2335.81
-2755.87
-3824.6
-4042.26
-4567.85
-5072.58
-6081.18
-6843.13
-7166.37
-4677.57
-5565.04
-16993.1
-2111.11
-3594.85
-3637.52
-4335.74
-5348.67
-7503.73
-7403.03
-7687.78
-6560.62
-7550.5
-10666.2
-14373.3
-15828.3
-18040.5
-18605.3
-568.629
-1967.88
-2932.06
-3877.3
-4093.46
-4944.52
-3333.21
-3490.63
-3972.82
-5938.5
-3928.04
-6051.44
-6505.01
-17622.7
-14150.7
-4311.65
-9664.5
-10894.5
-10551.3
-6885.59
-13168
-19051.4
-15077.8
-15733
-7433.99
-13270.7
-33246.5
-30942
-31057.8
-30197.4
3530.92
2667.5
297.958
-1481.19
647.205
4892.3
-60.6827
-6338.95
-10676.2
-677.067
1599.29
-14163.8
-6260.76
-22655.1
-10097.4
-16422.5
-14858.1
-18139.6
-26390.3
-41135.1
-44309.9
-38089.9
-54614.9
-72921.3
-78791.7
-71730.3
-62033.4
-62133.6
-67693.8
-54718.5
-2052.1
-2798.08
-3448.76
-4247.32
-5191.36
-6268.47
-7684.58
-9256.19
-11516.1
-13907.7
-19225.4
-19593
-39119.7
-32828
-110922
-779.352
-909.126
-961.767
-1129.35
-1334.82
-1591.06
-1978.9
-2423
-3237.18
-4019.27
-6299.31
-8732.3
-10574.4
-18671.1
-13655
-484.497
-608.674
-715.793
-906.28
-1111.93
-1385.13
-1737.35
-2225.15
-2886.05
-3946.63
-5367.37
-8231.98
-10578.5
-20843.5
-5088.15
-796.887
-1023.75
-1232.91
-1522.36
-1846.95
-2249.17
-2740.65
-3352.36
-4170.44
-5177.71
-6673.92
-7948.57
-9984.72
-9972.2
-5858.51
-857.965
-1074.46
-1266.03
-1539.3
-1845.87
-2216.85
-2661.52
-3207.52
-3955.45
-4887.11
-6133.96
-7670.71
-9585.03
-17630
-17046.7
-819.253
-1040.35
-1252.04
-1561.17
-1894.34
-2265.94
-2700.45
-3235.95
-4019.81
-4831.63
-5822.18
-6673.98
-9135.69
-8780.54
-11624.7
-1041.41
-1312.25
-1544.38
-1884.52
-2211.53
-2577.73
-2998.44
-3560.83
-4335.12
-4964.69
-5727.18
-6745.27
-9484.06
-6368.62
-20449.6
-853.531
-1107.08
-1364.22
-1788.42
-2147.38
-2437.15
-2778.58
-3361.01
-4264.94
-4706.25
-5916.88
-6622.97
-9186.98
-6998.22
-15772.8
-1351.62
-1724.81
-1986.81
-2460.53
-2650.13
-2857.29
-3274.17
-4110.04
-5017.11
-5612.01
-7782.3
-8795.38
-11717.2
-3811.62
-28960.5
-709.454
-1012.25
-1427.62
-2158.45
-2757.99
-3502.04
-3305.19
-4154.77
-4733.94
-6088.97
-6701.76
-7065.86
-4715.06
-6882.77
-8960.44
-1799.29
-2562.39
-2739.57
-4008.66
-5617.1
-7153.41
-6499.53
-6997.88
-6504.96
-7505.7
-10074.7
-13174.2
-15748.9
-19404.2
-16654.7
-713.472
-1527.59
-1821.56
-3991.73
-4805.63
-4937.33
-2823.81
-3427.21
-4660.17
-5200.85
-4222.84
-5457.76
-5665.03
-17359.6
-9258.04
-5128.37
-10701.6
-11779
-12134.2
-8082.86
-14927.5
-20387.7
-15225.2
-12042
-8749.34
-13050.5
-32170.6
-32760.9
-31752.4
-19681.5
3027.79
2268.29
-705.63
-2027.73
926.337
4211.22
-2256.39
-8618.78
-8049.06
1435.9
2705.1
-11942.3
-6346.69
-17555.4
-3469.8
-16829.4
-15161.2
-18468.1
-24514.1
-39209.6
-41575.2
-36888.4
-53776.9
-71537
-78491.2
-74638.2
-74480.9
-62711.1
-54207.2
-44756
-2051.3
-2796.65
-3446.11
-4242.91
-5183.4
-6256.33
-7664.76
-9228.67
-11468.4
-13837.7
-19115.6
-19471.5
-38852.9
-32656.7
-110075
-778.014
-906.663
-957.467
-1122.26
-1322.84
-1572.03
-1947.78
-2377.49
-3167.43
-3927.28
-6154.38
-8539.36
-10320.4
-18251.6
-12640.3
-483.061
-606.216
-711.969
-900.188
-1102.12
-1370.05
-1713.61
-2192.49
-2835.99
-3882.35
-5261.78
-8123.87
-10449.8
-20624
-5006.6
-795.205
-1020.28
-1226.79
-1511.78
-1829.46
-2221.27
-2696.84
-3291.59
-4081.86
-5070.43
-6506.55
-7863.58
-9800.02
-9884.93
-6720.87
-853.858
-1067.32
-1255.14
-1522.11
-1818.72
-2173.85
-2596.31
-3118.66
-3828.73
-4741.94
-5906.04
-7675.71
-9133.08
-17373.1
-17777
-816.252
-1032.91
-1238.63
-1537.3
-1854.86
-2199.87
-2607.07
-3120.81
-3882.92
-4673.03
-5712.13
-6746.95
-8915.1
-9701.52
-11788.3
-1028.76
-1290.32
-1516.53
-1844.82
-2146.99
-2474.09
-2870.2
-3404.27
-4141.18
-4762.4
-5519.75
-6554.92
-9210.22
-6978.67
-19954.7
-846.972
-1088.86
-1335.1
-1733.63
-2036.97
-2222.03
-2555.73
-3136.22
-4041.43
-4465.48
-5504.44
-6392.84
-8792.11
-8233.32
-12274.8
-1289.74
-1634.34
-1915.69
-2364.45
-2363.15
-2504.18
-3039.66
-3822.5
-4678.01
-5109.41
-7068.43
-8526.26
-11348.2
-4413.49
-21773.6
-666.544
-989.658
-1386.5
-2023.88
-2299.25
-2480.12
-2587.49
-3717.89
-4543.93
-5934.17
-7015.66
-7938.5
-5450.33
-5449.59
-3627.8
-1460.21
-2189.21
-2767.19
-3564.95
-4510.48
-5016.02
-5604.42
-5911.16
-5833.83
-7953.23
-10308.3
-12552.8
-13171.4
-16539.7
-16406.3
-408.239
-1184.66
-2225.59
-3522.57
-4589.46
-4189.72
-4206.56
-3903.05
-5351.8
-6753.75
-6567.94
-5992.14
-5030.06
-13602.5
-4972.61
-4247.25
-8213.97
-9361.1
-10000.4
-10161.2
-12923.1
-18981.6
-16726.6
-12460.9
-12874.7
-12953.7
-24969.7
-37861.3
-34330.4
-9549.3
3297.37
3218.57
1500.59
847.987
2624.39
4709.29
-3526.57
-9751.46
-3895.36
5993.85
6141.43
-3513.27
-7051.61
-17557.2
-7327.64
-16497.5
-15496.2
-19408.2
-26899.4
-37770.8
-43217.1
-46410.8
-59901.1
-68026.3
-70727.1
-71884.3
-72243
-67155.2
-50074.8
-37595.7
-2050.38
-2794.98
-3443.11
-4237.88
-5174.48
-6242.66
-7642.59
-9197.01
-11413.8
-13757.8
-18998.8
-19314
-38601.3
-32441.1
-109334
-776.684
-904.186
-953.211
-1115.22
-1310.97
-1553.04
-1917.01
-2332.72
-3099.63
-3838.74
-6020.29
-8361.84
-10085.9
-17983.3
-12562.5
-481.717
-603.853
-708.296
-894.271
-1092.61
-1355.55
-1691.19
-2161.83
-2788.83
-3821.63
-5169.23
-8029.12
-10346.2
-20535.7
-5197.56
-793.632
-1017.03
-1221.04
-1501.71
-1812.72
-2194.81
-2655.75
-3234.31
-3997.45
-4966.07
-6364.13
-7769.7
-9698.31
-9924.92
-7306.61
-850.32
-1061.11
-1245.52
-1506.53
-1793.94
-2135.14
-2538.23
-3040.33
-3715.59
-4616.06
-5728.26
-7648.48
-8973.56
-16705.3
-17646.3
-813.916
-1027.25
-1227.72
-1516.22
-1819.7
-2145.81
-2532.61
-3029.04
-3767.3
-4550.15
-5638.39
-6850.05
-8511.96
-10429.8
-7910.61
-1020.35
-1275.83
-1496.27
-1812.39
-2098.18
-2400.49
-2778.08
-3290
-3996.05
-4642.46
-5461.39
-6340.95
-8251.85
-7598.3
-18689.8
-845.944
-1083.95
-1319.22
-1687.54
-1950.06
-2108.4
-2424.48
-3000.43
-3868.1
-4307.33
-5120.63
-5710.46
-7100.34
-8019.09
-11187.2
-1277.11
-1619.9
-1885.31
-2295.91
-2233.1
-2336.76
-2873.11
-3593.57
-4362.02
-4538.88
-5878.67
-6616.2
-9568.67
-4565.34
-19838.9
-698.143
-1015.19
-1388.53
-1861.4
-1779.65
-1812.77
-2081.69
-3013.49
-3883.61
-4701.01
-6081.17
-6903.47
-6099.47
-4592.18
-6793.57
-1488.02
-2209.77
-2659.63
-3104.49
-3144.51
-3638.62
-4574.35
-4281.46
-4545.95
-7223.42
-10021.3
-11753.3
-13792.2
-15653.8
-19400.4
-160.06
-1109.31
-1956.94
-2877.78
-3314.98
-3311.78
-4370.3
-2752.35
-5252.76
-7933.34
-8744.2
-7342.43
-9695.03
-11611.7
-9422.09
-3271.76
-5584.47
-6990.29
-9200.71
-12816.8
-12122.7
-12454.9
-12142.3
-16403.5
-21112.5
-17772.3
-18832.8
-28567.6
-30304.4
-9848.21
2574.71
1728.73
-1085.3
-3383.66
-6582.57
-2855.62
2584.29
732.645
1666.09
-975.016
890.483
-6351.64
-3513.67
-12945.5
-28434.6
-18446.9
-18450.1
-22964.5
-30431
-40365.1
-46600.6
-48835.7
-61404.8
-63027.2
-67991.2
-76391.1
-74324
-80584.7
-70763
-75098
-2049.31
-2793.04
-3439.59
-4231.9
-5164.01
-6226.67
-7616.63
-9158.31
-11346.6
-13661
-18859.2
-19122.7
-38279.7
-32202.5
-108541
-775.267
-901.582
-948.728
-1107.75
-1298.3
-1532.67
-1884.16
-2285.11
-3025.71
-3741.51
-5866.83
-8178.55
-9794.08
-17660.4
-12200
-480.232
-601.2
-704.09
-887.397
-1081.45
-1338.47
-1664.85
-2124.79
-2731.15
-3743.43
-5054.32
-7899.95
-10197.8
-20360.5
-5206.48
-791.774
-1013.33
-1214.55
-1490.35
-1793.69
-2164.75
-2608.95
-3166.95
-3896.18
-4835.37
-6182.45
-7627.87
-9481.59
-9932.42
-7412.1
-846.647
-1054.55
-1235.06
-1489.3
-1766.3
-2092.28
-2473.21
-2948.26
-3578.58
-4451.89
-5500.41
-7513.08
-8745.6
-16234.7
-16630.2
-810.807
-1020.51
-1215.28
-1492.77
-1781.02
-2089.38
-2451.25
-2920.06
-3620.07
-4394.76
-5464.06
-6906.96
-8116.53
-11398.2
-4055.54
-1012.74
-1261.73
-1475.77
-1779.01
-2055.19
-2338.16
-2690.74
-3168.41
-3827.78
-4503.5
-5447.24
-6636.39
-8013.19
-8574.26
-16129.1
-840.726
-1072.05
-1296.87
-1638.78
-1880.39
-2053.31
-2320.98
-2875.1
-3731.5
-4328.56
-5119.83
-6182.08
-6922.73
-8599.22
-11234.8
-1272.57
-1601.95
-1866.05
-2256.95
-2351.43
-2381.14
-2881.91
-3549.05
-4304.86
-4598.26
-5822.7
-6997.31
-9373.56
-6530.5
-21168.2
-685.416
-984.939
-1361.45
-1828.18
-1684.4
-1667.49
-1914.83
-2943.95
-3859.21
-4700.52
-5861.42
-7453.66
-7319.22
-4401.1
-10357.8
-1619.72
-2307.49
-2773.83
-3377.91
-2973.66
-3235.03
-4020.91
-4465.26
-5475.66
-8470.39
-11039.4
-12658.4
-14522.3
-13565.2
-21059.5
12.8677
-848.553
-1808.78
-3394.44
-3685.61
-3086.42
-4717.65
-2942.21
-6281.35
-10228.8
-11077.2
-7680.54
-9926.45
-8971.38
-15697.9
-3830.91
-5099.22
-7963.98
-13961.2
-18321.5
-17008.6
-9622.83
-10548.7
-23439.1
-29700.9
-23402.9
-28478.1
-25726.4
-17695.5
-18108.7
143.135
-1209.76
-2753.9
-6085.99
-9013.72
-10666.2
-2423.65
3788.43
-5166.58
-14164
-9185.85
-10343.7
-5945.31
7627.8
-46404.6
-18864.7
-19091.1
-20929.4
-23809.9
-30047.7
-42974.7
-52519.7
-58657.2
-61640.2
-61796.6
-72092.2
-57307.7
-83122.8
-80470.6
-135941
-2048.15
-2790.94
-3435.8
-4225.46
-5152.79
-6209.29
-7588.03
-9114.71
-11272
-13556.5
-18705
-18903.7
-37926.4
-31978.5
-107873
-773.907
-899.066
-944.408
-1100.53
-1286.03
-1512.79
-1852.24
-2239.09
-2953.02
-3646.39
-5714.26
-8009.97
-9505.15
-17387.9
-11746.7
-478.816
-598.579
-699.863
-880.408
-1070.11
-1321.03
-1638.04
-2086.17
-2670.6
-3659.83
-4936.27
-7768.07
-10037.5
-20235
-5164.4
-790.004
-1009.82
-1208.34
-1479.35
-1774.95
-2134.7
-2562.15
-3097.89
-3790.43
-4696.25
-5996.38
-7497.38
-9272.79
-10006.5
-7440.3
-843.458
-1048.6
-1225.05
-1472.49
-1738.66
-2049
-2407.89
-2854.07
-3435.72
-4274.73
-5262.25
-7355
-8433.55
-15863.8
-15279.9
-808.197
-1015.1
-1204.51
-1471.98
-1744.27
-2033.66
-2373.23
-2810.13
-3464.8
-4224.65
-5292.63
-6958.1
-7878.3
-11986
-1608.89
-1007.32
-1250.36
-1455.35
-1744.85
-2004.28
-2269.87
-2598.24
-3040.26
-3654.21
-4320.31
-5374.63
-6764.08
-7772.49
-8564.48
-14016.7
-837.782
-1066.97
-1280.62
-1604.27
-1818.22
-1975.9
-2246.33
-2768.57
-3583.97
-4255.39
-5185.48
-6303.46
-6538.3
-8274.01
-10584.1
-1279.54
-1593.9
-1826.44
-2195.11
-2299.58
-2414.7
-2835.29
-3458.67
-4219.77
-4520.03
-5846.45
-7322.38
-9450.83
-8034.62
-21543.5
-680.892
-982.62
-1318.48
-1821.28
-1749.1
-1663.83
-2007.86
-3072.42
-3301.41
-4024.27
-5496.95
-7324.83
-6300.42
-4139.91
-10122.7
-1825.99
-2368.83
-2679.03
-3380.32
-3198.29
-3219.07
-3994.04
-4675.39
-6023.01
-8710
-11221.2
-12412.3
-12246.1
-15294.4
-23858.4
-48.6867
-985.138
-1794.26
-3296.2
-3268.65
-2702.95
-3962.3
-2536.79
-5953.67
-7318.2
-8918.11
-8164.11
-11290.5
-8297.03
-22356.6
-4053.78
-5286.68
-6912.51
-11100.8
-14147.2
-15166.3
-9065.35
-12402
-28748.3
-28440.9
-23078.6
-18678.4
-29539.7
-18917.4
-22021.9
-653.131
-1695.22
-1580.97
-2796.06
-4401.92
-6615.81
-1893.2
1442.41
-8901.27
-12531.1
-14848.7
-7518.81
1614.02
21345
-42710.5
-15104.1
-14803.5
-17003.4
-20458.5
-24662.4
-35848.4
-52383.1
-59157.3
-52264
-45689.4
-60528.5
-72276.7
-90225
-79244.3
-143667
-2046.92
-2788.72
-3431.79
-4218.53
-5140.89
-6190.82
-7556.98
-9066.58
-11189.8
-13442.9
-18533.4
-18660.2
-37526.8
-31749.3
-107225
-772.597
-896.661
-940.274
-1093.58
-1274.16
-1493.52
-1821.45
-2194.64
-2880.66
-3551.21
-5558.01
-7848.59
-9205.57
-17095.9
-11180.6
-477.431
-595.944
-695.556
-873.169
-1058.26
-1302.65
-1609.71
-2043.94
-2604.4
-3564.04
-4807.46
-7611.89
-9846.9
-20043.7
-5019.23
-788.192
-1006.29
-1202.1
-1468.25
-1755.84
-2103.54
-2513.3
-3023.09
-3674.62
-4538.24
-5796.19
-7340.99
-9057.07
-10090.2
-7405.73
-840.547
-1042.92
-1215.14
-1455.56
-1710.08
-2003.64
-2339.04
-2749.72
-3274.81
-4067.21
-5025.86
-7174.1
-8103.21
-15313.4
-13642.1
-805.388
-1009.48
-1193.56
-1451.18
-1706.67
-1975.69
-2289.2
-2683.35
-3283.35
-4067.16
-5118.68
-6928.67
-7736.76
-12264.1
-302.744
-1002.64
-1239.62
-1435.57
-1711.24
-1949.44
-2194.32
-2498.85
-2890.59
-3467.89
-4151.15
-5156.49
-6799.84
-7774.21
-8598.22
-13256.2
-833.587
-1058.73
-1262.67
-1566.27
-1750.5
-1898.56
-2158.26
-2616.67
-3459.28
-4121.4
-5069.72
-6507.62
-6525.38
-8150.68
-10277.7
-1280.18
-1579.97
-1797.74
-2144.23
-2238.19
-2389.24
-2833.1
-3430.72
-4278.6
-4516.63
-5925.63
-7696.87
-9448.4
-9904.69
-19889.5
-676.518
-972.627
-1294.6
-1752.08
-1705.12
-1690.34
-2086.72
-2886.89
-2916.4
-3443.4
-5144.02
-7249.84
-5677.79
-4616.74
-5785.07
-1871.15
-2355.2
-2704.89
-3364.84
-3232.64
-3421.97
-4493.48
-5433.43
-6731.52
-8855.12
-11522.8
-13158.9
-11078.3
-15826.3
-25184.8
-114.905
-980.767
-1800.02
-3278.66
-3617.86
-3752.85
-4330.11
-3354.37
-6428.12
-8432.83
-8810.87
-9219.39
-10887.8
-1338
-20020
-3914.06
-5392.17
-7208.14
-11878.7
-15530.3
-16950.9
-10806.7
-15427.9
-25277.7
-25254.4
-21809.6
-15545.1
-26775.5
-28944.6
-25743
-142.789
-1321.19
-2033.09
-3431.05
-4631.6
-5084.26
-5049.53
-6563.04
-8886.92
-6790.78
-11830.9
-9295.45
6778.44
28945
-32967.7
-13360.9
-13622.3
-16384.6
-18176.7
-22125.7
-33293.4
-53391.7
-57001.8
-42178.5
-35576.8
-51478.9
-76189.5
-94004.2
-79411.9
-134766
-2045.66
-2786.47
-3427.72
-4211.45
-5128.89
-6171.7
-7523.72
-9015.24
-11103.8
-13325.5
-18349.6
-18397.5
-37098.2
-31532
-106646
-771.411
-894.475
-936.492
-1087.22
-1263.25
-1475.82
-1793.18
-2153.24
-2811.81
-3461.26
-5407.5
-7699.37
-8919.51
-16833.1
-10617
-476.17
-593.431
-691.358
-865.999
-1046.52
-1284.32
-1581.15
-1999.93
-2535.25
-3459.45
-4673.45
-7437.49
-9648.83
-19835.7
-4823.79
-786.543
-1003.06
-1196.31
-1457.75
-1737.41
-2072.8
-2464.51
-2945.79
-3552.68
-4363.23
-5588.7
-7161.1
-8873.78
-10247.1
-7259
-838.184
-1037.81
-1205.7
-1439.03
-1681.62
-1957.45
-2268.01
-2638.83
-3099.09
-3826.25
-4807.04
-7000.87
-7882.95
-14640.4
-11649.8
-803.109
-1004.92
-1184.14
-1432.43
-1670.55
-1917.16
-2201.04
-2546.47
-3074.24
-3908.81
-5089.73
-7005.09
-7748.23
-12465
577.011
-999.223
-1229.34
-1414.62
-1674.65
-1887.98
-2104.74
-2379.97
-2719.14
-3253.69
-4096.72
-5145.66
-6937.49
-7857.95
-8876.68
-11397.5
-830.675
-1052.95
-1248.74
-1534.08
-1680.69
-1805.8
-2048.49
-2471.06
-3236.09
-4157.87
-5095.12
-6610.7
-6228.88
-7890.75
-7764.88
-1278.07
-1558.68
-1749.41
-2065.42
-2134
-2282.47
-2772.96
-3347.77
-4251.94
-4784.43
-6037.01
-7716.62
-9229.65
-10902.6
-14594.9
-675.061
-964.543
-1278.8
-1720.67
-1618.01
-1634.55
-2138.94
-2778.21
-2983.81
-3281.97
-4827.62
-7049
-5426.92
-3612.11
1748.17
-1862.14
-2312.76
-2599.01
-3350.45
-3637.38
-4089.85
-5605.03
-6627.01
-7013.32
-8513.42
-11406.6
-13462.2
-10294.9
-13214.3
-22482.1
-148.881
-1046.93
-1941.07
-3894.62
-5049.11
-5728.32
-6505.95
-5248.14
-6532.2
-8842.51
-9867.36
-9035.35
-8282.54
2525.69
-12575.6
-4023.46
-5614.35
-7681.73
-12836.1
-17143.9
-19092.3
-16207
-18243.3
-21259.7
-23277.6
-21879.1
-16368.2
-16953.1
-38350.4
-26065.7
-112.716
-1234.67
-1576.17
-2350.95
-3410.61
-4179.12
-5405.59
-6981.36
-6482.07
-4543.81
-6123.61
-10996.1
7869.93
26328.2
-17467.1
-14403.2
-14755.5
-18355
-20532.7
-23642.9
-32558.1
-44415.8
-45579.2
-36655.7
-32069.9
-43759.3
-76376.9
-94927.3
-80344.1
-116163
-2044.4
-2784.26
-3423.69
-4204.31
-5117.08
-6152.2
-7489.46
-8963.87
-11015.8
-13204.9
-18153.6
-18124.1
-36643.3
-31323.5
-106128
-770.353
-892.538
-933.161
-1081.59
-1253.55
-1460.21
-1767.96
-2116.15
-2748.55
-3380.07
-5265.54
-7561.62
-8644.62
-16583.6
-9965.49
-475.042
-591.082
-687.408
-859.098
-1035.16
-1266.46
-1552.72
-1955.25
-2465.55
-3347.72
-4530.62
-7226.5
-9424.72
-19562.5
-4535.05
-784.978
-1000.07
-1190.97
-1447.99
-1719.99
-2043.28
-2416.66
-2866.77
-3426.88
-4166.37
-5352.16
-6908.58
-8674.98
-10424.5
-6983.11
-836.325
-1033.35
-1197
-1423.38
-1653.73
-1911.75
-2195.82
-2520.4
-2904.96
-3525.52
-4534.07
-6726.72
-7784.36
-13908.5
-9176.72
-800.734
-1000.62
-1175.41
-1415.26
-1636.07
-1859.82
-2108.49
-2391
-2829.34
-3679.68
-5062.17
-7135.12
-8055.71
-12729.4
176.588
-997.426
-1220.73
-1394.99
-1639.17
-1819.06
-2003.71
-2239.9
-2503.13
-2996.26
-3974.13
-5306.26
-7378.24
-8254.55
-9672.82
-9459.62
-826.652
-1045.4
-1234.42
-1502.37
-1607.3
-1706.88
-1901.19
-2303.82
-2997.93
-4110.14
-5334.9
-7104.09
-6550.6
-8155.49
-4108
-1276.77
-1536.78
-1708.54
-1990.9
-1933.16
-2071.39
-2609.55
-3175.2
-4065.48
-5197.91
-6472.04
-7975.34
-9138.82
-10454.2
-9297.38
-666.577
-942.756
-1277.49
-1619.73
-1418.54
-1468.3
-1975.35
-2659.47
-3131.19
-3887.3
-4741.93
-6815.16
-5674.4
-1021.75
6393.58
-1803.66
-2242.74
-2614.94
-3301.21
-3614.77
-4054.69
-5675.08
-7485.04
-8483.15
-8824.96
-9994.94
-10860.7
-8770.35
-8183.43
-17340.7
-90.203
-1062.95
-2133.34
-4397.24
-5405.19
-5232.45
-6460.23
-6898.02
-8271.53
-8048.91
-8657.2
-7982.81
-6343.06
5557.57
-330.366
-3905.82
-5901.97
-9442.74
-15838.6
-19319
-19689.5
-17475.1
-20645.2
-23436.4
-20852
-22362
-14452.1
-19370.9
-47485
-18632
-932.875
-2252.99
-3179.21
-5060.74
-5348.87
-3915.12
-5656.9
-7229.29
-6330.08
-4053.69
-13086.7
-6816.38
16175.8
11472.4
-2288.95
-18520.4
-18566.8
-21998.2
-24733.3
-27458.3
-33084.8
-41141.1
-43369.5
-38475
-35342.2
-53264.8
-86208.3
-85809.6
-81184.4
-106264
-2043.19
-2782.17
-3419.75
-4197.47
-5105.77
-6132.55
-7455.11
-8912.16
-10926.3
-13085.5
-17954.2
-17845
-36159.3
-31139.3
-105779
-769.462
-890.93
-930.307
-1076.83
-1245.27
-1447.07
-1746.54
-2084.19
-2692.77
-3311.01
-5139.82
-7449.29
-8402.34
-16366.4
-9325.77
-474.093
-588.973
-683.737
-852.543
-1024.39
-1249.37
-1525.21
-1911.54
-2395.46
-3232.79
-4379.5
-6994.54
-9177.98
-19263.9
-4196.34
-783.621
-997.475
-1186.26
-1439.1
-1703.78
-2015.52
-2370.92
-2788.26
-3297.97
-3951.22
-5066.91
-6597.95
-8468.61
-10664.4
-6743.62
-835.207
-1029.74
-1189.29
-1408.81
-1627.28
-1868.21
-2124.92
-2397.65
-2684.04
-3161
-4196.93
-6354.11
-7624.23
-13124.4
-6676.52
-798.788
-997.376
-1168.59
-1400.48
-1604.43
-1806.78
-2017.97
-2211.37
-2539.84
-3394.58
-4919.53
-7101.92
-8500.3
-12852
-2172.9
-997.875
-1214.02
-1376.2
-1602.32
-1749.04
-1901.65
-2085.72
-2225.2
-2678.5
-3715.36
-5316.01
-7669.47
-9003.38
-9892.42
-9192.43
-822.493
-1040
-1224.29
-1476.16
-1539.43
-1631.37
-1744.18
-2073.08
-2724.37
-3991.4
-5589.52
-7508.57
-7155.55
-7754.75
-36.4918
-1275.08
-1513.23
-1646.7
-1877.44
-1667.58
-1830.61
-2319.2
-2820.24
-3739.45
-5245.66
-7079.44
-8622.66
-9039.96
-8481.87
-6241.97
-656.989
-924.918
-1248.55
-1468.62
-1281.84
-1233.25
-1722.05
-2518.68
-3148.5
-4744.7
-6020.12
-7836.93
-5338.35
26.8317
2574.65
-1615.31
-2073.1
-2382.13
-2705.47
-2988.7
-3365.39
-5516.58
-7540.2
-9507.35
-10830.9
-10705.7
-9878.34
-7981.21
-10377.1
-16497
-94.6746
-1212.69
-2544.65
-4748.69
-5456.92
-5416.33
-8489.37
-7682.56
-9220.47
-8669.77
-8011.15
-7033.5
-3398.22
-896.624
426.898
-3805.51
-6102
-10555.3
-17908.3
-22744.6
-23690.1
-16796.8
-17499.5
-24926.2
-22771.9
-21983.7
-17817.3
-21479.8
-55829.7
-20566.7
5.13297
-1799.09
-3976.19
-6036.9
-7034.46
-8307.26
-5982.58
-4250.82
-5883.42
-6803.15
-14332.4
-1679.9
14616.3
4538.49
26100.7
-23847.8
-25046.8
-30204.5
-33421.5
-34975.6
-39111.7
-50248.3
-61389.5
-50187.7
-44640.9
-59600.7
-80555.7
-83332.3
-82923.9
-99208.1
-2042.04
-2780.21
-3416.12
-4190.98
-5095.28
-6113.54
-7422.42
-8864.08
-10837.4
-12975.2
-17763.1
-17582.1
-35668
-30984.1
-105550
-768.766
-889.667
-928.122
-1073.15
-1238.83
-1437.27
-1729.81
-2060.37
-2647.4
-3259.1
-5039.41
-7379.67
-8213.66
-16176.2
-8586.62
-473.349
-587.186
-680.688
-846.932
-1015.21
-1234.79
-1501.2
-1873.74
-2333.99
-3132.49
-4238.44
-6767.61
-8914.98
-18936.1
-3859.78
-782.421
-995.298
-1182.45
-1431.74
-1690.18
-1992.32
-2330.99
-2717.84
-3179.92
-3746.59
-4768.54
-6312.61
-8250.87
-10887.8
-6775.13
-834.672
-1027.11
-1183.11
-1396.32
-1604.5
-1830.78
-2061
-2283.08
-2460.37
-2825.91
-3831.32
-5921.02
-7192.31
-12085.7
-5056.3
-796.697
-994.641
-1163.24
-1388.23
-1578.54
-1763.18
-1932.84
-2016.74
-2272.97
-3103.61
-4603.49
-6872.25
-8746.48
-12571.2
-6148.64
-1001.4
-1211.63
-1361.53
-1567.77
-1687.71
-1805.77
-1924.28
-1916.28
-2355.97
-3515.43
-5300.78
-7772.99
-9904.72
-9341.09
-11445.7
-817.362
-1034.66
-1212.4
-1452.37
-1487.99
-1572.73
-1525.31
-1822.23
-2555.06
-4073.41
-5913.95
-8232.02
-8663.43
-6874.62
-637.909
-1297.72
-1509.31
-1592.83
-1739.64
-1471.31
-1584.69
-1979.75
-2542.91
-3528.24
-5256.77
-7514.76
-9712.84
-9587.47
-6193.83
-6174.2
-642.46
-874.084
-1115.99
-1327.44
-1213.13
-1004.95
-1385.11
-2312.07
-3295.72
-5350.36
-6897.3
-8248.62
-5428.62
-684.822
-6519.16
-1542.91
-1827.44
-1860.45
-2120.77
-2039.16
-2396.33
-4414.61
-6757.15
-8744.46
-10906.6
-10125.9
-11740.4
-10269.9
-17555.6
-18607.9
-57.6007
-683.884
-1383.88
-2937.95
-3944.1
-5742.12
-7687.74
-6385.51
-6914.1
-8391.44
-8729.05
-9200.15
-2246.83
-7199.58
-5124.11
-3669.14
-6592.9
-8460.11
-12922.6
-16547.2
-19383.6
-17923.6
-20043.7
-25325.7
-24296.3
-19243.9
-19991.1
-20269.7
-55853.7
-19842.1
4062.06
4028.37
1485.03
3.78723
-2575.42
-4897.6
2676.24
4102.72
-2099.03
-9660.59
-9060.67
9413
15949.8
6984.51
59012.2
-22909
-23404.7
-32447.6
-40086.8
-46401.8
-56294.9
-59563.5
-61825.5
-51403.3
-49079
-68264.7
-73764.4
-80153.4
-79692.6
-82193.2
-2040.97
-2778.49
-3412.64
-4185.14
-5085.43
-6095.19
-7391.77
-8817.01
-10751.9
-12879.4
-17581.4
-17322.6
-35182.3
-30915.1
-105630
-768.223
-888.763
-926.361
-1070.34
-1233.71
-1429.57
-1716.63
-2040.95
-2609.89
-3222.69
-4972.83
-7377.37
-8121.23
-16032.3
-8032.21
-472.753
-585.638
-677.866
-841.583
-1006.46
-1220.61
-1478.1
-1837.91
-2275.7
-3052.02
-4119.97
-6616.37
-8703.9
-18740.7
-3701.78
-781.395
-993.443
-1179.13
-1425.01
-1677.64
-1971.1
-2293.9
-2653.35
-3075
-3570.74
-4539.27
-6244.96
-8194.33
-11224
-7578.52
-834.974
-1025.55
-1178.36
-1385.61
-1584.64
-1798.78
-2002.35
-2177.57
-2260.71
-2615.1
-3595.32
-5820.1
-6848.44
-11531.2
-5153.33
-795.009
-992.914
-1159.74
-1378.36
-1557.33
-1731.16
-1851.68
-1831.74
-2065.8
-2937.48
-4478.42
-6890.69
-8574.32
-12751.2
-8932.9
-1009.15
-1214.62
-1353.96
-1543.51
-1648.54
-1747.66
-1743.58
-1609.32
-2156.51
-3561.84
-5417.18
-7851.63
-9934.8
-10171.7
-12087.7
-811.511
-1033.86
-1211.97
-1444.52
-1479.09
-1609.12
-1228.36
-1549.37
-2608.78
-4327.21
-6072.06
-8257.09
-9531
-7218.27
-2192.24
-1353.75
-1552.14
-1593.49
-1703.58
-1557.2
-1400.43
-1581.09
-2098.43
-3480.74
-5262.36
-7122.08
-9246.66
-10045.9
-4143.52
-3687.62
-596.402
-863.913
-1153.2
-1440.89
-1399.79
-1004.72
-1302.52
-2102.05
-3519.23
-5728.09
-6987.15
-8638.87
-6936.04
-2276.5
-11537.9
-1804.45
-2141.01
-1958.14
-2208.92
-1914.2
-1693.53
-3126.32
-5187.37
-7840.37
-10522.4
-10234.7
-13436
-12047
-20349.7
-12305.1
-36.6435
-919.421
-1669.15
-2278.34
-2740.45
-3639.49
-4686.07
-2577.35
-4279.41
-9737.29
-9309.86
-9962.85
-3131.72
-7975.81
-4733.44
-6087.93
-9790.99
-7200.72
-6251.43
-8302.53
-10686
-14791.3
-24070
-25747.9
-22511.4
-18660.8
-20755.9
-19816.4
-51849.2
-14361.1
5395.05
6935.55
6182.38
10212.8
12265.5
12218.3
10856.4
1531.56
-6004.04
-7308.47
1224.96
15649.4
13239.4
14180
66591.5
-20731.3
-20185.5
-31205.8
-40519.8
-45340.9
-53160.7
-62293.9
-63135.2
-54306.4
-54231.5
-63112.6
-69466.2
-79209.1
-73753.4
-69666.6
-2040.02
-2776.98
-3409.58
-4180.06
-5076.44
-6078.57
-7363.89
-8776.1
-10671.1
-12799.6
-17392.3
-17122.2
-34628.2
-30869.5
-105663
-768.031
-888.397
-925.845
-1069.48
-1232.45
-1428.14
-1713.44
-2038.96
-2600.84
-3233.59
-4985.9
-7478.08
-8194.62
-15998.2
-7401.55
-472.456
-584.689
-676.394
-838.567
-1001.97
-1213.33
-1466.28
-1820.9
-2255.65
-3045.06
-4147.65
-6685.58
-8737.99
-18507
-3780.57
-780.674
-992.251
-1177.24
-1420.98
-1670.05
-1958.56
-2270.45
-2618.7
-3041.23
-3637.4
-4630.34
-6375.35
-8214.27
-11365.3
-8466.19
-835.348
-1024.71
-1175.62
-1378.68
-1572.46
-1779.21
-1967.16
-2129.75
-2316.3
-2705.72
-3649.42
-5989.96
-6676.49
-11346
-6281.14
-793.268
-991.587
-1158.43
-1372.37
-1544.82
-1712.33
-1792.36
-1809.29
-2099.9
-3109.53
-4819.83
-7202.63
-8228.1
-12999.1
-10748.2
-1016.77
-1219.83
-1352.43
-1525.5
-1626.6
-1695.23
-1602.93
-1512.57
-2220.76
-3827.67
-5867.73
-7968.98
-9439.84
-11843.1
-9616.8
-804.317
-1034.39
-1221.03
-1439.25
-1470.73
-1551.69
-1016.66
-1425.62
-2706.88
-4587.74
-6482.85
-7920.67
-9332.72
-8922.25
-5383.22
-1431.11
-1634.52
-1624.26
-1656.32
-1616.88
-1111.35
-1263.15
-1993.63
-3689.39
-5445.84
-7081.99
-8237.35
-9529.1
-2829.48
-181.849
-572.575
-900.98
-1243.66
-1499.21
-1348.89
-1053.84
-1460.34
-2380.95
-4150.39
-6072.06
-6887.85
-8325.09
-6952.91
-5177.83
-20272.9
-2666.88
-3164.32
-2322.23
-2163.2
-1666.72
-2239.68
-2923.37
-4739.66
-7906.91
-9862.77
-10432.8
-14061.4
-12290.4
-21829.8
-10281.8
33.4088
-674.111
-1929.04
-2469.53
-2669.43
-4125.9
-3639.35
-3698.03
-8379.21
-10726.4
-10560.6
-10360.5
-3863.85
-8737.99
-6888.01
-7107.38
-10699.2
-7866.3
-4213.4
-5729.35
-8501.95
-9590.63
-23353.8
-32325.9
-20410.6
-19577.1
-20763.5
-19679.8
-48543.1
-15827.6
4508.96
4560.77
1851.69
11812.3
15676
12465.6
12998.8
3321.2
-9832.7
556.442
3093.3
16426.4
8746.12
13983.7
60170.5
-20940.9
-19168.1
-33176.2
-43501.8
-46468.8
-53372.4
-62129.6
-72994.7
-58683.3
-55143.9
-57189.1
-68334.7
-72750.9
-62148.2
-62618.6
-2039.24
-2775.93
-3407.09
-4176.3
-5069.39
-6065.48
-7342.87
-8741.36
-10605.7
-12740
-17264.4
-16982.3
-34384.3
-31362.3
-106230
-767.531
-887.645
-924.081
-1066.76
-1227.29
-1419.69
-1699.9
-2018.06
-2565.13
-3206.89
-4959.25
-7556.9
-8129.92
-15558.9
-7084.06
-472.1
-583.57
-674.326
-834.368
-995.387
-1202.27
-1449.05
-1797.14
-2220.95
-3029.56
-4184.08
-6834.62
-8949.24
-18645.5
-3382.15
-779.96
-990.982
-1175
-1416.06
-1661.12
-1942.88
-2243.63
-2583.02
-3001.17
-3686.88
-4810.66
-6720.17
-8566.12
-11660
-9995.43
-836.22
-1024.23
-1172.73
-1370.82
-1558.48
-1754.48
-1930.81
-2085.95
-2338.07
-2892.63
-3930.92
-6437.08
-7094.16
-11806.3
-7410.97
-792.188
-990.816
-1156.56
-1366.1
-1532.48
-1688.3
-1750.65
-1819.6
-2148.85
-3224.44
-4969.92
-7237.09
-7872.86
-12112.7
-7814.83
-1024.91
-1223.22
-1348.99
-1510.49
-1604.09
-1644.43
-1578.79
-1479.63
-2180.32
-3527.64
-5322.3
-7398.16
-8460.97
-12581.7
-7604.65
-801.4
-1034.65
-1220.93
-1443.26
-1476.81
-1492.26
-967.12
-1275.24
-2191.91
-3623.52
-5554.28
-7254.18
-8613.11
-10485.1
-9156.76
-1472.17
-1636.86
-1622.07
-1649.14
-1541.19
-1083.81
-1040.86
-1382.88
-2583.78
-4291.33
-6567.76
-7796.12
-9460.71
-3372.41
193.159
-568.918
-903.312
-1259.65
-1618.87
-1496.06
-912.849
-1083.86
-1461.5
-2774.71
-5052.77
-6753.67
-8390.32
-6741.11
-6199.2
-12835.4
-2894.97
-3065.9
-2524.01
-2364.03
-1575.62
-1671.24
-1690.1
-2749.61
-5368.33
-8444.1
-10710.9
-14978.5
-12641.2
-23461.9
2831.9
165.37
-179.874
-1532.49
-2551.32
-1611.53
-2120.17
-2046.67
-2107.25
-7299.05
-10058.6
-11087.9
-9844.85
-2685.49
-5205.91
2748.36
-8070.17
-8907.7
-9173.91
-2159.54
-2217.43
-4824.01
-7654.15
-15598.4
-25432.2
-16480.5
-21297.9
-23485.2
-21688.9
-42136
-9545.98
5650.64
8991.56
1792.47
9164.57
18932.1
14444.8
13321.3
7584.61
-4192.11
6242.69
-145.369
13883.9
6520.99
19117.3
30639.6
-19367.3
-20244.8
-32180.7
-51624.1
-51782
-57249.9
-62714.1
-81130.8
-73962.3
-53725.8
-51421.2
-67208.9
-67151.5
-62211.5
-84152.7
)
;

boundaryField
{
    outletsourceFace
    {
        type            zeroGradient;
    }
    outletdestinationFace
    {
        type            zeroGradient;
    }
    outletFace
    {
        type            zeroGradient;
    }
    outletWall
    {
        type            fixedValue;
        value           uniform 0;
    }
    inletFace
    {
        type            zeroGradient;
    }
    inletWall
    {
        type            fixedValue;
        value           uniform 5;
    }
    inletsourceFace
    {
        type            zeroGradient;
    }
    inletdestinationFace
    {
        type            zeroGradient;
    }
}


// ************************************************************************* //
