/*--------------------------------*- C++ -*----------------------------------*\
| =========                 |                                                 |
| \\      /  F ield         | OpenFOAM: The Open Source CFD Toolbox           |
|  \\    /   O peration     | Version:  4.1                                   |
|   \\  /    A nd           | Web:      www.OpenFOAM.org                      |
|    \\/     M anipulation  |                                                 |
\*---------------------------------------------------------------------------*/
FoamFile
{
    version     2.0;
    format      ascii;
    class       volScalarField;
    location    "20";
    object      nut;
}
// * * * * * * * * * * * * * * * * * * * * * * * * * * * * * * * * * * * * * //

dimensions      [0 2 -1 0 0 0 0];

internalField   uniform 5.68696e-05;

boundaryField
{
    outletsourceFace
    {
        type            calculated;
        value           uniform 5.68696e-05;
    }
    outletdestinationFace
    {
        type            calculated;
        value           uniform 5.68696e-05;
    }
    outletFace
    {
        type            calculated;
        value           uniform 9e-17;
    }
    outletWall
    {
        type            nutkWallFunction;
        Cmu             0.09;
        kappa           0.41;
        E               9.8;
        value           nonuniform List<scalar> 
450
(
0.209398
0.209398
0.209398
0.209398
0.209398
0.209398
0.209398
0.209398
0.209398
0.209398
0.209398
0.209398
0.209398
0.209398
0.209398
0.209398
0.209398
0.209398
0.209398
0.209398
0.209398
0.209398
0.209398
0.209398
0.209398
0.209398
0.209398
0.209398
0.209398
0.209398
0.209398
0.209398
0.209398
0.209398
0.209398
0.209398
0.209398
0.209398
0.209398
0.209398
0.209398
0.209398
0.209398
0.209398
0.209398
0.209398
0.209398
0.209398
0.209398
0.209398
0.209398
0.209398
0.209398
0.209398
0.209398
0.209398
0.209398
0.209398
0.209398
0.209398
0.209398
0.209398
0.209398
0.209398
0.209398
0.209398
0.209398
0.209398
0.209398
0.209398
0.209398
0.209398
0.209398
0.209398
0.209398
0.209398
0.209398
0.209398
0.209398
0.209398
0.209398
0.209398
0.209398
0.209398
0.209398
0.209398
0.209398
0.209398
0.209398
0.209398
0.209398
0.209398
0.209398
0.209398
0.209398
0.209398
0.209398
0.209398
0.209398
0.209398
0.209398
0.209398
0.209398
0.209398
0.209398
0.209398
0.209398
0.209398
0.209398
0.209398
0.209398
0.209398
0.209398
0.209398
0.209398
0.209398
0.209398
0.209398
0.209398
0.209398
0.209398
0.209398
0.209398
0.209398
0.209398
0.209398
0.209398
0.209398
0.209398
0.209398
0.209398
0.209398
0.209398
0.209398
0.209398
0.209398
0.209398
0.209398
0.209398
0.209398
0.209398
0.209398
0.209398
0.209398
0.209398
0.209398
0.209398
0.209398
0.209398
0.209398
0.209398
0.209398
0.209398
0.209398
0.209398
0.209398
0.209398
0.209398
0.209398
0.209398
0.209398
0.209398
0.209398
0.209398
0.209398
0.209398
0.209398
0.209398
0.209398
0.209398
0.209398
0.209398
0.209398
0.209398
0.209398
0.209398
0.209398
0.209398
0.209398
0.209398
0.209398
0.209398
0.209398
0.209398
0.209398
0.209398
0.209398
0.209398
0.209398
0.209398
0.209398
0.209398
0.209398
0.209398
0.209398
0.209398
0.209398
0.209398
0.209398
0.209398
0.209398
0.209398
0.209398
0.209398
0.209398
0.209398
0.209398
0.209398
0.209398
0.209398
0.209398
0.209398
0.209398
0.209398
0.209398
0.209398
0.209398
0.209398
0.209398
0.209398
0.209398
0.209398
0.209398
0.209398
0.209398
0.209393
0.209393
0.209393
0.209393
0.209393
0.209393
0.209393
0.209393
0.209393
0.209393
0.209393
0.209393
0.209393
0.209393
0.209393
0.209393
0.209393
0.209393
0.209393
0.209393
0.209393
0.209393
0.209393
0.209393
0.209393
0.209393
0.209393
0.209393
0.209393
0.209393
0.209393
0.209393
0.209393
0.209393
0.209393
0.209393
0.209393
0.209393
0.209393
0.209393
0.209393
0.209393
0.209393
0.209393
0.209393
0.209393
0.209393
0.209393
0.209393
0.209393
0.209393
0.209393
0.209393
0.209393
0.209393
0.209393
0.209393
0.209393
0.209393
0.209393
0.209393
0.209393
0.209393
0.209393
0.209393
0.209393
0.209393
0.209393
0.209393
0.209393
0.209393
0.209393
0.209393
0.209393
0.209393
0.209393
0.209393
0.209393
0.209393
0.209393
0.209393
0.209393
0.209393
0.209393
0.209393
0.209393
0.209393
0.209393
0.209393
0.209393
0.209393
0.209393
0.209393
0.209393
0.209393
0.209393
0.209393
0.209393
0.209393
0.209393
0.209393
0.209393
0.209393
0.209393
0.209393
0.209393
0.209393
0.209393
0.209393
0.209393
0.209393
0.209393
0.209393
0.209393
0.209393
0.209393
0.209393
0.209393
0.209393
0.209393
0.209393
0.209393
0.209393
0.209393
0.209393
0.209393
0.209393
0.209393
0.209393
0.209393
0.209393
0.209393
0.209393
0.209393
0.209393
0.209393
0.209393
0.209393
0.209393
0.209393
0.209393
0.209393
0.209393
0.209393
0.209393
0.209393
0.209393
0.209393
0.209393
0.209393
0.209393
0.209393
0.209393
0.209393
0.209393
0.209393
0.209393
0.209393
0.209393
0.209393
0.209393
0.209393
0.209393
0.209393
0.209393
0.209393
0.209393
0.209393
0.209393
0.209393
0.209393
0.209393
0.209393
0.209393
0.209393
0.209393
0.209393
0.209393
0.209393
0.209393
0.209393
0.209393
0.209393
0.209393
0.209393
0.209393
0.209393
0.209393
0.209393
0.209393
0.209393
0.209393
0.209393
0.209393
0.209393
0.209393
0.209393
0.209393
0.209393
0.209393
0.209393
0.209393
0.209393
0.209393
0.209393
0.209393
0.209393
0.209393
0.209393
0.209393
0.209393
0.209393
0.209393
0.209393
0.209393
0.209393
0.209393
0.209393
0.209393
0.209393
0.209393
0.209393
0.209393
0.209393
0.209393
)
;
    }
    inletFace
    {
        type            calculated;
        value           uniform 5.68696e-05;
    }
    inletWall
    {
        type            nutkWallFunction;
        Cmu             0.09;
        kappa           0.41;
        E               9.8;
        value           nonuniform List<scalar> 
450
(
0.188672
0.188687
0.188679
0.188672
0.188687
0.188679
0.188672
0.188687
0.188679
0.188672
0.188687
0.188679
0.188672
0.188687
0.188679
0.188672
0.188687
0.188679
0.188672
0.188687
0.188679
0.188672
0.188687
0.188679
0.188672
0.188687
0.188679
0.188672
0.188687
0.188679
0.188672
0.188687
0.188679
0.188672
0.188687
0.188679
0.188672
0.188687
0.188679
0.188672
0.188687
0.188679
0.188672
0.188687
0.188679
0.188672
0.188687
0.188679
0.188672
0.188687
0.188679
0.188672
0.188687
0.188679
0.188672
0.188687
0.188679
0.188672
0.188687
0.188679
0.188672
0.188687
0.188679
0.188672
0.188687
0.188679
0.188672
0.188687
0.188679
0.188672
0.188687
0.188679
0.188672
0.188687
0.188679
0.188672
0.188687
0.188679
0.188672
0.188687
0.188679
0.188672
0.188687
0.188679
0.188672
0.188687
0.188679
0.188672
0.188687
0.188679
0.188672
0.188687
0.188679
0.188672
0.188687
0.188679
0.188672
0.188687
0.188679
0.188672
0.188687
0.188679
0.188672
0.188687
0.188679
0.188672
0.188687
0.188679
0.188672
0.188687
0.188679
0.188672
0.188687
0.188679
0.188672
0.188687
0.188679
0.188672
0.188687
0.188679
0.188672
0.188687
0.188679
0.188672
0.188687
0.188679
0.188672
0.188687
0.188679
0.188672
0.188687
0.188679
0.188672
0.188687
0.188679
0.188672
0.188687
0.188679
0.188672
0.188687
0.188679
0.188672
0.188687
0.188679
0.188672
0.188687
0.188679
0.188672
0.188687
0.188679
0.188672
0.188687
0.188679
0.188672
0.188687
0.188679
0.188672
0.188687
0.188679
0.188672
0.188687
0.188679
0.188672
0.188687
0.188679
0.188672
0.188687
0.188679
0.188672
0.188687
0.188679
0.188672
0.188687
0.188679
0.188672
0.188687
0.188679
0.188672
0.188687
0.188679
0.188672
0.188687
0.188679
0.188672
0.188687
0.188679
0.188672
0.188687
0.188679
0.188672
0.188687
0.188679
0.188672
0.188687
0.188679
0.188672
0.188687
0.188679
0.188672
0.188687
0.188679
0.188672
0.188687
0.188679
0.188672
0.188687
0.188679
0.188672
0.188687
0.188679
0.188672
0.188687
0.188679
0.188672
0.188687
0.188679
0.188672
0.188687
0.188679
0.188672
0.188687
0.188679
0.188672
0.188687
0.188679
0.188678
0.188684
0.188678
0.188678
0.188682
0.188678
0.188678
0.188682
0.188678
0.188678
0.188682
0.188678
0.188678
0.188682
0.188678
0.188678
0.188684
0.188678
0.188678
0.188682
0.188678
0.188678
0.188682
0.188678
0.188678
0.188682
0.188678
0.188678
0.188682
0.188678
0.188678
0.188684
0.188678
0.188678
0.188682
0.188678
0.188678
0.188682
0.188678
0.188678
0.188682
0.188678
0.188678
0.188682
0.188678
0.188678
0.188684
0.188678
0.188678
0.188682
0.188678
0.188678
0.188682
0.188678
0.188678
0.188682
0.188678
0.188678
0.188682
0.188678
0.188678
0.188684
0.188678
0.188678
0.188682
0.188678
0.188678
0.188682
0.188678
0.188678
0.188682
0.188678
0.188678
0.188682
0.188678
0.188678
0.188684
0.188678
0.188678
0.188682
0.188678
0.188678
0.188682
0.188678
0.188678
0.188682
0.188678
0.188678
0.188682
0.188678
0.188678
0.188684
0.188678
0.188678
0.188682
0.188678
0.188678
0.188682
0.188678
0.188678
0.188682
0.188678
0.188678
0.188682
0.188678
0.188678
0.188684
0.188678
0.188678
0.188682
0.188678
0.188678
0.188682
0.188678
0.188678
0.188682
0.188678
0.188678
0.188682
0.188678
0.188678
0.188684
0.188678
0.188678
0.188682
0.188678
0.188678
0.188682
0.188678
0.188678
0.188682
0.188678
0.188678
0.188682
0.188678
0.188678
0.188684
0.188678
0.188678
0.188682
0.188678
0.188678
0.188682
0.188678
0.188678
0.188682
0.188678
0.188678
0.188682
0.188678
0.188678
0.188684
0.188678
0.188678
0.188682
0.188678
0.188678
0.188682
0.188678
0.188678
0.188682
0.188678
0.188678
0.188682
0.188678
0.188678
0.188684
0.188678
0.188678
0.188682
0.188678
0.188678
0.188682
0.188678
0.188678
0.188682
0.188678
0.188678
0.188682
0.188678
0.188678
0.188684
0.188678
0.188678
0.188682
0.188678
0.188678
0.188682
0.188678
0.188678
0.188682
0.188678
0.188678
0.188682
0.188678
0.188678
0.188684
0.188678
0.188678
0.188682
0.188678
0.188678
0.188682
0.188678
0.188678
0.188682
0.188678
0.188678
0.188682
0.188678
0.188678
0.188684
0.188678
0.188678
0.188682
0.188678
0.188678
0.188682
0.188678
0.188678
0.188682
0.188678
0.188678
0.188682
0.188678
)
;
    }
    inletsourceFace
    {
        type            calculated;
        value           uniform 5.68696e-05;
    }
    inletdestinationFace
    {
        type            calculated;
        value           uniform 5.68696e-05;
    }
}


// ************************************************************************* //
