/*--------------------------------*- C++ -*----------------------------------*\
| =========                 |                                                 |
| \\      /  F ield         | OpenFOAM: The Open Source CFD Toolbox           |
|  \\    /   O peration     | Version:  4.1                                   |
|   \\  /    A nd           | Web:      www.OpenFOAM.org                      |
|    \\/     M anipulation  |                                                 |
\*---------------------------------------------------------------------------*/
FoamFile
{
    version     2.0;
    format      ascii;
    class       volScalarField;
    location    "20";
    object      p;
}
// * * * * * * * * * * * * * * * * * * * * * * * * * * * * * * * * * * * * * //

dimensions      [0 2 -2 0 0 0 0];

internalField   nonuniform List<scalar> 
6750
(
-171.46
-107.531
-194.482
-199.006
-230.336
-242.565
-251.328
-256.448
-258.681
-259.763
-251.904
-227.415
-237.082
-126.635
-263.692
-171.088
-106.383
-194.051
-199.38
-231.405
-243.864
-253.026
-258.19
-260.652
-257.172
-249.645
-227.796
-236.19
-125.643
-263.76
-170.741
-105.414
-193.778
-199.788
-232.198
-244.848
-254.459
-259.729
-264.587
-256.825
-247.769
-222.846
-235.091
-124.732
-263.893
-170.293
-104.143
-193.419
-200.29
-233.183
-246.095
-255.442
-262.217
-264.944
-260.436
-251.217
-217.185
-234.058
-123.991
-263.591
-169.867
-102.838
-193.102
-200.771
-234.06
-246.979
-256.486
-262.858
-264.188
-260.175
-251.78
-223.584
-233.611
-124.299
-263.457
-169.491
-101.553
-192.777
-201.187
-234.774
-247.68
-257.324
-260.85
-263.959
-261.809
-250.29
-222.76
-232.776
-123.9
-263.178
-169.259
-100.543
-192.507
-201.478
-235.305
-248.466
-258.587
-262.359
-264.938
-260.711
-247.195
-222.313
-232.907
-123.727
-263.146
-169.229
-100.277
-192.443
-201.584
-235.469
-248.689
-258.984
-261.765
-264.975
-260.553
-247.025
-218.748
-231.072
-123.003
-262.997
-169.389
-100.823
-192.663
-201.581
-235.401
-248.664
-258.93
-261.721
-265.193
-259.075
-245.368
-225.751
-232.521
-123.769
-262.862
-169.731
-101.989
-193.056
-201.399
-235.016
-248.183
-258.001
-262.053
-265.28
-261.361
-247.509
-222.866
-231.774
-123.594
-262.552
-170.196
-103.393
-193.494
-201.092
-234.421
-247.489
-257.177
-263.165
-265.598
-260.291
-248.181
-224.558
-232.345
-123.654
-262.537
-170.692
-104.773
-193.908
-200.71
-233.672
-246.701
-256.212
-262.705
-266.243
-260.397
-249.03
-216.773
-232.568
-122.963
-262.387
-171.191
-106.094
-194.348
-200.301
-232.779
-245.547
-255.408
-260.284
-266.127
-257.35
-246.29
-220.09
-233.202
-123.184
-262.408
-171.572
-107.096
-194.681
-199.959
-232.075
-244.642
-254.234
-258.89
-263.056
-258.362
-248.94
-223.645
-234.271
-123.804
-262.105
-171.971
-108.262
-195.165
-199.646
-231.076
-243.421
-252.759
-257.406
-262.567
-260.491
-251.155
-221.919
-234.773
-124.375
-261.835
-231.016
-81.7863
-194.803
-198.474
-230.188
-243.526
-253.281
-259.268
-265.745
-261.374
-241.721
-201.525
-238.076
-105.484
-356.461
-230.555
-80.7092
-194.261
-198.693
-231.347
-244.824
-255.145
-261.268
-266.611
-259.621
-239.718
-203.244
-237.405
-105.016
-357.102
-230.158
-79.9967
-194.007
-198.965
-232.048
-245.626
-256.317
-262.73
-267.869
-259.744
-237.647
-200.813
-234.335
-104.765
-357.718
-229.638
-78.9476
-193.572
-199.304
-233.003
-246.719
-257.112
-263.799
-266.375
-258.231
-241.124
-198.255
-234.062
-104.097
-358.01
-229.153
-77.9498
-193.193
-199.651
-233.809
-247.463
-258.022
-264.731
-264.472
-253.968
-240.714
-201.5
-234.804
-104.143
-358.396
-228.726
-76.9533
-192.747
-199.95
-234.478
-248.143
-258.827
-265.221
-261.876
-250.562
-241.528
-204.078
-233.745
-103.789
-358.347
-228.484
-76.1727
-192.329
-200.165
-234.958
-248.736
-259.992
-264.979
-265.365
-253.829
-235.48
-201.202
-232.407
-103.702
-358.342
-228.473
-75.962
-192.202
-200.24
-235.079
-248.878
-260.347
-264.632
-265.351
-253.455
-235.448
-203.977
-224.435
-103.358
-357.673
-228.641
-76.3679
-192.515
-200.262
-235.035
-248.883
-260.311
-264.554
-265.808
-250.158
-233.135
-206.108
-231.534
-103.813
-357.964
-229.026
-77.2557
-193.043
-200.151
-234.697
-248.504
-259.411
-264.55
-264.841
-249.711
-235.293
-204.914
-232.236
-103.538
-357.607
-229.561
-78.3418
-193.593
-199.965
-234.146
-247.897
-258.662
-264.475
-266.482
-253.372
-235.748
-201.732
-233.216
-103.466
-357.341
-230.133
-79.3959
-194.053
-199.718
-233.468
-247.282
-257.862
-263.941
-268.152
-257.783
-237.251
-196.386
-232.451
-103.019
-356.617
-230.717
-80.4869
-194.557
-199.478
-232.611
-246.334
-257.306
-263.296
-270.028
-260.153
-234.935
-197.475
-232.118
-103.277
-355.914
-231.156
-81.2251
-194.861
-199.274
-231.999
-245.649
-256.442
-262.282
-269.434
-260.168
-237.711
-199.227
-234.542
-103.34
-355.002
-231.65
-82.3228
-195.452
-199.129
-230.913
-244.467
-254.766
-260.42
-270.065
-261.779
-238.893
-196.366
-234.883
-103.427
-354.086
-319.588
-33.7664
-190.204
-198.006
-228.286
-243.309
-253.173
-258.225
-263.876
-253.594
-237.368
-201.655
-245.863
-47.6144
-534.683
-319.03
-33.0021
-189.628
-197.889
-229.195
-244.154
-254.514
-259.416
-263.443
-252.735
-236.426
-201.925
-243.486
-47.6228
-536.461
-318.606
-32.7415
-189.426
-197.963
-229.642
-244.53
-255.146
-260.04
-262.38
-251.911
-236.741
-204.251
-239.986
-47.3573
-538.943
-318.027
-32.1917
-188.904
-198.007
-230.349
-245.247
-255.721
-260.626
-261.317
-249.295
-239.602
-205.813
-241.29
-47.8132
-539.661
-317.523
-31.8329
-188.428
-198.164
-230.897
-245.725
-256.157
-260.922
-260.041
-244.484
-239.635
-206.795
-243.45
-48.4679
-540.706
-317.08
-31.4514
-187.786
-198.266
-231.363
-246.147
-256.547
-260.81
-258.617
-240.089
-236.74
-209.988
-242.918
-48.9797
-540.86
-316.87
-31.188
-187.153
-198.371
-231.69
-246.424
-257.19
-260.24
-260.712
-244.07
-233.389
-205.048
-241.62
-49.1583
-540.941
-316.864
-31.1248
-186.918
-198.394
-231.764
-246.408
-257.204
-259.856
-260.095
-244.123
-233.167
-212.537
-234.466
-49.008
-540.633
-316.989
-31.249
-187.361
-198.447
-231.754
-246.468
-257.193
-259.92
-259.942
-242.002
-232.679
-209.017
-241.432
-49.5575
-540.522
-317.364
-31.54
-188.073
-198.432
-231.525
-246.345
-256.721
-259.979
-258.734
-238.247
-233.406
-210.714
-242.252
-49.307
-540.001
-317.917
-31.9578
-188.792
-198.44
-231.146
-246.037
-256.283
-260.502
-260.064
-242.72
-236.364
-207.312
-242.979
-48.6937
-539.585
-318.518
-32.3502
-189.315
-198.381
-230.694
-245.695
-255.948
-260.518
-261.724
-247.685
-236.872
-205.897
-241.3
-47.9184
-538.353
-319.163
-32.9337
-189.879
-198.429
-230.066
-245.092
-255.545
-260.275
-263.041
-250.671
-234.789
-204.192
-240.039
-47.4425
-537.33
-319.63
-33.2197
-190.109
-198.418
-229.69
-244.802
-255.16
-259.907
-264.367
-251.651
-234.84
-202.188
-243.168
-47.7551
-534.649
-320.225
-34.0129
-190.716
-198.605
-228.83
-244.065
-253.896
-258.962
-265.605
-252.993
-235.395
-201.813
-245.602
-47.6458
-532.752
-395.118
-7.60626
-177.753
-200.756
-226.588
-243.383
-254.992
-259.371
-264.548
-256.911
-257.04
-225.181
-255.964
47.4646
-739.832
-394.627
-7.09315
-177.351
-200.336
-226.93
-243.693
-255.559
-259.547
-264.925
-257.811
-256.071
-225.174
-253.472
44.736
-743.986
-394.308
-7.09446
-177.263
-200.305
-227.208
-243.958
-256.174
-260.385
-265.485
-259.434
-256.932
-227.179
-251.15
43.6072
-749.625
-393.845
-7.01466
-176.803
-200.115
-227.567
-244.38
-256.873
-261.408
-265.284
-259.291
-258.418
-228.93
-251.817
39.8016
-752.384
-393.505
-7.33915
-176.352
-200.181
-227.924
-244.776
-257.229
-262.041
-263.57
-255.796
-255.816
-227.409
-251.927
36.4604
-754.555
-393.206
-7.75547
-175.665
-200.167
-228.147
-245.05
-257.017
-262.751
-261.616
-251.414
-249.421
-228.412
-250.163
33.3909
-755.582
-393.128
-8.29493
-174.979
-200.253
-228.301
-245.19
-256.979
-262.52
-262.891
-253.93
-250.668
-223.788
-247.775
31.8666
-755.915
-393.108
-8.57994
-174.699
-200.257
-228.331
-245.148
-256.901
-261.902
-262.345
-253.882
-248.994
-231.266
-243.496
31.0396
-756.561
-393.135
-8.31423
-175.17
-200.333
-228.373
-245.216
-256.914
-262.041
-262.357
-252.409
-250.257
-226.273
-247.795
31.5921
-755.698
-393.382
-7.74101
-175.895
-200.339
-228.282
-245.167
-256.856
-262.204
-261.456
-249.391
-247.951
-227.271
-249.466
33.0014
-754.987
-393.757
-7.33555
-176.641
-200.46
-228.16
-245.037
-257.031
-262.207
-262.909
-254.038
-253.666
-226.876
-251.351
35.8309
-753.901
-394.181
-7.06297
-177.111
-200.484
-227.905
-244.766
-257.052
-261.581
-264.646
-257.699
-256.964
-228.578
-251.549
39.1195
-751.688
-394.692
-7.20084
-177.592
-200.751
-227.612
-244.447
-256.62
-260.966
-265.299
-258.592
-256.615
-227.466
-251.208
42.7747
-749.172
-395.045
-7.25469
-177.687
-200.837
-227.383
-244.283
-256.183
-260.308
-265.261
-257.532
-255.851
-225.732
-253.436
43.9737
-743.542
-395.562
-7.82364
-178.099
-201.3
-227.045
-244.022
-255.577
-260.149
-265.108
-257.414
-257.371
-226.42
-256.212
46.6246
-739.53
-476.553
-25.9286
-165.818
-207.944
-225.754
-243.629
-255.869
-263.401
-270.586
-273.592
-281.293
-267.501
-311.059
101.058
-969.653
-476.109
-25.2091
-165.61
-207.285
-225.437
-243.32
-255.22
-264.156
-273.767
-275.81
-279.864
-267.596
-305.708
93.4379
-977.527
-475.863
-25.1285
-165.659
-207.222
-225.598
-243.579
-255.504
-266.428
-277.371
-277.427
-279.493
-269.416
-298.036
90.1353
-987.082
-475.49
-25.0176
-165.372
-206.878
-225.558
-243.797
-255.5
-267.84
-279.899
-276.555
-280.788
-270.133
-290.943
82.5472
-994.16
-475.288
-25.5184
-165.111
-206.966
-225.853
-244.119
-256.639
-267.691
-278.097
-273.829
-277.457
-268.492
-285.045
75.2587
-997.955
-475.098
-26.2161
-164.623
-206.929
-225.977
-244.166
-256.908
-266.584
-276.786
-272.77
-269.87
-267.928
-279.8
68.3843
-1000.62
-475.112
-27.1519
-164.145
-207.093
-226.089
-244.383
-256.68
-265.696
-277.072
-273.878
-271.248
-265.881
-276.548
64.0785
-1001.02
-475.013
-27.7262
-163.946
-207.115
-226.105
-244.342
-256.607
-265.26
-276.25
-273.464
-268.05
-269.936
-274.017
61.5449
-1002.37
-474.979
-27.3645
-164.304
-207.21
-226.199
-244.493
-256.671
-265.084
-274.887
-273.656
-269.744
-266.482
-276.093
63.83
-1001.13
-475.186
-26.3547
-164.776
-207.17
-226.17
-244.462
-256.683
-264.94
-274.446
-272.499
-268.328
-266.613
-278.834
67.7314
-1000.49
-475.416
-25.6656
-165.325
-207.321
-226.212
-244.518
-256.797
-265.784
-275.941
-273.136
-275.143
-267.304
-283.774
74.0074
-998.245
-475.682
-25.2557
-165.592
-207.32
-225.989
-244.34
-256.008
-265.723
-277.339
-274.953
-279.245
-268.931
-289.613
80.9558
-994.628
-476.078
-25.4462
-165.887
-207.696
-226.036
-244.17
-255.87
-264.893
-275.844
-276.361
-279.071
-268.837
-296.662
88.1286
-988.626
-476.349
-25.6077
-165.834
-207.788
-225.878
-243.893
-255.57
-263.258
-272.857
-274.775
-279.155
-267.098
-304.768
91.5366
-979.465
-476.802
-26.3894
-166.033
-208.424
-226.11
-244.016
-255.877
-262.546
-270.28
-272.949
-280.977
-267.689
-310.651
98.2197
-972.473
-570.612
-63.9188
-161.568
-220.274
-227.278
-243.539
-262.218
-267.67
-280.534
-297.588
-330.045
-334.344
-462.84
143.724
-1194.77
-570.088
-62.9675
-161.323
-219.093
-226.125
-241.411
-260.307
-271.839
-285.926
-298.655
-326.792
-332.841
-446.685
128.778
-1214.08
-569.833
-62.813
-161.388
-218.874
-226.147
-240.76
-261.425
-274.969
-291.072
-301.193
-327.247
-337.73
-430.769
127.103
-1241.26
-569.406
-62.4332
-161.161
-218.243
-225.671
-240.38
-260.827
-275.729
-291.954
-305.095
-326.22
-338.006
-405.651
108.814
-1267.41
-569.2
-62.7097
-161.09
-218.362
-225.864
-242.001
-258.984
-272.479
-287.894
-306.348
-322.997
-338.762
-378.612
90.0319
-1277.69
-568.961
-63.0618
-160.879
-218.414
-226.009
-242.806
-260.23
-270.983
-284.907
-304.107
-316.965
-338.393
-359.037
70.8897
-1284.83
-568.932
-63.7433
-160.728
-218.686
-226.235
-243.028
-259.924
-270.661
-284.481
-302.064
-316.328
-338.857
-347.592
58.6464
-1285.05
-568.658
-64.333
-160.711
-218.772
-226.214
-243.36
-259.375
-268.886
-283.919
-298.598
-313.834
-339.625
-342.36
53.0275
-1287.47
-568.641
-64.2179
-160.94
-218.914
-226.477
-243.639
-259.407
-268.922
-283.642
-297.741
-313.807
-338.376
-345.966
57.4666
-1285.54
-568.994
-63.4122
-161.025
-218.835
-226.456
-243.673
-259.731
-268.575
-283.384
-300.174
-314.607
-337.614
-356.434
68.2803
-1285.09
-569.237
-63.0697
-161.29
-219.005
-226.592
-243.61
-259.324
-269.857
-285.174
-303.258
-320.435
-337.899
-374.555
86.4287
-1279.49
-569.473
-62.9177
-161.355
-218.972
-226.364
-242.602
-259.691
-271.787
-288.703
-303.047
-323.979
-337.092
-400.81
105.466
-1269.95
-569.891
-63.3663
-161.56
-219.567
-226.691
-242.436
-260.625
-272.329
-288.957
-300.23
-325.874
-337.282
-426.744
124.306
-1247.71
-570.153
-63.5951
-161.478
-219.764
-226.551
-242.551
-259.888
-270.313
-285.351
-298.594
-325.283
-332.254
-443.329
128.167
-1219.88
-570.664
-64.5737
-161.675
-220.819
-227.367
-244.129
-261.301
-266.988
-281.311
-298.547
-329.029
-333.337
-457.605
143.072
-1201.55
-674.122
-97.3664
-166.906
-238.805
-233.356
-249.43
-273.328
-270.041
-296.288
-325.517
-431.884
-382.195
-879.341
134.846
-1496.22
-673.411
-96.2731
-166.357
-236.722
-230.628
-244.372
-273.24
-275.948
-298.81
-325.236
-418.735
-377.571
-805.338
117.306
-1525.08
-673.102
-96.0988
-166.258
-236.068
-229.438
-242.006
-274.708
-282.403
-301.186
-329.578
-410.346
-380.424
-708.786
130.979
-1569.7
-672.507
-95.4985
-165.881
-234.746
-227.717
-237.637
-268.881
-282.925
-304.499
-335.306
-399.464
-389.21
-593.111
106.797
-1617.16
-672.205
-95.5869
-165.86
-234.607
-227.891
-236.719
-259.042
-273.868
-304.661
-338.37
-390.165
-400.273
-533.109
76.6923
-1629.97
-671.786
-95.6232
-165.815
-234.633
-228.247
-240.916
-255.132
-268.384
-303.093
-338.041
-381.363
-405.694
-490.385
53.5038
-1640.98
-671.639
-96.0546
-165.875
-235.04
-228.621
-243.378
-253.804
-266.528
-301.378
-336.595
-377.268
-411.467
-468.539
38.1636
-1639.54
-671.033
-96.6794
-166.095
-235.119
-228.777
-243.604
-252.801
-265.18
-299.249
-334.117
-374.599
-412.548
-457.896
31.9406
-1644.95
-671.069
-96.7734
-166.269
-235.381
-229.241
-244.336
-254.886
-265.693
-298.855
-333.146
-376.238
-412.468
-465.774
37.1632
-1640.99
-671.792
-96.0723
-166.059
-235.336
-229.418
-244.129
-254.457
-266.153
-300.656
-335.131
-380.345
-407.668
-486.568
50.277
-1641.76
-672.15
-96.072
-166.173
-235.652
-229.584
-242.196
-257.271
-269.94
-302.764
-336.369
-388.832
-402.012
-525.452
72.0781
-1633.01
-672.431
-96.1517
-166.162
-235.777
-229.353
-241.341
-264.548
-276.92
-304.511
-334.429
-398.392
-392.658
-583.277
101.088
-1620.91
-672.972
-96.7974
-166.457
-236.928
-230.341
-243.749
-271.046
-278.411
-302.5
-329.752
-409.409
-382.669
-688.525
126.854
-1580.32
-673.267
-97.0228
-166.496
-237.446
-230.9
-245.675
-269.958
-274.285
-301.695
-326.159
-417.912
-379.776
-794.76
115.167
-1533.88
-673.936
-98.0934
-166.934
-239.286
-232.884
-250.039
-268.656
-270.094
-300.972
-327.341
-431.382
-384.068
-865.574
127.915
-1509.46
-790.218
-124.469
-179.434
-264.413
-249.753
-268.789
-291.583
-291.877
-347.158
-384.22
-663.726
-376.054
-1929.41
95.7107
-1559.15
-789.185
-123.157
-178.457
-261.471
-244.807
-262.775
-293.555
-295.961
-342.699
-380.327
-627.172
-361.839
-1817.03
82.4099
-1606.73
-788.722
-122.891
-178.092
-260.03
-241.362
-260.074
-295.76
-300.883
-342.872
-388.357
-607.277
-406.466
-1731.03
175.606
-1739.94
-787.79
-122.05
-177.374
-257.435
-237.065
-251.393
-288.675
-299.195
-345.879
-390.811
-553.804
-427.222
-1269.34
220.724
-1985.39
-787.262
-122.008
-177.258
-256.532
-236.829
-245.896
-275.34
-289.151
-346.663
-394.064
-519.271
-457.275
-898.472
214.93
-2052.46
-786.559
-121.847
-177.3
-256.414
-238.954
-245.412
-267.924
-283.061
-343.946
-393.213
-492.023
-475.06
-724.757
151.129
-2089.94
-786.307
-122.152
-177.467
-256.654
-239.914
-248.809
-264.718
-279.963
-339.929
-393.229
-480.262
-489.701
-662.345
106.337
-2074.49
-785.312
-122.867
-177.854
-256.808
-240.664
-249.994
-261.959
-279.048
-336.884
-391.581
-473.771
-491.216
-636.661
88.9393
-2082.69
-785.349
-123.142
-178.078
-257.333
-241.243
-251.647
-264.064
-280.157
-336.532
-392.016
-480.106
-492.474
-657.53
104.852
-2078.85
-786.504
-122.423
-177.692
-257.425
-241.298
-249.807
-266.295
-281.017
-341.301
-392.37
-491.103
-480.115
-714.802
143.325
-2090.41
-787.087
-122.592
-177.751
-257.976
-240.754
-249.2
-272.475
-285.549
-345.782
-394.091
-517.661
-462.251
-864.363
209.456
-2064.68
-787.522
-122.826
-177.758
-258.422
-240.014
-252.06
-283.815
-294.426
-347.271
-391.452
-549.624
-429.701
-1213.8
232.84
-2005.56
-788.354
-123.674
-178.297
-260.667
-242.322
-260.042
-291.575
-298.94
-346.54
-390.241
-603.579
-411.989
-1690.71
201.116
-1792.71
-788.783
-123.959
-178.556
-261.904
-244.851
-263.107
-289.81
-295.312
-348.333
-382.739
-624.641
-360.624
-1825.89
93.408
-1629.7
-789.751
-125.205
-179.386
-264.599
-249.119
-268.554
-285.977
-291.488
-354.362
-386.793
-660.125
-373.538
-1914.37
114.292
-1584.4
-922.802
-149.952
-196.763
-297.77
-280.531
-299.361
-334.777
-326.362
-446.366
-421.025
-867.851
-279.867
-1925.57
-76.6479
-2125.64
-921.441
-148.317
-195.405
-294.37
-274.192
-294.351
-334.004
-328.681
-435.323
-418.479
-830.38
-267.856
-1835.24
-93.1398
-2178.71
-920.789
-147.877
-194.789
-292.392
-269.383
-292.991
-336.813
-331.614
-434.295
-431.203
-806.946
-306.963
-2166
-91.2189
-2189.63
-919.46
-146.716
-193.622
-288.639
-261.346
-283.735
-328.058
-333.03
-431.298
-441.428
-717.844
-393.995
-1816.75
35.564
-2556.2
-918.595
-146.502
-193.226
-286.366
-258.378
-277.486
-312.586
-328.783
-428.7
-451.337
-654.08
-469.118
-1249.98
183.266
-2607.92
-917.491
-146.173
-193.102
-285.66
-260.838
-273.476
-304.392
-324.505
-423.612
-455.049
-612.021
-515.55
-947.429
156.952
-2665.21
-917.003
-146.457
-193.33
-285.982
-263.39
-273.808
-301.305
-321.251
-420.478
-460.567
-597.052
-543.536
-869.953
115.229
-2639.16
-915.692
-147.145
-193.692
-286.081
-264.148
-273.654
-299.152
-319.426
-417.833
-458.9
-585.635
-549.175
-824.878
106.575
-2658.51
-915.654
-147.6
-194.093
-286.79
-265.075
-276.154
-301.148
-320.484
-419.277
-461.698
-599.812
-552.927
-862.557
125.045
-2650.75
-917.19
-146.915
-193.704
-286.951
-264.808
-275.355
-304.084
-322.318
-424.062
-457.651
-615.342
-527.761
-938.969
158.671
-2673.8
-918.224
-147.131
-193.752
-287.685
-263.043
-278.369
-310.417
-326.517
-430.662
-455.709
-656.822
-483.842
-1212.84
199.565
-2625.98
-918.9
-147.548
-193.952
-289.093
-263.448
-282.681
-323.918
-331.897
-435.017
-446.452
-715.123
-404.622
-1796.37
82.171
-2572.2
-920.118
-148.692
-194.902
-292.612
-269.507
-292.363
-335.572
-333.671
-439.889
-437.711
-805.884
-323.63
-2207.15
-53.8223
-2222.07
-920.734
-149.127
-195.418
-294.525
-274.127
-294.604
-333.042
-329.779
-441.293
-424.129
-833.852
-270.938
-1878.38
-80.4234
-2201.25
-922.028
-150.679
-196.659
-297.771
-280.237
-298.699
-331.289
-326.343
-452.267
-425.21
-869.046
-276.155
-1933.35
-39.3307
-2158.22
-1071.86
-181.786
-218.282
-341.182
-326.445
-343.77
-404.179
-379.844
-575.914
-449.379
-1087.74
-366.366
-1928.93
7.14691
-2750.24
-1070.35
-179.741
-216.665
-337.378
-319.774
-337.407
-399.171
-381.414
-558.945
-448.862
-1040.08
-376.049
-1879.52
-8.20802
-2822.17
-1069.57
-179.051
-215.928
-335.128
-315.299
-334.327
-400.688
-385.769
-556.418
-468.528
-1036.13
-365.274
-2275.9
-75.1486
-2833.99
-1067.99
-177.498
-214.436
-330.941
-306.719
-323.484
-393.649
-389.611
-544.581
-489.116
-900.875
-448.597
-2178.94
100.489
-3244.78
-1066.85
-177.026
-213.731
-327.94
-301.047
-317.25
-379.694
-387.387
-536.777
-505.733
-797.098
-526.086
-1590.35
253.561
-3293.41
-1065.4
-176.472
-213.175
-325.965
-299.752
-313.889
-368.808
-383.613
-525.376
-512.844
-732.595
-569.668
-1139.88
225.518
-3376.09
-1064.57
-176.726
-213.274
-325.902
-301.981
-313.289
-365.659
-381.33
-522.424
-526.039
-725.451
-600.888
-1101.95
170.285
-3338.37
-1063.21
-177.225
-213.397
-325.749
-302.759
-312.941
-363.914
-378.355
-518.328
-521.498
-706.073
-607.311
-1026.62
156.673
-3378.65
-1062.94
-177.881
-213.989
-326.551
-304.11
-314.927
-366.513
-379.729
-524.702
-529.276
-731.631
-620.159
-1073.34
184.594
-3351.4
-1064.51
-177.452
-213.862
-327.023
-303.806
-314.446
-370.403
-381.996
-530.707
-521.957
-748.756
-588.243
-1156.46
226.376
-3376.87
-1066.14
-177.731
-214.125
-328.585
-304.056
-317.598
-378.49
-386.289
-543.025
-516.368
-805.458
-539.394
-1555.62
267.378
-3326.53
-1067.03
-178.368
-214.631
-330.982
-307.449
-321.361
-392.55
-391.479
-552.543
-499.961
-905.61
-460.454
-2211.27
116.021
-3261.82
-1068.48
-179.928
-215.956
-335.145
-315.575
-333.044
-405.411
-391.63
-565.047
-480.71
-1034.96
-358.753
-2359.68
-73.6013
-2848.57
-1069.23
-180.605
-216.626
-337.453
-320.256
-337.733
-402.352
-386.534
-565.052
-459.145
-1055.21
-370.023
-1927.71
-0.801068
-2839.28
-1070.69
-182.572
-218.18
-341.27
-327.081
-344.282
-405.626
-382.849
-581.031
-456.624
-1101.16
-364.456
-1962.75
25.9965
-2783.81
-1234.88
-228.733
-245.13
-399.834
-390.59
-412.988
-501.376
-453.655
-728.211
-530.195
-1257.84
-485.791
-2134.46
193.385
-3509.61
-1233.4
-226.363
-243.359
-395.728
-383.787
-404.998
-490.95
-451.983
-706.7
-536.724
-1200.92
-529.874
-2142.35
112.467
-3611.56
-1232.56
-225.433
-242.603
-393.309
-379.799
-399.652
-488.326
-456.442
-700.448
-546.353
-1225.05
-497.307
-2497.15
-54.027
-3636.54
-1230.94
-223.544
-240.939
-388.929
-372.157
-387.539
-480.083
-459.044
-675.603
-555.21
-1067.87
-564.258
-2589.33
175.97
-4024.11
-1229.67
-222.781
-240.039
-385.709
-366.253
-376.985
-469.458
-459.022
-662.433
-564.409
-947.705
-610.924
-2069.31
310.598
-4087.47
-1228.1
-221.965
-239.065
-382.841
-361.896
-370.852
-458.98
-452.695
-645.109
-569.586
-861.938
-603.229
-1376.7
273.311
-4259.16
-1227.02
-222.104
-238.907
-382.044
-362.131
-370.761
-454.285
-450.926
-641.019
-586.62
-866.999
-601.667
-1542.2
154.938
-4083.38
-1225.79
-222.398
-238.743
-381.574
-362.471
-372.012
-450.745
-448.357
-634.84
-580.806
-845.225
-641.146
-1307.97
262.388
-4339.28
-1225.23
-223.279
-239.384
-382.456
-364.055
-373.73
-453.914
-450.552
-646.852
-590.706
-869.72
-672.956
-1367.55
297.885
-4213.09
-1226.37
-223.337
-239.651
-383.485
-364.714
-373.287
-459.712
-452.332
-658.311
-583.672
-894.668
-641.162
-1455.48
332.727
-4236.53
-1228.36
-223.78
-240.299
-385.977
-367.832
-377.363
-469.252
-458.602
-676.923
-579.328
-963.524
-606.404
-1996.81
359.7
-4192.03
-1229.47
-224.549
-241.021
-388.899
-372.74
-385.224
-480.317
-463.663
-691.667
-568.006
-1092.49
-562
-2644.4
186.697
-4052.26
-1230.94
-226.452
-242.56
-393.321
-380.562
-398.78
-493.661
-464.517
-714.103
-555.722
-1246.08
-478.806
-2514.6
-66.7659
-3665.41
-1231.71
-227.382
-243.269
-395.837
-384.755
-405.621
-495.785
-459.235
-717.009
-543.788
-1227.9
-525.894
-2170.91
121.772
-3619.95
-1233.13
-229.683
-245.015
-400.074
-391.905
-414.778
-506.552
-459.3
-738.482
-536.197
-1280.33
-489.416
-2162.99
222.566
-3552.41
-1408.3
-295.69
-276.439
-473.999
-471.791
-502.201
-628.007
-568.761
-896.325
-638.256
-1489.71
-601.354
-2599.08
619.456
-4327.62
-1406.94
-293.223
-274.581
-469.882
-464.872
-493.718
-613.594
-559.277
-864.181
-638.032
-1416.75
-654.435
-2645.38
325.443
-4445.83
-1406.1
-292.154
-273.84
-467.526
-461.088
-488.318
-606.338
-555.554
-853.536
-631.46
-1405.58
-602.665
-2938.3
-11.8178
-4502.31
-1404.55
-290.119
-272.104
-463.238
-453.897
-477.45
-590.553
-545.185
-815.803
-629.815
-1228.69
-665.441
-3133.82
155.987
-4905.11
-1403.27
-289.148
-271.135
-460.166
-448.564
-467.833
-576.313
-537.736
-795.083
-633.258
-1101.05
-684.031
-2640.6
314.311
-5084.67
-1401.74
-288.135
-269.938
-457.048
-443.389
-459.599
-562.309
-529.858
-774.217
-635.889
-1024.45
-636.269
-1715.9
252.283
-5358.8
-1400.56
-288.118
-269.558
-455.794
-442.04
-457.81
-557.805
-527.566
-766.881
-647.699
-1046.36
-558.874
-2061.09
-91.4913
-4945.11
-1399.43
-288.326
-269.213
-455.114
-441.674
-458.773
-556.353
-525.443
-757.351
-644.947
-1017.38
-664.31
-1722.5
226.432
-5639.19
-1398.61
-289.388
-269.711
-455.998
-443.341
-460.88
-560.409
-529.056
-769.832
-648.32
-1020.38
-700.162
-1795.02
370.311
-5480.48
-1399.06
-289.984
-270.234
-457.387
-445.168
-462.679
-566.826
-532.224
-792.311
-650.627
-1074.92
-702.118
-1890.3
436.383
-5406.96
-1400.94
-290.688
-271.264
-460.339
-449.78
-469.145
-579.286
-540.012
-817.231
-655.189
-1154.1
-670.298
-2588.47
373.289
-5410.03
-1402.28
-291.419
-272.081
-463.3
-454.84
-477.651
-593.897
-549.214
-840.394
-655.402
-1292.13
-636.688
-3206.06
182.698
-4996.62
-1403.7
-293.349
-273.699
-467.624
-462.231
-489.223
-611.953
-560.971
-875.106
-646.139
-1453.75
-572.534
-2893.42
3.86546
-4630.61
-1404.46
-294.404
-274.387
-470.062
-466.18
-495.37
-619.911
-565.51
-882.982
-644.095
-1454.9
-634.678
-2641.96
334.61
-4515.89
-1405.71
-296.766
-276.203
-474.302
-473.426
-504.826
-635.558
-576.358
-916.047
-643.683
-1521.88
-593.108
-2613.44
609.492
-4436.76
-1582.12
-388.802
-317.946
-566.487
-580.292
-617.183
-788.325
-726.526
-1125.79
-790.783
-1812.55
-697.632
-3271.28
824.595
-5077.33
-1580.95
-386.49
-316.092
-562.647
-573.545
-608.654
-772.36
-710.573
-1083.13
-767.928
-1709.81
-731.803
-3316.28
369.362
-5253.47
-1580.14
-385.403
-315.372
-560.534
-569.969
-603.751
-763.559
-700.213
-1061.38
-736.832
-1653.63
-651.649
-3546.82
-53.9578
-5353.06
-1578.74
-383.453
-313.657
-556.619
-563.186
-594.237
-745.834
-680.712
-1010.77
-716.529
-1457.45
-726.976
-3782.19
-33.9363
-5836.09
-1577.53
-382.419
-312.689
-553.916
-558.415
-586.677
-731.356
-664.798
-972.244
-707.996
-1316.15
-708.89
-3177.09
295.913
-6122.4
-1576.11
-381.361
-311.441
-550.975
-553.333
-579.113
-716.957
-652.187
-945.346
-719.056
-1289.93
-629.222
-2170.47
171.34
-6535.96
-1574.96
-381.208
-310.934
-549.624
-551.301
-576.296
-711.835
-648.384
-937.292
-716.515
-1352.66
-556.523
-2471
-200.742
-5868.25
-1573.88
-381.336
-310.508
-548.858
-550.44
-576.213
-711.508
-649.29
-929.384
-718.076
-1288.73
-634.264
-2467.1
110.446
-6702.57
-1573.24
-382.224
-310.823
-549.653
-552.04
-578.436
-716.002
-653.59
-938.731
-709.155
-1287
-681.075
-2314.94
330.702
-6969.02
-1573.05
-383.226
-311.326
-551.017
-554.358
-581.609
-723.876
-661.917
-974.676
-728.379
-1375.53
-732.126
-2498.07
630.493
-6472.77
-1574.02
-384.462
-312.501
-553.856
-559.275
-588.538
-737.998
-674.159
-1012.52
-741.576
-1501.64
-694.698
-3307.15
254.981
-6576.44
-1575.36
-385.181
-313.356
-556.512
-563.983
-595.79
-752.669
-688.977
-1051.43
-750.613
-1654.32
-655.199
-3830.1
31.9642
-5711.31
-1576.7
-386.797
-314.919
-560.379
-570.814
-605.525
-771.072
-707.719
-1097.67
-756.463
-1773.21
-611.939
-3411.74
101.853
-5434.93
-1577.45
-387.759
-315.572
-562.528
-574.446
-610.705
-780.051
-717.993
-1114.44
-774.202
-1793.21
-665.502
-3274.79
488.627
-5261.61
-1578.48
-389.865
-317.303
-566.367
-581.319
-619.681
-796.591
-734.607
-1155.66
-793.156
-1875.25
-632.635
-3269.14
930.382
-5139.48
-1747.73
-505.999
-366.379
-670.438
-701.765
-737.331
-953.746
-878.418
-1360.72
-939.518
-2167.87
-775.935
-3974.38
999.09
-6387.95
-1746.7
-503.85
-364.54
-666.94
-695.268
-728.864
-936.985
-858.647
-1312.21
-894.551
-2038.13
-778.715
-3984.02
455.121
-6672.25
-1745.92
-502.745
-363.804
-665.065
-691.838
-724.37
-927.655
-846.446
-1283.71
-850.254
-1960.68
-702.226
-4404.33
-172.013
-6916.94
-1744.63
-500.896
-362.118
-661.578
-685.482
-715.885
-910.389
-825.384
-1228.6
-799.741
-1728.41
-792.083
-4269.51
-11.3616
-7861.59
-1743.45
-499.819
-361.145
-659.25
-681.217
-709.929
-897.645
-809.141
-1185.38
-764.685
-1535.92
-650.439
-3385.05
481.278
-7989.87
-1742.09
-498.757
-359.905
-656.639
-676.564
-703.639
-885.261
-796.947
-1163.56
-786.282
-1581.94
-660.728
-2651.57
85.1315
-8548.66
-1740.93
-498.477
-359.334
-655.381
-674.477
-700.936
-880.164
-792.116
-1157.93
-773.463
-1642.91
-626.853
-2885.34
-293.078
-7510.31
-1739.84
-498.519
-358.861
-654.616
-673.411
-700.292
-879.389
-794.587
-1158.34
-780.472
-1593.96
-610.866
-3078
-300.65
-8106.82
-1739.12
-499.261
-359.063
-655.289
-674.855
-702.483
-884.003
-798.451
-1167.49
-768.691
-1596.42
-670.137
-2826.15
22.5001
-9523.98
-1738.66
-500.231
-359.418
-656.472
-677.098
-705.958
-892.13
-808.77
-1202.27
-803.367
-1694.27
-751.06
-2972.94
825.874
-8858.42
-1738.84
-501.715
-360.452
-658.928
-681.68
-712.47
-906.276
-823.626
-1247.5
-829.822
-1875.48
-761.085
-3649.08
471.176
-8904.73
-1739.63
-502.765
-361.297
-661.203
-685.85
-718.605
-919.439
-839.455
-1290.01
-858.687
-2053.29
-758.03
-4299.38
-158.263
-7949.78
-1740.88
-504.109
-362.745
-664.528
-692.037
-727.129
-937.05
-859.447
-1340.73
-890.006
-2173.11
-709.397
-4176.96
-74.1916
-7227.76
-1741.66
-504.863
-363.386
-666.389
-695.375
-731.728
-946.056
-870.707
-1362.88
-918.694
-2204.96
-737.608
-3969.58
441.012
-6880.01
-1742.54
-506.577
-364.973
-669.715
-701.706
-740.188
-962.825
-889.57
-1409
-955.187
-2314.19
-744.51
-4086.1
862.962
-6622.79
-1862.76
-683.66
-443.475
-784.277
-880.975
-902.802
-1210.99
-1072.92
-1761.34
-1093.34
-2827.64
-652.215
-5063.61
1815.79
-8501.02
-1861.92
-681.877
-441.667
-781.397
-875.028
-895.733
-1195.08
-1055.77
-1714.96
-1050.93
-2692.26
-643.353
-4999.84
1104.19
-8941.62
-1861.21
-680.883
-440.883
-779.906
-871.732
-892.286
-1185.88
-1046.6
-1686.54
-1018.28
-2616.42
-577.79
-5457.61
565.787
-9462.7
-1860.09
-679.311
-439.218
-777.076
-865.815
-885.66
-1169.59
-1030.85
-1634.81
-977.556
-2396.44
-686.468
-4839.48
743.126
-10769.1
-1859
-678.306
-438.189
-775.217
-861.748
-881.472
-1157.89
-1020.04
-1592.37
-939.223
-2141.95
-621.258
-3990.24
813.299
-11123
-1857.78
-677.335
-436.928
-773.065
-857.264
-876.792
-1146.32
-1011.2
-1570.47
-952.047
-2225.89
-641.839
-3730.72
337.331
-11068.6
-1856.69
-676.95
-436.247
-771.936
-854.93
-874.647
-1140.83
-1006.78
-1561.59
-941.879
-2242.06
-603.202
-3923.35
599.772
-9577.82
-1855.66
-676.857
-435.67
-771.142
-853.355
-873.716
-1138.31
-1007.68
-1562.16
-951.806
-2255.42
-592.668
-3957.17
437.921
-10105.9
-1854.91
-677.326
-435.679
-771.441
-854.111
-875.222
-1142.09
-1010.32
-1575.82
-942.967
-2262.77
-659.416
-4018.5
714.054
-11998.3
-1854.38
-678.019
-435.817
-772.152
-855.576
-877.678
-1147.99
-1017.34
-1600.26
-971.69
-2369.27
-691.288
-4101.7
1052.06
-11866.9
-1854.26
-679.111
-436.496
-773.824
-859.052
-882.242
-1160.02
-1027.7
-1644.99
-989.819
-2562.12
-648.011
-4700.75
1270.64
-11324.8
-1854.49
-680.087
-437.087
-775.376
-862.152
-886.292
-1170.31
-1037.19
-1682.02
-1006.5
-2707.76
-621.925
-5159.46
627.741
-10995
-1855.22
-681.196
-438.208
-777.714
-866.995
-892.223
-1185.26
-1049.56
-1729.28
-1019.41
-2840.38
-479.829
-5491.85
1085.77
-9689
-1855.86
-681.722
-438.731
-779.027
-869.599
-895.359
-1192.83
-1056.05
-1749.75
-1031.6
-2864.79
-469.806
-5162.57
1768.96
-9227.23
-1856.51
-682.834
-440.006
-781.404
-874.633
-901.544
-1207.58
-1069.23
-1793.73
-1052.09
-2981.95
-434.209
-5342.88
2519.82
-8777.97
-2061.78
-2912.17
-3745.39
-4795.06
-6117.99
-7633.44
-9659.4
-11844
-15023.4
-18203.9
-24400.4
-25929.6
-49010.6
-36643.1
-122621
-847.443
-1091.92
-1254.16
-1535.86
-1881.86
-2268.07
-2829.12
-3411.26
-4447.12
-5349.1
-7948.54
-9757.82
-13736.5
-21787.6
-21961.7
-582.26
-785.817
-961.225
-1226.09
-1520.24
-1883.78
-2344.39
-2948.02
-3730.05
-4941.51
-6377.52
-9583.13
-11849.5
-24589.2
-5591.87
-917.464
-1246.7
-1559.96
-1967.68
-2448.24
-3019.34
-3729.74
-4590.42
-5679.49
-7017.8
-8772.59
-10554.7
-13099.6
-14282.4
-13790.5
-1040.22
-1387.82
-1711.3
-2116.91
-2593.54
-3128.81
-3799.85
-4564.52
-5522.98
-6569.96
-7781.73
-9163.92
-10117
-13259.2
-11212.5
-1040.86
-1394.72
-1729.32
-2142.86
-2640.79
-3174.18
-3855.6
-4584.16
-5511.38
-6397.77
-7571.19
-8617.96
-10271.4
-12924.7
-11543.3
-1413.77
-1870.38
-2286.97
-2768.22
-3314.78
-3848.8
-4585.07
-5318.81
-6271.38
-6988.19
-7861.5
-8051.08
-9728.4
-9115.85
-7536.7
-1210.5
-1632.52
-2000.69
-2441.01
-2993.23
-3511.92
-4276.59
-4912.89
-5741.04
-6084.59
-6580.82
-6679.9
-8214.45
-5501.64
-3827.98
-2061.59
-2729.88
-3254.88
-3915.84
-4534.85
-4961.19
-5861.39
-6612.8
-7646.61
-8058.39
-8319
-7673.72
-9264.87
-3953.25
-27143.2
-1215.52
-1756.65
-2082.47
-2603.55
-3276.65
-3873.36
-5031.28
-5603.62
-6989.24
-7825.83
-7498.14
-7571.32
-5956.92
547.054
7947.27
-3389.43
-4448.2
-5114.3
-6742.44
-7468.91
-7259.77
-8821.89
-11113.7
-14555.5
-14815.8
-13757.6
-11155.2
-10166.6
-20760.1
-23739.2
-787.225
-1539.54
-1644.09
-2567.21
-2906.99
-3943.19
-7056.11
-7888.66
-10585.5
-10747.9
-11136.7
-6764.25
-4931.37
742.416
19690.1
-6340.31
-7656.34
-8864.97
-14304
-15211.9
-10973.2
-10634.4
-17437.7
-27826.3
-25783
-22210.3
-4783.34
-17982.2
-33043.1
-37304.6
1589.19
-34.2126
2440.96
7194.51
5387.78
4232.15
-1893.73
973.928
-774.234
-7887.57
-10094.6
4793.68
34366
46799.6
55733.2
-10517.9
-11066.9
-20282.2
-20449.6
-25732.5
-38138.5
-49851.9
-47914.5
-35477.1
-41680.4
-77679
-117155
-101372
-124727
-130011
-2060.76
-2910.81
-3743.3
-4792.32
-6113.22
-7626.9
-9646.8
-11825
-14988.5
-18154
-24314.6
-25817.7
-48556.6
-36251.9
-118283
-845.673
-1089.66
-1250.74
-1531.05
-1873.13
-2255.08
-2805.97
-3377.24
-4387.5
-5256.33
-7792.87
-9530.53
-13436.9
-20704.8
-21814.8
-580.268
-783.163
-957.573
-1220.95
-1511.97
-1871.6
-2324.42
-2918.85
-3681.97
-4868.17
-6263.05
-9402.21
-11620.9
-23958.9
-6682.84
-914.697
-1243.02
-1554.93
-1959.97
-2434.71
-2998.04
-3694.83
-4539.25
-5597.91
-6892.71
-8581.88
-10266.3
-12716.1
-13922
-13793.6
-1033.84
-1378.92
-1699.59
-2100.03
-2567.08
-3089.52
-3738.86
-4479.45
-5392.89
-6387.99
-7510.98
-8808.71
-9679.55
-12747.1
-9690.72
-1034.21
-1385.47
-1717.65
-2122.73
-2603.77
-3116.21
-3769.81
-4472.51
-5345.56
-6181.03
-7266.48
-8304.05
-9881.47
-12830.6
-10535
-1396.26
-1844.55
-2254.37
-2717.03
-3238.27
-3741.27
-4435.66
-5124.35
-5990.83
-6642.73
-7366.81
-7603.71
-9054.74
-8529.09
2007.68
-1193.84
-1609.42
-1973.64
-2380.4
-2881.89
-3347.49
-4070.74
-4672.34
-5383.27
-5653.04
-6051.35
-6222.98
-7459.31
-4661.04
-4176.91
-2012.6
-2654.99
-3162.86
-3755.69
-4323.25
-4700.25
-5531.32
-6107.61
-6894.78
-7167.25
-7154.53
-7012.66
-7996.05
-3021.94
-30468.3
-1180.59
-1711.45
-2028.28
-2434.07
-3026.59
-3542.08
-4691.82
-5129.76
-6238.14
-7060.89
-6504.12
-7513.64
-3859.7
3033.57
3268.74
-3265.66
-4233.42
-4837.73
-6329.3
-7304.26
-7638.96
-9240.02
-10715
-13605.1
-14915.3
-14016.6
-11638.8
-9397.58
-22717.4
-25342.7
-846.05
-1570.68
-1720.58
-2849.13
-3478.1
-5095.21
-8689.2
-9226.72
-10514.3
-11348.2
-11586.4
-6560.11
-5360.12
-843.169
6946.79
-6154.67
-7184.53
-8763.6
-13650.2
-15792.7
-16250.5
-18000.7
-22064.8
-27466.7
-25017.5
-21079.2
-11299.5
-20479.4
-38054
-43524.7
1221.01
72.8276
887.248
3408.71
4729.79
457.265
-5999.31
-6055.19
-5871.54
-11018.3
-12626.1
7978.24
32614.9
45696.5
33399.5
-11164.8
-11026.5
-18622
-22371
-25770.6
-32174.7
-37848.5
-42255.6
-39954.3
-52766.5
-86696.6
-103018
-97555.2
-117339
-119989
-2059.87
-2909.64
-3741.47
-4789.98
-6109.13
-7621.39
-9635.92
-11808.6
-14960.5
-18110.9
-24248.1
-25709.1
-48395.6
-35908.6
-117752
-844.583
-1088.17
-1248.38
-1527.63
-1866.77
-2245.58
-2789.37
-3352.73
-4345.77
-5189.52
-7684.05
-9348.77
-13199
-20293.4
-21559.1
-579.205
-781.601
-955.387
-1217.82
-1507.07
-1864.49
-2313.28
-2902.45
-3656.41
-4829
-6201.09
-9294.31
-11443.6
-23701.5
-6099.5
-913.154
-1240.81
-1551.83
-1955.17
-2426.08
-2984.63
-3673.09
-4508.37
-5549.54
-6820.5
-8474.49
-10100.7
-12531.4
-13767.6
-13174.6
-1029.88
-1373.2
-1692.06
-2089.24
-2550.11
-3065.37
-3702.56
-4431.95
-5322.31
-6296.9
-7387.64
-8645.74
-9548.17
-12391.6
-8967.27
-1030.7
-1380.32
-1711.38
-2111.46
-2581.89
-3083.06
-3721.89
-4415.37
-5265.18
-6091.01
-7154.02
-8174.29
-9841.04
-12283.7
-11167.1
-1384.83
-1827.68
-2234.02
-2684.36
-3189.34
-3676.68
-4350.77
-5025.61
-5852.81
-6509.53
-7205.89
-7455.19
-8884.81
-8308.27
-3937.12
-1184.18
-1596.52
-1960.87
-2345.7
-2818.06
-3256.08
-3956.76
-4548.4
-5220.9
-5520.28
-5923.62
-6056.73
-7108.08
-4396.48
-5611.88
-1979.47
-2609.29
-3114.39
-3659.52
-4205.28
-4547.08
-5311.73
-5816.62
-6421.67
-6755.03
-6672.44
-6547.76
-7114.84
-2844.95
-26843
-1154.3
-1686.54
-2010.6
-2294.99
-2922.01
-3441.78
-4481.25
-4816.08
-5742.87
-6545.56
-5940.21
-6521.61
-1337.08
5455.54
4409.25
-3226.41
-4178.27
-4820.24
-6473.76
-8539.59
-8721.55
-8792.88
-9230.9
-11476.1
-13771.6
-13213
-11895.6
-8581.24
-22990.9
-29608.8
-850.366
-1620.89
-1828.89
-3202.88
-4954.8
-6409.58
-7960.06
-9633.98
-10861
-11082.5
-10849.9
-6638.14
-4166.18
-2657.33
1447.71
-6830.97
-7525.69
-9964.36
-14825.2
-17409
-17480.4
-18002.6
-21656.3
-31329.9
-31364.9
-20256.8
-24436.5
-31477.5
-39534.8
-46815.1
400.259
-931.632
685.061
3016.56
5726.76
2739.64
-2111.7
-2291.36
-5718.8
-20474.3
-13674.5
8625.36
15962.2
46836.6
32860.9
-11730.4
-12037
-17745.9
-22662.9
-26699.2
-30536.7
-36329.4
-46139.4
-46583.5
-60324
-95130.7
-92226.8
-103689
-114524
-112592
-2058.51
-2907.81
-3738.62
-4786.32
-6102.72
-7612.51
-9618.42
-11782.7
-14915.7
-18042.4
-24143.2
-25521.3
-48038.5
-35502.8
-115808
-842.971
-1086.04
-1244.98
-1522.68
-1857.52
-2231.87
-2764.96
-3316.73
-4282.28
-5091.91
-7519.48
-9103.17
-12802.5
-19487.4
-21010.8
-577.258
-778.888
-951.556
-1212.34
-1498.34
-1851.71
-2292.61
-2872.06
-3608.03
-4754.97
-6086.58
-9099.72
-11168.7
-23054.4
-5731.48
-910.406
-1237.08
-1546.64
-1947.21
-2411.8
-2962.33
-3636.59
-4455.84
-5465.96
-6695.86
-8281.87
-9816.31
-12144.7
-13347.7
-12734.7
-1023.29
-1363.91
-1679.61
-2071.38
-2521.92
-3025.2
-3641.71
-4350.67
-5199.68
-6134.54
-7149.46
-8350.97
-9162.91
-12013.4
-8860.77
-1024.58
-1371.83
-1700.72
-2093.24
-2545.72
-3026.59
-3638.33
-4312.3
-5117.35
-5913.76
-6900.72
-7916.27
-9514
-11962.9
-11567.3
-1365.87
-1799.81
-2198.13
-2627.98
-3100.36
-3562.03
-4203.92
-4855.76
-5621.27
-6262.12
-6903.33
-7198.33
-8468.85
-8503.33
-5610.13
-1169.58
-1577.08
-1939.88
-2297.96
-2711.83
-3088.82
-3745.27
-4327.17
-4936.21
-5236.07
-5534.07
-5647.86
-6846.77
-4479.12
-5850.2
-1919.17
-2523.5
-3012.94
-3467.04
-3857.76
-4161.57
-4923.12
-5359.68
-5760.11
-6051.36
-5967.36
-5985.93
-7025.15
-3970.49
-23236.6
-1127.29
-1651.29
-1970.53
-2128.05
-2743.98
-3061.08
-4043.86
-4268.57
-4751.27
-5491.99
-4724.47
-4904.76
-482.866
4480.4
2613.4
-3002.18
-3931.14
-4743.25
-6772.23
-8309.94
-7708.73
-8283.55
-6905.3
-7824.87
-10585.7
-10666.2
-11572.1
-10820
-25833.6
-30253.3
-1046.2
-1666.08
-2061.8
-4086.77
-5889.44
-5911.07
-8363.03
-6835.93
-8421.66
-10280.1
-8532.87
-4938.93
-3831.63
-8549.75
1833.97
-5472.58
-6714.06
-9873.78
-14020.1
-19968.6
-22106
-16483.9
-18365.4
-25526.6
-24221
-20821.4
-36890.6
-41663.2
-41355.9
-47566.7
987.526
-1152.47
1156.72
3376.17
5254.75
-224.939
-1160.29
1459.3
-2913.56
-12199.1
6382.59
5540.05
-3981.68
36801.6
26964
-16356.8
-18727.5
-22538.3
-27661
-30108.6
-32110
-41712.1
-49467.4
-57596.5
-77780.7
-86856.1
-79683
-96314.3
-111066
-102722
-2057.16
-2905.99
-3735.7
-4782.64
-6096.08
-7603.16
-9599.82
-11756.1
-14869.4
-17970.3
-24031.4
-25330.8
-47720.8
-34998.8
-114038
-841.843
-1084.44
-1242.19
-1518.47
-1849.39
-2219.86
-2743.23
-3284.64
-4224.81
-5004.82
-7366.9
-8887.54
-12443.6
-18894.1
-21014.3
-575.87
-776.758
-948.389
-1207.67
-1490.88
-1840.74
-2274.99
-2845.81
-3567.33
-4690.4
-5989.02
-8919.08
-10924.3
-22517.4
-5537.76
-908.522
-1234.32
-1542.61
-1940.83
-2400.02
-2944.23
-3606.59
-4412.43
-5395.47
-6589.96
-8113.2
-9556.5
-11783.5
-13040.9
-12510.8
-1018.47
-1356.78
-1669.69
-2056.76
-2498.61
-2993.35
-3593.3
-4286.86
-5102.05
-6006.26
-6961.59
-8106.49
-8840.21
-11802.6
-8735.04
-1020.76
-1366.17
-1693.56
-2080.08
-2517.73
-2985.98
-3576.74
-4237.77
-5009.67
-5791.66
-6721.78
-7708.48
-9276.51
-11783.5
-11426
-1351.62
-1777.99
-2168.57
-2577.19
-3022.94
-3475.23
-4094.02
-4738.99
-5469.76
-6112.66
-6748.96
-7141.13
-8138.04
-8776.81
-4238.28
-1160.05
-1564.64
-1930.17
-2262.86
-2618.58
-2970.98
-3585.64
-4175.86
-4776.37
-5133.95
-5327.26
-5110.23
-6432.5
-4312.54
-6157.53
-1867.73
-2447.49
-2890.43
-3168.96
-3425.25
-3825.39
-4592.6
-5133.91
-5493.15
-5574.65
-5418.74
-5519.08
-7227.14
-4844.64
-19379.8
-1099.96
-1626.11
-1961
-1988.92
-2549.48
-2837.64
-3577.23
-3828.64
-4085.04
-4186.74
-3510.74
-3007.55
-567.624
4258.48
3106.68
-2737.32
-3668.77
-3903.95
-5200.79
-7022.76
-6813.02
-6732.95
-5595.41
-5203.04
-6337.79
-7716.22
-10337.7
-13772
-25427.9
-25364.8
-910.896
-1480.76
-1883.82
-3649.77
-5360.07
-6021.61
-6492.29
-3858.6
-4968.11
-7609.65
-6889.75
-4151.15
-1852.42
-9537.99
6075.22
-4515.62
-4973.07
-7822.53
-12154.8
-17433.4
-17284.5
-15322
-16855.6
-20537.3
-18148.5
-23454.2
-44304.5
-41792.6
-39100.7
-44926.9
1760.26
2782.38
4616.2
6013.15
6657.02
5301.32
4486.28
-1334.65
4136.25
10037.1
11652.1
8052.18
-12359.2
22187.9
23436.7
-16430.5
-18528.3
-21447.7
-25736
-29450.9
-35901.7
-44440.7
-54099.9
-56324.7
-68704.1
-79117.9
-71693.8
-89978.6
-109459
-97090
-2055.66
-2903.95
-3732.38
-4778.45
-6088.31
-7592.09
-9577.93
-11725.4
-14813.5
-17886.5
-23888.9
-25118
-47320.4
-34429.9
-112144
-840.773
-1082.91
-1239.37
-1514.13
-1840.84
-2207.26
-2719.84
-3250.3
-4160.89
-4911.34
-7190.83
-8657.94
-12008.6
-18263.8
-20355.3
-574.289
-774.366
-944.763
-1202.28
-1482.15
-1827.75
-2253.91
-2814.21
-3517.72
-4609.67
-5869.49
-8686.2
-10641.5
-21803.1
-5183.01
-906.421
-1231.35
-1538.14
-1933.69
-2386.88
-2923.98
-3572.61
-4362.25
-5312.48
-6463.01
-7908.8
-9227.67
-11306.3
-12674.8
-12073.8
-1013.31
-1349.23
-1658.77
-2040.65
-2473.02
-2958.04
-3538.99
-4213.76
-4988.56
-5852.42
-6732.26
-7787.72
-8432.92
-11719.2
-8387.15
-1016.77
-1360.54
-1685.65
-2065.49
-2487.84
-2942.08
-3508.87
-4152.69
-4881.73
-5640.95
-6506.2
-7453.68
-9008.08
-11735.9
-10241.5
-1337.83
-1756.23
-2137
-2524.22
-2942.94
-3379.25
-3970.84
-4608.05
-5306.11
-5963.6
-6593.17
-7246.25
-8121.53
-9274.22
-1971.69
-1153.26
-1554.36
-1917.75
-2221.65
-2513.22
-2829.16
-3411.48
-4010.1
-4591.66
-4980.42
-5391.09
-5482.12
-6202.72
-4553.39
-6060.85
-1835.8
-2383.48
-2787.4
-2877.8
-3026.77
-3461.71
-4233.89
-4907.32
-5304.9
-5714.36
-5608.1
-6064.94
-7614.93
-5464.24
-17270.2
-1093.8
-1615.72
-1934.48
-1765.25
-2005.65
-2185.46
-3029.25
-3379.87
-3463.17
-4113.25
-3590.92
-3099.08
-1919.24
4996.84
2739
-2737.05
-3536.09
-3362.81
-3617.72
-4664.12
-4952.2
-5681.75
-5172.29
-5137.3
-5901.76
-6235.88
-10530.5
-17424.2
-23973.4
-23450.1
-972.85
-1688.32
-1553.81
-2343.22
-4049.22
-3729.5
-3765.07
-2864.67
-5647.13
-7355.4
-5854.05
-7730.88
-4260.42
-9704.99
6538.13
-4427.79
-4014.9
-5422.44
-9160.38
-14700.5
-16302.8
-19034.8
-28012.8
-28417.3
-15858.3
-21531
-39421.3
-42069.1
-41649.6
-46578.2
-134.211
-189.086
43.2265
-340.47
2152.49
1011.85
-4519.29
-12255.6
-10269.8
6588.54
9212.2
12508.8
-13252
13697
20399.5
-16525.3
-21175.9
-26591.3
-32173.9
-33910.3
-40939.3
-51594.2
-54745.7
-63229.9
-73456.9
-80212.9
-77335.4
-75599
-99422.6
-93048.9
-2054.29
-2902.07
-3729.18
-4774.41
-6080.39
-7580.72
-9555.29
-11694.3
-14754.5
-17800
-23733.3
-24907.7
-46915
-33825.4
-110388
-840.208
-1081.94
-1237.18
-1510.58
-1833.43
-2196.33
-2698.72
-3219.55
-4101.27
-4825.93
-7021.62
-8444.29
-11598.1
-17730.7
-19487.3
-573.256
-772.554
-941.738
-1197.56
-1474.36
-1815.97
-2234.63
-2784.51
-3470.94
-4529.58
-5755.06
-8435.92
-10369
-21002.1
-4762.8
-905.204
-1229.35
-1534.73
-1928
-2376.39
-2908.01
-3544.74
-4318.97
-5237.19
-6343.07
-7712.13
-8872.2
-10794.7
-12338.4
-11399.4
-1010.33
-1344.42
-1650.95
-2029.01
-2454.68
-2933.14
-3497.66
-4153.82
-4888.54
-5709.79
-6517.27
-7415.4
-8039.99
-11781.5
-7486.95
-1014.84
-1357.26
-1679.76
-2055.94
-2472.57
-2923.37
-3472.24
-4098.25
-4782.36
-5521.95
-6314.91
-7207.35
-8764.99
-11691.3
-8160.64
-1331.15
-1744.93
-2118.44
-2504.52
-2925.36
-3361.57
-3924.24
-4534.4
-5192.62
-5849.63
-6490.3
-7279.22
-8188.25
-9976.14
467.488
-1149.86
-1545.41
-1904.2
-2217.25
-2540.03
-2875.46
-3424.51
-3998.35
-4553
-4894.59
-5285.01
-5409.05
-5975.79
-5065.91
-3766.36
-1826.88
-2357.11
-2757.59
-2990.33
-3279.67
-3682.14
-4345.55
-4926.04
-5242.84
-5736.57
-5973.67
-6754.45
-7105.7
-6156.67
-16535.2
-1086.06
-1563.87
-1940.15
-1919.96
-2116.5
-2379.16
-3095.67
-3535.92
-3849.26
-4064.8
-2734.15
-3261.75
-2673.3
5187.78
-832.813
-2763.73
-3416.86
-3688.9
-3346.75
-4297.45
-5406.69
-6373.85
-5757.65
-6355.31
-6696.69
-6436.52
-9952.23
-17185.9
-20425.1
-27063.6
-847.206
-1454.58
-1813.87
-2833.89
-4165.13
-4035.29
-4295.15
-4146.09
-5719.37
-6907.93
-6366.43
-10200
-6889.5
-7570.52
3641.7
-4856.01
-5567.01
-7872.97
-13646.7
-15507.5
-21171.2
-24967.1
-24160.2
-28006.1
-12457
-22410.9
-38800.9
-44048.9
-39703
-49694.9
18.6414
-969.242
-1653.68
-3664.43
-3614.93
-5970.46
-10289.7
-10488.8
-11000.8
2013.8
10310.2
5647.94
-15486.4
6846.86
20969.3
-13888.1
-17663.3
-21162.1
-26307.1
-34300.3
-41266.4
-41568.3
-46402.8
-57775.6
-77401.2
-79165.1
-81048.6
-68078.7
-92129.8
-90209.2
-2053.02
-2900.31
-3726.07
-4770.41
-6072.16
-7569.03
-9531.68
-11662
-14690.7
-17710.5
-23558.4
-24701.9
-46470.2
-33187.6
-108651
-839.929
-1081.33
-1235.37
-1507.52
-1826.67
-2186.34
-2678.65
-3190.85
-4041.95
-4744.9
-6847.63
-8237.17
-11187.8
-17253.1
-18118.9
-572.378
-770.919
-938.864
-1192.93
-1466.55
-1803.93
-2214.86
-2753.57
-3421.32
-4442.94
-5632.54
-8149.84
-10082.6
-20014
-4219.43
-904.359
-1227.88
-1531.87
-1922.91
-2366.62
-2892.71
-3517.45
-4275.23
-5159.07
-6217.4
-7502.83
-8457.15
-10212.9
-11992.8
-10695.6
-1008.11
-1340.48
-1643.84
-2017.86
-2436.6
-2908.11
-3456.07
-4092.28
-4783.57
-5558.67
-6282.33
-6960.74
-7556.3
-11725.3
-6453.34
-1014.17
-1355.9
-1675.61
-2047.53
-2457.52
-2903.85
-3434.32
-4041.17
-4674.35
-5409.22
-6106.01
-6985.73
-8389.16
-11410.2
-6127.43
-1326.9
-1735.43
-2099.88
-2478.85
-2894.16
-3326.01
-3860.77
-4448.47
-5069.62
-5734.62
-6340.69
-7420.99
-8077.69
-10350.7
1371.82
-1151.91
-1545.93
-1892.58
-2198.78
-2524.46
-2876.79
-3403.24
-3967.23
-4494.5
-4789.35
-5349.81
-5671.52
-5669.07
-5343.71
-671.4
-1823.28
-2331.14
-2703.89
-2963.91
-3338.98
-3764.36
-4322.63
-4924.68
-5111.48
-5748.86
-6625.33
-8054.93
-7656.48
-6992.63
-15959.2
-1102.12
-1568.53
-1854.07
-1927.4
-2153.68
-2453.39
-3251.79
-3659.91
-4062.87
-5097.35
-3378.28
-3820.42
-2260.62
2478.16
-5438.19
-2753.03
-3293.48
-3442.71
-3701.83
-4651.83
-5776.88
-6658.59
-6144.56
-7342.16
-7015.59
-8177.7
-12258.4
-16477.5
-18012.3
-32505.4
-826.502
-1305.1
-1702.69
-2047.33
-3298.53
-4018.61
-4934.62
-4751.54
-7236.84
-6071.54
-7853.47
-12586.2
-11526.6
-6355.18
-1341.69
-4789.91
-5194.18
-6041.02
-9887.13
-14443
-18520.7
-21779.7
-24193
-29623.9
-12952.9
-28563.9
-42370.4
-45630.2
-34599.2
-52142.6
0.993946
-1035.84
-1188.66
-1647.42
-4374.54
-6451.95
-5256.89
-5778.26
-7172.16
474.569
6472.67
-5804.26
-15449.3
9154.8
17841.5
-14319.6
-17438.5
-22278.3
-26809.4
-29070.3
-33134.5
-35839.6
-40175.2
-54091.2
-81490.9
-82385.1
-76450.9
-60082.1
-83875
-83291.7
-2052.04
-2898.93
-3723.34
-4766.83
-6064.23
-7557.68
-9507.84
-11630.1
-14625.8
-17622.9
-23368.3
-24519.2
-46012.7
-32557.3
-107154
-840.127
-1081.25
-1234.17
-1505.28
-1821.11
-2178.1
-2660.92
-3166.03
-3986.25
-4675.19
-6677.73
-8050.52
-10813.3
-16932.1
-16226.5
-572.066
-769.9
-936.636
-1189.01
-1459.63
-1792.93
-2196.52
-2723.94
-3372.84
-4358.29
-5509.56
-7856.72
-9771.14
-18968.7
-3660.58
-904.46
-1227.47
-1530.25
-1919.52
-2359.37
-2880.7
-3494.61
-4236.19
-5084.71
-6099.71
-7288.54
-8001.12
-9620.43
-11742.7
-10117.4
-1008.27
-1339.39
-1639.99
-2010.58
-2423.38
-2888.95
-3422.08
-4037.59
-4683.14
-5417.98
-6034.03
-6499.21
-6991.82
-11460.4
-6166.15
-1015.43
-1356.93
-1675.1
-2045.41
-2452.41
-2897.52
-3412.24
-3998.2
-4574.82
-5332.48
-5799.46
-6829.21
-7800.88
-10828.6
-4992.14
-1329.97
-1736.9
-2095.72
-2470.36
-2881.35
-3310.73
-3821.7
-4378.75
-4966.77
-5605.81
-6011.97
-7553.27
-7711.77
-10027.1
-475.069
-1153.65
-1548.55
-1894.82
-2206.51
-2549.92
-2931.46
-3438.73
-3995.98
-4466.25
-4657.16
-5404.03
-6209.21
-5744.06
-5263.15
-506.103
-1837
-2349.92
-2721.81
-2999.36
-3395.8
-3830.73
-4320.42
-5018.44
-4953.13
-5780.59
-7179.14
-9034.47
-8845.71
-7381.34
-16290
-1093.24
-1563.32
-1871.78
-1965.03
-2263.64
-2656.49
-3610.02
-3804.6
-4294.19
-5408.14
-5014.76
-5119.19
-2942.35
-1113.82
-6698.79
-2771.6
-3341.3
-3669.93
-3829.21
-4621.28
-5673.86
-6889.38
-7109.52
-9316.97
-8760.2
-10242.7
-14691.2
-15418.9
-17920.5
-35564.7
-852.302
-1292.51
-1910.32
-2178.61
-3212.03
-4573.13
-6374.37
-6822.79
-8203.71
-5148.14
-9551.53
-13253.2
-13370.8
-6035.1
-5532.09
-4670.87
-5031.45
-5693.11
-9329.5
-13634.1
-19183.8
-25400.7
-27992.3
-32171.5
-16956.2
-32891.2
-38793
-43111.4
-29878.5
-54206.7
36.6215
-1156.75
-565.079
-2441.86
-2752.8
-3712.17
-3116.84
-2380.28
-5103.63
-2955.48
-8216.79
-11682.7
-13135.3
10867.9
8288.89
-18715.2
-22456.5
-28273.4
-31721.1
-31760
-32479.7
-34592.4
-39835.4
-55401.2
-83900.5
-82397
-60894
-49689.6
-76958.3
-77463.7
-2051.31
-2897.9
-3720.99
-4763.65
-6056.64
-7546.83
-9484.44
-11600.7
-14560.8
-17540.1
-23159.5
-24382.5
-45536
-31997.4
-106078
-840.561
-1081.47
-1233.4
-1503.7
-1816.6
-2171.43
-2645.2
-3145.05
-3934.1
-4619.99
-6509.11
-7894.57
-10470.2
-16812.8
-13846.2
-571.957
-769.174
-934.787
-1185.56
-1453.39
-1782.67
-2179.24
-2695.54
-3325.62
-4277.73
-5381.15
-7572.8
-9440.94
-18049.1
-3146.28
-905.044
-1227.74
-1529.48
-1917.21
-2353.7
-2870.41
-3474.26
-4199.42
-5012.23
-5992.05
-7061.4
-7577.55
-9116.68
-11609.6
-9677.87
-1009.23
-1339.25
-1637.01
-2004.36
-2411.61
-2870.97
-3390.25
-3982.82
-4582.41
-5286.11
-5719.22
-6124.37
-6431.12
-11136.6
-6794.55
-1018.07
-1360.05
-1676.46
-2044.82
-2448.96
-2890.53
-3389.54
-3949.16
-4474.12
-5274.38
-5385.61
-6677.42
-7140.61
-10240.4
-5041.65
-1334.93
-1738.82
-2088.58
-2456.24
-2861.05
-3281.7
-3773.37
-4278.91
-4878.56
-5366.9
-5660.02
-7450.52
-7276.49
-9547.7
-3714.24
-1162.55
-1559.55
-1895.05
-2201.57
-2554.42
-2948.48
-3429.5
-3984.36
-4414.39
-4513.83
-5466.7
-6609.61
-6312.79
-5458.96
-3842.57
-1854.65
-2345.56
-2667.93
-2943.77
-3376.73
-3805.11
-4305.75
-4916.48
-4857.72
-5959.22
-7539.22
-9666.45
-9633.46
-8121.5
-18486.8
-1128.04
-1590.73
-1755.08
-1860.47
-2182.25
-2760.32
-3682.63
-3973.76
-4641.51
-5578.2
-5416.36
-5690.43
-3599.41
-2921.01
-8384.99
-2772.15
-3004.2
-2934.2
-3365.67
-4520.12
-6197.52
-7498.21
-8791.92
-11978
-12277.7
-11624.9
-12889.7
-13100.8
-18104.4
-34953.8
-953.991
-1200.27
-1689.25
-1130.32
-1650.52
-5540.54
-10076.5
-11523.8
-13029.3
-7331.63
-9318.27
-11171.1
-11397.1
-8730.96
-15913.4
-3769.92
-5427.67
-7706.8
-8549.61
-11605.3
-19432.5
-30396
-35033.2
-34864
-22633.2
-32181.6
-33805.7
-37199
-26255.5
-52988.2
1586.36
1776.75
3604.5
2034.25
-3309.36
-1981.04
-1008.66
-2650.91
-3301.26
-5157.55
-8579.96
-7061.01
-8122.68
3122.98
-13377.8
-20606.3
-23075.5
-26879
-34894.3
-40601.1
-39785.7
-42372.3
-48203.4
-60242.7
-77775.6
-64327.9
-48174
-45606.4
-74402
-69714.4
-2051.05
-2897.41
-3719.18
-4761.07
-6049.66
-7536.79
-9461.97
-11573.8
-14494.4
-17463.2
-22930.4
-24301.7
-45009.8
-31607.7
-105645
-841.293
-1082.05
-1233.09
-1502.8
-1813.08
-2166.2
-2631.37
-3127.78
-3886.33
-4580.56
-6344.29
-7783.46
-10158.7
-16914.7
-11343.9
-572.345
-769.02
-933.536
-1182.78
-1447.95
-1773.29
-2163.21
-2668.51
-3280.24
-4201.82
-5252.6
-7337.36
-9199.43
-17496.4
-2664.1
-906.451
-1228.94
-1529.81
-1916.47
-2350.03
-2862.32
-3456.86
-4164.68
-4943.06
-5890.14
-6830.63
-7294.72
-8743.7
-11595.6
-8837.46
-1012.26
-1341.67
-1637.06
-2001.66
-2403.62
-2857.12
-3363.23
-3929.98
-4486.49
-5154.41
-5390.87
-5898.39
-6129.2
-10995.8
-6706.51
-1022.19
-1365.1
-1681.84
-2051.05
-2453.33
-2891.81
-3374.81
-3899.62
-4385.14
-5154.2
-4995.31
-6447.45
-6685.74
-9897.58
-4279.51
-1347
-1751.68
-2098.18
-2459.14
-2852.93
-3267.75
-3727.36
-4179.27
-4780.27
-5074.75
-5327.46
-7125.87
-7007.81
-9458.06
-4251.2
-1170.79
-1573.95
-1919.42
-2230.45
-2593.81
-2995.33
-3431.19
-3945.75
-4388.7
-4478.31
-5589.36
-6806.65
-7027.29
-6668.11
-7198.13
-1900.26
-2419.67
-2747.79
-2971.79
-3368.42
-3786.42
-4157.53
-4768.66
-4883.04
-6146.32
-7821.85
-9984.42
-10087
-10362.3
-19454.3
-1127.28
-1646.74
-1887.88
-1885.7
-2313.55
-2840.21
-3494.01
-4291.48
-4693.59
-6191.94
-5999.85
-5991.57
-3770.01
-4996.6
-8548.94
-2929.73
-3669.19
-3456.74
-3348.1
-4309.82
-5194.5
-6527.29
-8452.64
-12874.7
-15378.5
-14200.9
-13556.6
-13333.2
-21038.4
-31916.7
-883.904
-1642.92
-2839.45
-2752.76
-2962.67
-4417.16
-7064.67
-9515.51
-14162.1
-11844.2
-12087.4
-12246.4
-13109.6
-14571.6
-17832.6
-4631.22
-7695.82
-14699.4
-14544.6
-13836.7
-25006.8
-33209
-37915.3
-36637.7
-31320.8
-35707.8
-37802.4
-39535.2
-30398.9
-52525.7
3420.84
3545.69
3125.08
3758.56
896.503
-2874.13
-1522.63
-4925.03
-4267.61
-7456.75
-7418.57
-9038.84
-10046.4
-9300.72
-29840.4
-18638.7
-21417.7
-25369.9
-32426
-44945.3
-49001.4
-51822.3
-57854
-66973.5
-67411.9
-56538.1
-48101.4
-49543.1
-72371.7
-62093.1
-2051.22
-2897.35
-3717.79
-4759.03
-6043.47
-7528.09
-9441.67
-11551.1
-14428.5
-17400.2
-22698.6
-24274.7
-44470.1
-31451.2
-105884
-841.924
-1082.67
-1233.03
-1502.41
-1810.65
-2162.7
-2620.67
-3116.21
-3847.11
-4559.71
-6198.68
-7724.62
-9876.05
-17142.3
-9303.59
-572.736
-769.021
-932.663
-1180.65
-1443.79
-1765.66
-2150.48
-2645.97
-3242.93
-4136.94
-5143.94
-7165.7
-9134.25
-17412.4
-2292.56
-907.906
-1230.4
-1530.65
-1916.68
-2348.24
-2856.71
-3443.65
-4134.67
-4884.53
-5796.97
-6620.42
-7165.24
-8560.08
-11620.3
-7962.03
-1015.11
-1344.03
-1637.32
-1999.93
-2397.83
-2845.34
-3340.13
-3880.32
-4404.05
-5014.91
-5119.79
-5761.83
-6203.74
-10910.2
-5252.13
-1026.27
-1370.19
-1687.29
-2058.56
-2460.82
-2893.69
-3358.01
-3846.17
-4298.78
-4968.68
-4701.23
-6175.09
-6514.75
-9644.83
-2668.02
-1357.88
-1761.69
-2104.08
-2461.76
-2844.68
-3237.34
-3658.65
-4063.02
-4621.62
-4815.36
-5003.49
-6729.61
-6770.26
-9551.32
-1472.46
-1180.45
-1585.69
-1941
-2268.86
-2644.75
-3012.6
-3369.13
-3838.6
-4340.42
-4313.04
-5648.7
-6889.68
-7485.84
-7918.82
-6073.8
-1943.08
-2467.38
-2805.71
-3019.77
-3334.82
-3536.91
-3816.62
-4597.74
-4581.57
-6018.95
-7901.23
-10329.3
-10232.5
-12796.3
-16782
-1138.25
-1662.47
-2009.07
-2072.2
-2474.83
-2709.28
-3143.13
-3973.72
-4412.6
-6675.9
-7196.44
-7267.48
-4273.42
-6322.52
-7062.64
-3112.05
-3973.49
-4109.16
-3833.06
-4238.98
-4541.25
-6121.06
-7589.95
-12330.8
-16034
-16658
-15570.4
-13839.4
-26680.6
-29362.5
-854.29
-1531.49
-2510.47
-4584.54
-3763.68
-2830.09
-2727.13
-5292.34
-10878.6
-11869.9
-13478.8
-13523.8
-15027.5
-17588.6
-2869
-5460.55
-9878.62
-16031.2
-19844
-15389.1
-23058.3
-35566.6
-38016.4
-36736.1
-34693.2
-39200.9
-39022.5
-39879.1
-38181.2
-52914.3
1123.97
1957.87
-66.7209
-2872.9
1682.42
678.666
-2603.89
-4253.31
-4491.74
-9019.72
-10592.7
-10988.4
-11432.9
-10224.3
-829.325
-20097.9
-20766.4
-23501.8
-32495.8
-45459.1
-60618.6
-61145.9
-66332.4
-68210.6
-65216.4
-58175.1
-53843.2
-50470.3
-67028.1
-60272.6
-2052
-2898.02
-3716.94
-4757.69
-6038.02
-7520.63
-9422.31
-11530
-14359.6
-17352.7
-22455.6
-24254.8
-43918.3
-31500.5
-106390
-842.561
-1083.34
-1233.13
-1502.3
-1808.64
-2159.92
-2611.3
-3106.32
-3810.37
-4542.2
-6076.4
-7691.24
-9663.65
-17303.7
-7943.41
-573.567
-769.483
-932.158
-1178.89
-1439.87
-1758.19
-2137.83
-2622.33
-3203.99
-4066.52
-5045.46
-6988.27
-9131.9
-17521
-1898.95
-909.966
-1232.47
-1532.07
-1917.64
-2347.14
-2851.67
-3431.48
-4103.35
-4826.14
-5687.68
-6419.05
-7028.08
-8401.27
-11264.7
-6598
-1019.68
-1348.35
-1639.7
-2000.74
-2394.67
-2836.61
-3321.74
-3831.54
-4322.85
-4848.47
-4849
-5502.04
-6155.67
-10350.9
-2438.37
-1031.9
-1377.03
-1694.85
-2069.72
-2471.78
-2901.24
-3352.05
-3795.97
-4207.15
-4690.43
-4373.2
-5752.69
-6178.16
-8478.65
238.479
-1374.84
-1779.21
-2118.89
-2477.49
-2851.78
-3233.1
-3631.88
-3967.88
-4441.82
-4501.37
-4585.52
-6167.79
-6324.44
-8641.14
893.106
-1193.39
-1602.12
-1967.14
-2321.26
-2705.69
-3069.58
-3398.84
-3774.16
-4239.67
-4034.41
-5446.25
-6814.81
-7887.39
-8963.59
-10723.7
-2013.61
-2534.7
-2882.6
-3135.32
-3405.03
-3565.75
-3810.12
-4446.49
-3988.81
-5744.39
-7633.28
-10558.4
-10594
-15225.3
-17424.5
-1157.19
-1679.59
-2103.56
-2313.14
-2664.67
-2811.95
-3219.23
-3346.89
-4073.96
-6612.7
-7256
-8267.37
-4598.06
-6900.55
-6591.22
-3462.88
-4142.87
-4469.89
-4635.73
-4620.4
-4130.57
-4998.42
-5971.56
-10818.6
-14721.8
-15381.6
-16020.9
-14476.3
-31982
-24266.5
-763.181
-1489.99
-2430.32
-3570.16
-5635.32
-4249.59
-2330.97
-4529.8
-8692.25
-10418.2
-12742.3
-15852
-15933.5
-21138.6
9064.85
-7516.54
-9446.64
-13195.6
-18608
-17949.1
-16471
-35479.4
-49286.7
-44989.9
-41608.4
-43424.5
-46928.8
-34933.8
-48046
-47481.5
443.637
1551.42
2007.96
-4820.26
-6713.43
7070.71
505.134
-10972.4
-12421.6
-17892
-16764.1
-23170.7
-2956.11
31.7963
35817
-13976.1
-17705.2
-22418.6
-30842.9
-51935.7
-68545.7
-82698.4
-83636.5
-80074.2
-75462.6
-66840.5
-57908.8
-55733.9
-63614.1
-66747
-2052.7
-2898.96
-3716.39
-4756.81
-6033.39
-7514.44
-9405.03
-11513.8
-14294.8
-17328.5
-22211.1
-24359.5
-43225.1
-31565
-106566
-842.793
-1083.64
-1233.4
-1502.7
-1808.59
-2160.15
-2609.02
-3106.71
-3796.97
-4549.46
-6016.86
-7714.57
-9730.22
-17369.9
-7024.77
-574
-769.763
-932.016
-1178.1
-1438.35
-1754.63
-2132.66
-2610.13
-3187.79
-4023.65
-5004.49
-6838.12
-9206.15
-17486
-1451.51
-911.243
-1233.94
-1533.29
-1918.8
-2347.46
-2849.61
-3425.89
-4083.06
-4792.06
-5604.2
-6277.08
-6879.48
-8312.88
-11062.8
-6003.87
-1022.3
-1350.83
-1640.96
-2001.28
-2393.21
-2831.57
-3311.28
-3797.26
-4274.49
-4718.24
-4639.81
-5289.2
-6126.11
-10123.2
-1153.68
-1035.32
-1381.4
-1699.71
-2077.28
-2479.86
-2906.87
-3347.91
-3751.62
-4142.18
-4444.28
-4101.72
-5531.29
-6098.41
-7733.05
411.249
-1384.2
-1788.49
-2125.6
-2485.04
-2855.86
-3228.88
-3603.87
-3872.34
-4341.92
-4101.55
-4320.74
-5860.7
-6189.77
-8414.76
-358.432
-1201.52
-1611.13
-1981.33
-2354.43
-2749.36
-3116.03
-3396.48
-3676.36
-4097
-3771.67
-5160.67
-6707.19
-8140.1
-8920.07
-11333.3
-2046.32
-2569.91
-2918.07
-3185.85
-3463.16
-3603.55
-3696.82
-4169.85
-3419.33
-5579.93
-7487.51
-11074.1
-11123.3
-17620.4
-21285
-1172.01
-1672.09
-2126.55
-2461.44
-2880.74
-3031.49
-3210.24
-2562.65
-3785.5
-6741.04
-7728.88
-9622.88
-4761.53
-9578.11
-21460.6
-3515.99
-4267.36
-4630.5
-4788.37
-5180.11
-4438.79
-3625.48
-4399.1
-9865.71
-13895
-15469.3
-17336.2
-13654.3
-36199.1
-21881.9
-687.748
-1255.18
-2124.5
-3306.24
-5780.38
-6287.95
-1590.09
-5891.67
-13826.6
-15859.7
-18645.6
-18253.3
-11523.5
-26279.9
-1494.93
-6924.97
-8742.79
-12753.9
-16615.6
-22859.8
-10320.7
-24428.9
-45989.5
-50859
-44777.4
-48447.1
-42081
-40363.9
-55059.4
-46489
1401.5
2400.01
2263.33
102.737
-9083.79
4807.84
16804.2
-7236.11
-14859.1
-16757.9
-19327.2
-13150
11985.4
5018.66
66331.1
-12609.8
-16400.1
-20618.7
-30703.6
-46585.4
-75221.8
-91222
-115910
-109707
-102849
-86701.3
-75077.9
-45870.6
-58385.7
-63311.7
-2053.36
-2899.95
-3716.21
-4756.5
-6029.73
-7509.74
-9391.17
-11499.7
-14240.5
-17304.7
-22026.1
-24304.5
-42921
-32294.7
-107107
-843.445
-1084.2
-1233.31
-1502.42
-1806.18
-2156.68
-2598.77
-3093.42
-3757.64
-4517.91
-5917.09
-7680.5
-9432.18
-16407
-6607.28
-574.976
-770.441
-931.863
-1176.95
-1435.38
-1748.6
-2122.32
-2589.89
-3154.52
-3963.91
-4915.9
-6699.06
-9069.39
-17557.8
-576.46
-913.282
-1236
-1534.88
-1920.22
-2347.3
-2846.39
-3417.27
-4054.91
-4742.41
-5487.16
-6079.52
-6597.94
-8074.47
-10183.7
-3269.5
-1027.05
-1355.57
-1644.16
-2003.3
-2391.84
-2826.12
-3297.52
-3750.51
-4199.92
-4526.36
-4315.68
-4952.58
-5819.86
-9145.31
1937.79
-1041
-1388.21
-1707.33
-2088.62
-2491.62
-2919.5
-3349.3
-3704.19
-4049.12
-4109.88
-3695.18
-4935.3
-5627.58
-6053.11
827.448
-1400.5
-1807.07
-2142.75
-2501.88
-2869.14
-3243.65
-3596.49
-3785.36
-4227.82
-3585.88
-3783.16
-5065.11
-5715.19
-7902.22
-6075.94
-1214.73
-1628.11
-2004.44
-2399.25
-2815.18
-3216.69
-3462.78
-3653.51
-3839.96
-3565.49
-4404.82
-6068
-8435.98
-11295.8
-30655.7
-2104.55
-2645.35
-2999.98
-3267.59
-3566.92
-3757.53
-3713.63
-3980.15
-2867.15
-5101.47
-6311.22
-10553.5
-12245.6
-23917.2
-34240.6
-1193.73
-1699.83
-2147.97
-2556.75
-3202.04
-3559.17
-3560.9
-1916.36
-2510
-4737.33
-5099.63
-7300.51
-4838.37
-8503.13
-8723.47
-3705.81
-4565.61
-4964.88
-5062.87
-5642.96
-4924.45
-3310.67
-2538.28
-4839.19
-7783.29
-8825.85
-12448.1
-13687.3
-34061.7
-493.867
-656.823
-1212.74
-1753.57
-2573.69
-5268.18
-7709.85
-1956.45
-3124.78
-8367.99
-9880.43
-11858.5
-10684.3
-7301.43
-20334.7
18408.7
-7303.85
-9167.52
-11394.3
-13847.4
-17966.1
-8151.58
-15234
-29507
-38194.9
-33884.8
-39577.2
-33959.8
-58933.4
-40925.3
-25008.3
1468.67
2988.97
4995.19
3652.23
-6574.81
6339.51
28825.6
15594.8
2073.04
2084.09
-1182.58
12329.5
15027.3
27666.4
29964.4
-11175.6
-14651.3
-17613.6
-28298.2
-49735.1
-85782.2
-103245
-140321
-143466
-130892
-110354
-77449.2
-57140.8
-75439.8
-95604.9
)
;

boundaryField
{
    outletsourceFace
    {
        type            zeroGradient;
    }
    outletdestinationFace
    {
        type            zeroGradient;
    }
    outletFace
    {
        type            zeroGradient;
    }
    outletWall
    {
        type            fixedValue;
        value           uniform 0;
    }
    inletFace
    {
        type            zeroGradient;
    }
    inletWall
    {
        type            fixedValue;
        value           uniform 5;
    }
    inletsourceFace
    {
        type            zeroGradient;
    }
    inletdestinationFace
    {
        type            zeroGradient;
    }
}


// ************************************************************************* //
