/*--------------------------------*- C++ -*----------------------------------*\
| =========                 |                                                 |
| \\      /  F ield         | OpenFOAM: The Open Source CFD Toolbox           |
|  \\    /   O peration     | Version:  4.1                                   |
|   \\  /    A nd           | Web:      www.OpenFOAM.org                      |
|    \\/     M anipulation  |                                                 |
\*---------------------------------------------------------------------------*/
FoamFile
{
    version     2.0;
    format      ascii;
    class       volScalarField;
    location    "22";
    object      p;
}
// * * * * * * * * * * * * * * * * * * * * * * * * * * * * * * * * * * * * * //

dimensions      [0 2 -2 0 0 0 0];

internalField   nonuniform List<scalar> 
6750
(
-156.517
-74.0545
-156.589
-152.325
-175.798
-181.796
-187.715
-192.96
-192.592
-192.152
-192.447
-187.968
-200.774
-102.646
-243.862
-156.259
-73.1715
-156.173
-152.329
-176.214
-182.267
-188.309
-192.845
-192.408
-191.943
-192.498
-188.265
-200.491
-101.828
-243.941
-156.037
-72.4178
-155.898
-152.424
-176.567
-182.643
-188.83
-192.784
-192.627
-191.962
-192.794
-188.149
-200.441
-101.245
-244.14
-155.756
-71.4213
-155.52
-152.524
-177.008
-183.065
-189.464
-192.63
-193.905
-192.915
-193.243
-188.412
-200.637
-100.71
-244.11
-155.522
-70.3969
-155.184
-152.657
-177.41
-183.485
-189.992
-192.97
-194.93
-193.067
-193.124
-187.55
-200.874
-100.388
-244.215
-155.35
-69.3897
-154.849
-152.764
-177.786
-183.875
-190.844
-193.676
-195.105
-193.161
-193.402
-187.917
-201.074
-100.058
-244.285
-155.299
-68.601
-154.58
-152.827
-178.009
-184.167
-191.137
-193.358
-195.731
-193.79
-194.228
-188.924
-201.274
-99.8094
-244.414
-155.345
-68.3898
-154.511
-152.849
-178.117
-184.304
-191.551
-193.469
-195.927
-193.677
-194.362
-189.483
-201.28
-99.6648
-244.484
-155.452
-68.794
-154.697
-152.873
-178.068
-184.223
-191.507
-193.454
-195.647
-193.765
-194.364
-189.267
-201.411
-99.7799
-244.405
-155.658
-69.6784
-155.049
-152.857
-177.885
-183.979
-190.993
-193.423
-194.784
-193.486
-194.539
-188.216
-201.577
-100.048
-244.309
-155.954
-70.7553
-155.463
-152.81
-177.584
-183.647
-190.341
-193.182
-195.283
-193.483
-193.684
-187.485
-201.523
-100.262
-244.28
-156.284
-71.8201
-155.862
-152.731
-177.238
-183.277
-189.806
-192.938
-194.154
-193.16
-193.966
-188.568
-201.523
-100.552
-244.231
-156.634
-72.8449
-156.294
-152.689
-176.858
-182.938
-189.348
-193.475
-193.496
-193.089
-193.65
-188.337
-201.495
-101.052
-244.302
-156.901
-73.6144
-156.606
-152.632
-176.552
-182.622
-188.982
-193.981
-193.698
-193.378
-193.35
-188.736
-201.611
-101.683
-244.145
-157.193
-74.5093
-157.058
-152.671
-176.178
-182.187
-188.436
-194.113
-193.822
-193.584
-193.542
-189.173
-202.069
-102.607
-244.12
-215.873
-54.8569
-160.936
-153.285
-176.7
-182.09
-188.068
-190.013
-192.806
-197.159
-199.803
-190.565
-210.88
-75.0678
-342.094
-215.549
-54.0351
-160.407
-153.177
-177.168
-182.632
-188.845
-190.243
-193.909
-197.19
-198.985
-190.018
-210.26
-74.3391
-342.491
-215.292
-53.4764
-160.134
-153.212
-177.517
-183.044
-189.358
-191.275
-194.366
-196.163
-198.965
-188.685
-209.765
-73.7788
-343.211
-214.97
-52.6447
-159.674
-153.219
-177.953
-183.482
-189.858
-191.448
-194.145
-195.076
-198.727
-188.11
-209.513
-73.3204
-343.102
-214.736
-51.8317
-159.262
-153.286
-178.334
-183.871
-190.205
-191.827
-194.411
-194.335
-198.2
-186.896
-209.52
-73.1289
-343.36
-214.608
-51.0048
-158.797
-153.325
-178.68
-184.148
-190.898
-191.658
-194.653
-195.348
-198.64
-187.977
-209.942
-72.7799
-343.674
-214.667
-50.3356
-158.379
-153.352
-178.87
-184.401
-190.993
-191.764
-194.624
-195.723
-198.838
-188.977
-210.498
-72.5728
-344.056
-214.786
-50.1409
-158.258
-153.359
-178.956
-184.519
-191.408
-192.376
-195.561
-195.64
-198.855
-189.393
-210.807
-72.2225
-344.637
-214.865
-50.4682
-158.541
-153.39
-178.908
-184.401
-191.313
-191.827
-195.711
-195.85
-198.863
-189.624
-210.887
-72.5189
-344.111
-215.047
-51.1903
-159.041
-153.404
-178.738
-184.131
-190.926
-190.732
-194.97
-195.666
-198.804
-188.597
-210.547
-72.6756
-343.819
-215.36
-52.065
-159.586
-153.423
-178.456
-183.881
-190.405
-191.318
-194.856
-195.306
-199.417
-187.652
-210.462
-72.8475
-343.66
-215.729
-52.9053
-160.053
-153.41
-178.12
-183.546
-190.035
-191.191
-195.009
-195.843
-199.79
-188.531
-210.566
-72.908
-343.53
-216.143
-53.7628
-160.563
-153.464
-177.735
-183.156
-189.632
-191.189
-195.522
-197.384
-200.432
-189.554
-211.16
-73.2893
-343.772
-216.455
-54.336
-160.867
-153.465
-177.422
-182.765
-189.217
-189.966
-195.163
-199.36
-200.499
-190.725
-211.798
-73.7943
-343.148
-216.826
-55.1753
-161.434
-153.625
-176.988
-182.223
-188.426
-189.373
-194.022
-198.891
-200.691
-191.579
-212.566
-74.5294
-342.869
-318.098
-11.3143
-160.847
-156.243
-177.856
-183.323
-188.568
-188.63
-193.264
-199.182
-206.062
-192.117
-225.106
-8.63417
-521.593
-317.62
-10.7741
-160.275
-155.962
-178.336
-184.005
-189.475
-189.518
-195.05
-199.757
-205.44
-192.068
-224.405
-8.19711
-522.239
-317.286
-10.6118
-160.053
-155.944
-178.699
-184.5
-190.229
-191.613
-196.076
-198.688
-204.069
-191.182
-223.336
-7.75897
-523.447
-316.875
-10.2203
-159.527
-155.812
-179.1
-184.948
-190.662
-191.146
-194.844
-197.442
-203.274
-190.116
-222.672
-7.78599
-522.757
-316.646
-9.91468
-159.034
-155.799
-179.448
-185.277
-190.92
-191.073
-193.783
-196.871
-202.931
-188.339
-221.856
-7.91422
-523.001
-316.648
-9.4936
-158.387
-155.734
-179.683
-185.428
-191.056
-190.661
-193.751
-197.487
-203.456
-188.941
-222.099
-7.50907
-523.404
-316.916
-9.07086
-157.744
-155.715
-179.844
-185.606
-191.196
-190.681
-192.806
-196.705
-203.834
-189.654
-222.757
-7.22036
-524.067
-317.108
-8.91827
-157.514
-155.698
-179.865
-185.734
-191.244
-191.744
-193.45
-196.256
-203.409
-189.741
-222.701
-6.48049
-525.157
-317.105
-9.08771
-157.959
-155.746
-179.826
-185.598
-190.88
-190.784
-193.557
-197.681
-203.951
-190.087
-223.241
-7.06647
-524.109
-317.237
-9.41923
-158.674
-155.802
-179.668
-185.359
-190.483
-189.88
-194.411
-197.688
-202.805
-189.001
-222.605
-7.23734
-523.424
-317.59
-9.79044
-159.405
-155.934
-179.516
-185.257
-190.769
-190.724
-193.966
-197.331
-202.666
-188.702
-222.649
-7.41604
-523.151
-318.047
-10.0948
-159.935
-156.009
-179.223
-184.978
-190.549
-190.638
-194.557
-197.439
-203.204
-189.907
-223.319
-7.12902
-522.92
-318.609
-10.5179
-160.503
-156.224
-178.905
-184.604
-190.344
-191.192
-195.395
-198.543
-204.792
-191.333
-224.359
-6.97323
-523.724
-319.029
-10.7065
-160.74
-156.29
-178.595
-184.152
-189.724
-188.969
-194.399
-200.115
-206.07
-191.872
-225.527
-7.27603
-522.553
-319.58
-11.2919
-161.346
-156.655
-178.19
-183.574
-188.948
-188.469
-192.641
-199.48
-205.744
-191.925
-226.348
-7.62273
-522.042
-420.76
16.8808
-151.21
-164.215
-179.544
-186.949
-190.472
-189.173
-192.368
-197.932
-205.139
-190.015
-229.708
72.7664
-700.64
-420.32
17.2016
-150.793
-163.841
-179.851
-187.511
-191.042
-190.415
-193.453
-198.404
-205.113
-190.022
-228.994
71.6536
-702.302
-420.073
17.1094
-150.651
-163.819
-180.193
-187.969
-192.1
-191.811
-194.069
-196.987
-205.032
-189.888
-227.159
70.8622
-704.688
-419.764
17.0675
-150.194
-163.626
-180.492
-188.386
-192.577
-191.619
-192.727
-195.555
-204.856
-189.544
-227.043
69.0915
-704.677
-419.744
16.8258
-149.735
-163.586
-180.769
-188.543
-192.702
-190.329
-192.013
-195.763
-204.585
-188.264
-226.07
67.5453
-705.507
-419.983
16.7485
-149.071
-163.456
-180.839
-188.605
-191.975
-190.235
-192.58
-196.475
-203.455
-188.253
-225.975
66.8083
-705.863
-420.375
16.6624
-148.38
-163.406
-180.93
-188.678
-192.233
-188.702
-192.048
-196.301
-203.352
-188.432
-225.866
66.4654
-706.725
-420.559
16.5729
-148.109
-163.365
-180.867
-188.844
-192.346
-191.078
-192.386
-194.282
-201.376
-187.57
-225.078
66.7577
-707.411
-420.517
16.6937
-148.602
-163.435
-180.862
-188.67
-191.568
-190.057
-191.929
-196.608
-202.855
-188.34
-226.302
66.8537
-706.791
-420.589
17.0262
-149.343
-163.51
-180.729
-188.455
-190.803
-190.169
-192.074
-197.181
-202.883
-187.903
-226.64
67.3528
-705.828
-420.893
17.3522
-150.095
-163.718
-180.768
-188.468
-192.201
-189.631
-192.252
-197.287
-204.503
-188.139
-227.005
68.2459
-705.517
-421.289
17.6294
-150.589
-163.831
-180.557
-188.373
-192.231
-190.973
-192.401
-195.758
-204.442
-188.84
-227.903
69.8334
-704.546
-421.814
17.5793
-151.084
-164.135
-180.388
-188.099
-192.177
-191.312
-193.399
-196.803
-205.196
-189.301
-228.427
71.6695
-704.605
-422.181
17.5783
-151.23
-164.218
-180.102
-187.677
-191.152
-189.559
-192.996
-198.126
-204.958
-189.248
-230.274
72.4857
-702.189
-422.718
17.1172
-151.683
-164.705
-179.91
-187.311
-190.842
-189.107
-191.94
-197.251
-204.818
-189.178
-231.267
73.6301
-700.584
-533.527
-3.0304
-141.55
-181.848
-185.631
-194.611
-197.969
-193.802
-196
-189.778
-196.434
-182.503
-245.247
118.464
-892.144
-533.216
-2.61857
-141.373
-181.481
-185.719
-194.922
-198.018
-194.064
-196.854
-191.871
-196.887
-181.946
-243.622
116.118
-894.778
-533.113
-2.63344
-141.355
-181.43
-185.96
-195.297
-198.738
-194.372
-197.108
-192.31
-195.067
-181.88
-240.609
114.268
-897.886
-532.998
-2.60454
-141.126
-181.239
-186.1
-195.667
-199.021
-194.651
-194.516
-191.528
-195.43
-182.879
-239.58
111.713
-898.917
-533.241
-2.7619
-140.915
-181.186
-186.271
-195.785
-199.09
-193.048
-194.602
-190.462
-196.277
-183.431
-237.441
108.746
-900.349
-533.627
-2.80729
-140.542
-181.048
-186.226
-195.886
-198.548
-193.716
-194.616
-191.366
-195.775
-183.574
-236.463
106.8
-900.47
-534.003
-3.13925
-140.141
-181.002
-186.249
-195.957
-198.815
-193.122
-194.854
-192.986
-196.245
-182.878
-234.862
105.216
-901.868
-534.188
-3.40754
-139.956
-180.988
-186.138
-196.015
-198.807
-194.544
-194.538
-192.438
-194.423
-181.611
-234.135
105.001
-901.545
-534.215
-3.19202
-140.288
-181.12
-186.218
-195.916
-198.387
-193.319
-195.245
-193.571
-196.11
-182.778
-235.568
106.02
-901.932
-534.315
-2.65723
-140.752
-181.233
-186.178
-195.77
-197.628
-193.491
-194.54
-193.523
-196.405
-183.593
-237.515
108.07
-900.47
-534.583
-2.23575
-141.246
-181.488
-186.375
-195.848
-198.921
-193.267
-195.782
-192.746
-197.391
-183.668
-239.029
110.314
-900.317
-534.882
-1.95386
-141.527
-181.639
-186.287
-195.816
-198.959
-194.81
-194.972
-192.692
-196.35
-182.905
-241.208
113.534
-898.797
-535.296
-2.13272
-141.826
-181.988
-186.32
-195.657
-199.093
-194.553
-197.145
-193.234
-196.957
-182.199
-242.914
116.353
-897.834
-535.562
-2.27303
-141.849
-182.121
-186.141
-195.324
-198.337
-193.835
-196.832
-192.459
-197.938
-181.963
-246.013
118.295
-894.652
-535.996
-2.92699
-142.086
-182.648
-186.211
-195.24
-198.546
-194.076
-196.584
-190.273
-197.868
-182.172
-247.984
120.88
-891.999
-658.786
-48.7613
-141.727
-209.904
-199.608
-209.461
-213.582
-205.14
-206.679
-190.351
-195.256
-186.757
-310.891
168.562
-1096.44
-658.592
-48.3502
-141.616
-209.603
-199.561
-209.63
-213.364
-205.104
-207.464
-194.234
-197.721
-184.871
-304.066
161.979
-1105.59
-658.625
-48.2639
-141.633
-209.537
-199.668
-209.916
-213.684
-205.685
-207.268
-195.829
-195.681
-184.19
-296.657
158.495
-1116.47
-658.762
-47.9223
-141.548
-209.353
-199.658
-210.157
-213.633
-205.949
-204.727
-194.895
-194.354
-185.644
-289.702
150.147
-1123.4
-659.148
-47.7155
-141.57
-209.278
-199.718
-210.282
-213.522
-205.058
-203.416
-193.401
-194.564
-187.285
-282.113
139.734
-1127.38
-659.485
-47.5079
-141.498
-209.148
-199.627
-210.336
-213.176
-205.084
-203.32
-194.17
-194.657
-187.791
-276.569
132.405
-1127.61
-659.844
-47.6267
-141.424
-209.143
-199.651
-210.439
-213.395
-205.5
-204.404
-197.297
-194.632
-186.96
-272.361
127.077
-1128.73
-660.077
-47.7165
-141.377
-209.179
-199.586
-210.393
-213.23
-205.938
-204.309
-197.814
-195.172
-185.161
-270.601
126.264
-1127.11
-660.257
-47.6068
-141.532
-209.356
-199.763
-210.472
-213.327
-205.103
-205.153
-197.593
-196.033
-186.988
-273.47
127.965
-1128.86
-660.446
-47.4159
-141.693
-209.512
-199.838
-210.453
-212.957
-204.596
-204.31
-195.879
-196.78
-188.116
-278.307
134.114
-1127.77
-660.725
-47.4196
-141.932
-209.827
-200.143
-210.706
-213.895
-205.688
-205.47
-196.096
-197.506
-188.104
-284.713
142.01
-1127.69
-660.977
-47.4623
-142.059
-210.041
-200.22
-210.761
-214.142
-206.807
-206.134
-197.329
-197.095
-186.294
-292.721
152.962
-1123.68
-661.316
-47.879
-142.285
-210.441
-200.468
-210.844
-214.651
-207.033
-208.798
-198.567
-199.141
-185.677
-300.771
161.749
-1116.72
-661.51
-48.1078
-142.316
-210.625
-200.471
-210.679
-214.363
-206.356
-208.402
-196.781
-201.57
-185.756
-308.194
165.18
-1105.55
-661.872
-48.7955
-142.538
-211.145
-200.767
-210.821
-214.899
-206.982
-208.137
-193.606
-200.761
-187.749
-315.218
171.629
-1096.13
-791.66
-94.9107
-153.849
-245.793
-224.03
-233.783
-240.737
-225.97
-231.856
-202.091
-212.473
-187.955
-472.457
204.619
-1361.82
-791.61
-94.5898
-153.724
-245.544
-223.851
-233.93
-240.484
-226.409
-231.659
-205.688
-214.909
-187.995
-450.904
198.815
-1374.5
-791.881
-94.4357
-153.722
-245.476
-223.855
-234.169
-240.571
-227.378
-232.628
-206.967
-213.702
-188.008
-429.12
198.379
-1390.68
-792.155
-93.9753
-153.665
-245.299
-223.729
-234.309
-240.273
-227.673
-230.911
-205.316
-213.112
-194.481
-405.489
191.397
-1409.9
-792.574
-93.6549
-153.743
-245.227
-223.722
-234.471
-239.951
-227.666
-228.141
-203.563
-209.647
-198.391
-385.663
176.643
-1419.33
-792.935
-93.2987
-153.785
-245.124
-223.625
-234.52
-239.556
-227.669
-228.286
-204.45
-209.018
-200.711
-369.346
164.245
-1418.79
-793.344
-93.1764
-153.889
-245.168
-223.692
-234.713
-239.769
-228.291
-230.452
-209.07
-207.728
-199.782
-357.637
156.587
-1421.37
-793.623
-93.1127
-153.938
-245.26
-223.711
-234.733
-239.583
-228.229
-230.117
-210.487
-209.639
-199.793
-350.483
156.297
-1417.76
-793.879
-93.1767
-154.023
-245.485
-223.981
-235
-239.985
-228.133
-230.297
-209.692
-209.59
-201.637
-359.515
158.666
-1422.99
-794.1
-93.2748
-154.094
-245.696
-224.175
-235.115
-239.989
-227.616
-228.87
-206.782
-211.691
-201.614
-371.609
167.47
-1419.65
-794.421
-93.5299
-154.306
-246.095
-224.624
-235.521
-241.012
-228.815
-230.85
-207.108
-214.173
-199.214
-389.37
180.68
-1419.91
-794.677
-93.7252
-154.424
-246.385
-224.895
-235.691
-241.708
-229.446
-233.683
-208.98
-217.987
-194.885
-410.168
197.212
-1410.7
-795.006
-94.1994
-154.691
-246.863
-225.384
-236.014
-242.667
-230.051
-236.228
-211.071
-219.385
-189.123
-436.713
205.12
-1391.44
-795.169
-94.4209
-154.782
-247.099
-225.566
-236.022
-242.847
-229.453
-234.908
-210.437
-221.466
-188.015
-457.949
205.83
-1374.85
-795.515
-95.01
-155.069
-247.638
-226.097
-236.345
-243.634
-229.865
-235.66
-208.197
-221.288
-189.231
-478.815
211.897
-1361.49
-934.55
-139.065
-172.485
-286.594
-259.26
-268.623
-282.972
-259.711
-284.887
-224.072
-293.213
-173.837
-990.921
333.726
-1647.4
-934.515
-138.832
-172.366
-286.36
-258.887
-268.596
-282.295
-260.298
-283.141
-226.708
-288.274
-178.46
-898.196
329.025
-1686.9
-934.888
-138.7
-172.361
-286.304
-258.805
-268.787
-282.078
-261.121
-282.139
-227.36
-286.141
-185.22
-826.269
327.362
-1748.59
-935.282
-138.211
-172.312
-286.144
-258.522
-268.802
-281.299
-261.365
-278.046
-224.195
-278.286
-194.903
-693.017
308.033
-1798.42
-935.864
-137.83
-172.397
-286.118
-258.451
-269.006
-280.674
-261.796
-273.324
-224.999
-266.066
-211.241
-576.154
283.687
-1836.28
-936.334
-137.371
-172.469
-286.075
-258.317
-269.061
-280.017
-261.961
-272.797
-224.37
-260.352
-217.867
-521.02
263.373
-1833.72
-936.852
-137.163
-172.63
-286.187
-258.437
-269.369
-280.172
-262.696
-275.12
-229.522
-258.554
-219.89
-501.135
242.14
-1823.99
-937.185
-137.083
-172.74
-286.343
-258.559
-269.531
-280.101
-262.852
-275.066
-233.156
-259.591
-224.216
-493.184
237.043
-1813.77
-937.504
-137.266
-172.855
-286.619
-258.966
-269.983
-280.859
-263.044
-275.709
-229.747
-259.744
-221.886
-505.079
244.299
-1827.59
-937.74
-137.485
-172.961
-286.876
-259.305
-270.268
-281.407
-263.045
-274.96
-226.634
-263.536
-218.987
-525.926
266.466
-1836.28
-938.152
-137.815
-173.244
-287.374
-259.994
-270.907
-283.059
-264.191
-278.564
-227.611
-273.086
-212.339
-584.214
288.815
-1840.52
-938.503
-138.002
-173.392
-287.735
-260.501
-271.276
-284.453
-264.738
-283.52
-228.544
-287.073
-197.177
-706.905
314.23
-1801.57
-938.904
-138.472
-173.709
-288.316
-261.322
-271.95
-286.276
-265.694
-289.241
-232.669
-297.832
-188.708
-849.059
331.087
-1747.97
-939.088
-138.694
-173.839
-288.614
-261.708
-272.155
-287.101
-265.535
-291.064
-233.816
-301.245
-181.487
-915.524
329.096
-1684.81
-939.483
-139.25
-174.174
-289.227
-262.572
-272.825
-288.637
-266.018
-293.863
-232.93
-308.402
-178.756
-1007.69
329.238
-1642
-1087.31
-186.392
-195.417
-332.813
-304.73
-314.081
-343.399
-307.274
-373.172
-261.656
-464.051
-103.63
-1423.13
130.712
-1956.97
-1087.22
-186.183
-195.288
-332.514
-304.023
-313.619
-341.259
-306.964
-368.235
-266.432
-454.595
-121.958
-1405.45
179.464
-1969.22
-1087.65
-186.111
-195.287
-332.476
-303.85
-313.835
-340.578
-307.781
-366.358
-270.499
-443.671
-133.626
-1480.57
202.421
-2007.66
-1088.16
-185.592
-195.231
-332.315
-303.316
-313.68
-338.543
-307.933
-356.588
-275.265
-422.182
-182.079
-1379.11
287.333
-2240.32
-1088.92
-185.182
-195.337
-332.373
-303.166
-314.021
-337.259
-309.011
-343.202
-278.273
-386.155
-217.879
-1033.88
359.114
-2387.54
-1089.53
-184.609
-195.422
-332.415
-302.927
-314.139
-335.997
-310.146
-339.242
-277.849
-360.752
-250.811
-782.849
375.415
-2402.4
-1090.22
-184.359
-195.595
-332.637
-303.103
-314.64
-336.109
-311.289
-341.283
-278.144
-356.083
-266.77
-709.825
353.461
-2401.63
-1090.65
-184.261
-195.747
-332.874
-303.329
-314.951
-336.144
-311.893
-340.863
-280.069
-356.615
-275.626
-711.39
340.636
-2364.36
-1091.1
-184.519
-195.92
-333.238
-303.936
-315.628
-337.474
-312.558
-343.032
-277.409
-357.106
-267.771
-715.126
356.784
-2403.44
-1091.4
-184.789
-196.087
-333.534
-304.467
-316.049
-338.769
-312.743
-344.338
-278.053
-365.699
-252.758
-788.435
383.398
-2401.68
-1091.93
-185.152
-196.498
-334.149
-305.529
-316.981
-341.654
-313.455
-351.51
-280.085
-394.209
-219.78
-1045.66
368.271
-2384.77
-1092.42
-185.325
-196.696
-334.573
-306.344
-317.519
-344.254
-313.579
-364.447
-279.841
-437.046
-187.828
-1411.39
307.193
-2237.91
-1092.91
-185.857
-197.094
-335.308
-307.634
-318.633
-347.778
-314.792
-377.015
-277.002
-463.985
-138.326
-1521.53
218.851
-2007.28
-1093.12
-186.134
-197.266
-335.682
-308.258
-318.991
-349.379
-314.78
-381.226
-274.326
-477.38
-129.083
-1433.2
201.547
-1970.28
-1093.58
-186.778
-197.677
-336.469
-309.605
-320.273
-352.563
-316.441
-388.457
-272.539
-491.548
-115.238
-1458.95
148.986
-1945.84
-1245.89
-240.297
-221.274
-384.136
-357.148
-365.43
-417.695
-364.682
-485.313
-308.648
-629.418
-88.8013
-1047.51
177.624
-2881.04
-1245.71
-240.023
-221.076
-383.605
-355.813
-364.051
-412.433
-361.793
-479.911
-320.942
-610.028
-90.7897
-1229.24
34.0688
-2694.43
-1246.16
-240.007
-221.074
-383.562
-355.522
-364.262
-410.628
-362.074
-476.553
-333.953
-598.244
-87.1679
-1351.92
142.318
-2530.97
-1246.76
-239.419
-220.97
-383.3
-354.638
-363.778
-406.757
-360.546
-455.215
-341.752
-588.953
-131.493
-1738.43
64.9371
-2551.8
-1247.71
-238.971
-221.111
-383.439
-354.485
-364.391
-405.119
-361.954
-434.579
-346.337
-547.861
-235.572
-1543.98
234.612
-3059.95
-1248.49
-238.221
-221.202
-383.527
-354.156
-364.674
-403.194
-364.936
-421.438
-350.628
-491.655
-293.879
-1138.76
484.674
-3080.51
-1249.4
-237.893
-221.412
-383.888
-354.447
-365.569
-403.346
-367.995
-421.261
-356.346
-484.811
-342.94
-946.261
476.216
-3090.5
-1249.99
-237.704
-221.604
-384.205
-354.78
-366.048
-403.577
-368.847
-420.155
-357.274
-483.373
-359.832
-975.806
460.417
-3059.81
-1250.61
-238.028
-221.853
-384.735
-355.668
-367.059
-405.737
-370.009
-424.309
-357.44
-487.844
-344.799
-954.448
478.801
-3105.73
-1251.01
-238.397
-222.076
-385.138
-356.436
-367.57
-407.957
-369.331
-427.432
-354.592
-500.368
-298.373
-1142.15
495.906
-3087.3
-1251.67
-238.878
-222.652
-385.948
-357.971
-368.855
-412.439
-369.401
-443.468
-353.283
-561.028
-240.646
-1568.99
253.827
-3091.62
-1252.31
-239.118
-222.931
-386.487
-359.117
-369.528
-416.262
-369.008
-466.125
-350.177
-614.403
-137.09
-1830.45
81.1226
-2582.46
-1252.93
-239.811
-223.46
-387.504
-361.041
-371.298
-422.177
-371.954
-492.099
-345.018
-633.227
-96.1622
-1420.55
154.045
-2541.73
-1253.19
-240.188
-223.69
-388.001
-361.965
-371.85
-425.212
-372.934
-500.334
-334.526
-647.229
-103.746
-1295.98
53.151
-2654.54
-1253.74
-241.032
-224.247
-389.137
-364.108
-374.204
-431.596
-377.805
-509.687
-325.96
-676.046
-106.609
-1138.34
163.786
-2781.71
-1409.67
-303.647
-251.788
-443.428
-420.904
-425.802
-511.529
-437.928
-628.247
-386.068
-808.673
-232.902
-1094.7
847.319
-3998.01
-1409.36
-303.256
-251.441
-442.417
-418.439
-422.382
-500.832
-431.299
-616.341
-401.564
-785.726
-281.526
-1175.1
244.341
-4060.11
-1409.76
-303.311
-251.432
-442.299
-417.872
-422.023
-496.88
-428.199
-603.529
-409.858
-774.641
-243.941
-1295.81
158.083
-3597.95
-1410.39
-302.649
-251.23
-441.802
-416.39
-421.046
-490.278
-421.542
-577.013
-412.118
-768.978
-214.388
-1755.79
142.813
-3177.6
-1411.56
-302.158
-251.419
-442.01
-416.291
-422.171
-488.405
-420.944
-553.452
-425.564
-747.407
-367.137
-1962.94
360.829
-3711.52
-1412.54
-301.2
-251.496
-442.087
-415.865
-422.62
-486.642
-424.009
-534.78
-428.914
-669.206
-416.539
-1578.75
612.053
-3957.46
-1413.7
-300.773
-251.805
-442.631
-416.417
-424.125
-487.609
-430.596
-531.615
-444.236
-669.62
-475.544
-1249.96
685.304
-3942.69
-1414.49
-300.465
-252.047
-443.012
-416.89
-424.884
-488.278
-431.874
-529.671
-445.651
-671.137
-501.996
-1324.95
657.859
-3921.72
-1415.32
-300.874
-252.411
-443.794
-418.235
-426.383
-491.651
-433.982
-536.339
-447.021
-677.909
-474.222
-1261.8
702.379
-3967.65
-1415.86
-301.396
-252.701
-444.408
-419.337
-426.959
-494.704
-431.843
-543.936
-435.965
-688.104
-418.836
-1606.03
658.907
-3967.34
-1416.66
-302.066
-253.457
-445.517
-421.47
-428.623
-500.754
-431.455
-567.612
-435.181
-776.614
-368.145
-2018.52
391.955
-3795.87
-1417.47
-302.433
-253.857
-446.261
-423.007
-429.436
-505.661
-432.393
-596.327
-425.314
-813.578
-215.454
-1862.48
162.033
-3214.61
-1418.31
-303.33
-254.579
-447.719
-425.848
-432.062
-514.737
-439.995
-629.798
-425.21
-833.054
-249.114
-1365.36
192.02
-3579.84
-1418.65
-303.813
-254.888
-448.421
-427.247
-433.158
-520.201
-444.891
-648.77
-419.895
-850.624
-293.362
-1241.43
265.846
-3993.9
-1419.35
-304.93
-255.683
-450.154
-430.717
-437.618
-532.337
-455.219
-667.712
-408.815
-884.316
-249.465
-1171.67
821.218
-3935.64
-1573.97
-374.765
-283.603
-506.272
-490.496
-487.715
-616.992
-516.192
-803.679
-476.547
-1158.03
-465.34
-2054.05
1275.86
-4522.93
-1573.46
-374.152
-282.986
-504.47
-486.426
-481.072
-600.931
-506.974
-778.728
-487.439
-1110.65
-530.271
-1987.43
861.78
-4814.96
-1573.62
-374.261
-282.93
-504.122
-485.265
-479.031
-594.922
-500.362
-765.753
-495.743
-1119.03
-598.809
-1929.99
430.568
-4985.92
-1574.08
-373.546
-282.534
-503.192
-482.641
-477.164
-584.366
-490.97
-734.258
-500.858
-1050.75
-456.886
-2219.54
341.569
-4559.72
-1575.45
-373.02
-282.745
-503.46
-482.535
-479.555
-581.534
-490.018
-707.836
-528.291
-1032.66
-557.393
-2677.95
651.53
-4447.06
-1576.65
-371.838
-282.761
-503.463
-481.879
-480.482
-579.205
-489.834
-685.645
-532.277
-941.403
-624.968
-2283.14
783.542
-5123.8
-1578.07
-371.263
-283.189
-504.213
-482.803
-482.699
-581.468
-495.536
-683.718
-551.672
-941.912
-654.353
-1771.68
942.943
-5154.57
-1579.13
-370.801
-283.461
-504.629
-483.424
-483.807
-582.658
-496.503
-682.45
-553.33
-948.355
-698.595
-1866.96
908.389
-5130.99
-1580.24
-371.275
-283.989
-505.73
-485.459
-485.959
-588.098
-500.568
-693.946
-555.313
-957.614
-649.924
-1795.09
954.85
-5185.45
-1581.01
-371.955
-284.386
-506.65
-487.108
-486.699
-592.394
-498.593
-706.475
-540.402
-979.417
-611.976
-2350.79
787.896
-5164.73
-1582.03
-372.888
-285.346
-508.207
-490.134
-488.788
-601.232
-501.586
-738.678
-541.712
-1096.12
-553.639
-2788.11
639.502
-4519.61
-1583.05
-373.452
-285.927
-509.246
-492.223
-489.334
-608.165
-504.563
-772.995
-521.115
-1128.72
-449.63
-2276.2
312.795
-4605.08
-1584.19
-374.636
-286.959
-511.343
-496.48
-492.856
-621.682
-515.504
-814.369
-522.765
-1210.68
-608.134
-2007.12
432.868
-5011.64
-1584.7
-375.262
-287.395
-512.409
-498.697
-495.341
-629.803
-524.873
-834.924
-518.746
-1222.49
-565.481
-2116.18
844.928
-4820.18
-1585.61
-376.772
-288.562
-515.071
-504.033
-503.243
-648.24
-539.947
-868.933
-513.034
-1288.44
-508.852
-2228.97
1249.44
-4537.78
-1736.87
-464.842
-325.637
-583.243
-585.125
-571.967
-760.518
-614.285
-1058.76
-590.459
-1713.68
-586.495
-3555.37
1593.17
-5604.4
-1736.23
-464.028
-324.702
-580.566
-579.306
-562.169
-740.073
-602.792
-1023.73
-608.148
-1647.2
-700.57
-3530.56
1489.79
-5807.13
-1736.27
-464.146
-324.567
-579.857
-577.362
-557.656
-731.841
-593.932
-1011.43
-622.082
-1691.97
-908.18
-3329.05
1229.26
-6376.57
-1736.64
-463.399
-323.913
-578.287
-573.054
-552.95
-715.594
-583.966
-969.586
-620.188
-1507.03
-734.289
-3242.33
918.385
-6412.67
-1738.11
-462.868
-324.101
-578.531
-572.649
-556.194
-711.971
-585.783
-939.945
-655.22
-1462.42
-681.099
-3652.96
1163.52
-6140.46
-1739.51
-461.56
-324.053
-578.459
-571.723
-558.445
-708.151
-585.163
-906.211
-670.525
-1337.44
-801.741
-3190.03
1389.79
-6760.13
-1741.11
-460.892
-324.619
-579.455
-573.132
-561.9
-712.141
-590.135
-906.081
-686.657
-1329.93
-786.798
-2578.37
1482.29
-6819.13
-1742.38
-460.393
-324.945
-579.957
-573.963
-563.63
-713.91
-590.242
-903.877
-686.457
-1317.69
-857.407
-2608.14
1481.61
-6781.27
-1743.74
-460.96
-325.713
-581.441
-576.975
-566.692
-722.961
-595.522
-926.222
-687.785
-1337.26
-770.495
-2705.04
1508.84
-6821.32
-1744.81
-461.789
-326.307
-582.749
-579.488
-567.671
-729.701
-594.939
-949.47
-676.234
-1413.23
-751.358
-3548.58
1441.49
-6728.77
-1746.08
-463.003
-327.514
-584.901
-583.834
-569.985
-742.955
-599.941
-1000.43
-672.346
-1576.73
-552.14
-3999.81
1150.64
-6087.43
-1747.28
-463.813
-328.335
-586.336
-586.823
-569.966
-752.509
-602.146
-1042.62
-649.901
-1650.1
-667.777
-3375.35
987.669
-6442.73
-1748.71
-465.318
-329.789
-589.285
-593.114
-575.694
-772.124
-614.994
-1099.21
-658.726
-1884.16
-882.561
-3759.31
1265.62
-6266.57
-1749.42
-466.113
-330.4
-590.869
-596.444
-580.687
-783.573
-627.871
-1122.16
-650.198
-1894.33
-745.468
-4079
1585.97
-5628.48
-1750.52
-468.02
-332.021
-594.609
-603.885
-592.38
-807.784
-646.291
-1170.88
-637.824
-1993.31
-622.053
-4187.35
1720.63
-5405.17
-1885.94
-567.497
-368.634
-662.551
-679.298
-650.227
-896.056
-704.019
-1323.74
-709.512
-2256.38
-496.464
-4662.23
2242.12
-7285.54
-1885.13
-566.296
-367.246
-658.957
-671.587
-638.35
-871.424
-688.349
-1279.82
-743.421
-2197.04
-681.116
-5074.1
2003.73
-7343.36
-1885.01
-566.245
-366.955
-657.748
-668.734
-632.382
-860.479
-678.719
-1264.25
-760.274
-2233.21
-1058.11
-5327.45
1983.28
-7979.03
-1884.97
-565.364
-365.927
-655.254
-662.562
-623.923
-837.732
-667.789
-1207.41
-756.772
-1923.33
-798.659
-5048.3
1743.09
-8332.96
-1886.09
-564.83
-365.974
-655.041
-661.134
-625.102
-832.686
-673.664
-1181.99
-794.248
-1852.6
-582.572
-5336.83
1767.76
-8110.02
-1887.53
-563.374
-365.761
-654.567
-659.343
-626.992
-826.653
-674.149
-1138.94
-812.887
-1741
-868.972
-4677.04
2043.34
-9116.74
-1889.29
-562.499
-366.361
-655.596
-661.018
-631.519
-832.707
-680.58
-1146.11
-820.376
-1755.77
-814.864
-3822.23
2198.61
-9290.64
-1890.85
-561.885
-366.694
-656.136
-661.819
-633.474
-834.37
-678.652
-1136.58
-811.327
-1682.56
-883.381
-3792.62
2168.4
-9200.15
-1892.5
-562.486
-367.673
-657.998
-665.799
-637.563
-848.051
-683.91
-1172.9
-798.259
-1707.45
-783.24
-3999.26
2132.23
-9334.4
-1893.94
-563.469
-368.494
-659.752
-669.301
-638.939
-857.604
-683.219
-1211.37
-789.767
-1868.97
-805.84
-5180.15
1879.81
-9124.61
-1895.56
-565.073
-370.048
-662.763
-675.514
-642.238
-876.267
-689.253
-1287.59
-795.956
-2118.05
-505.433
-5512.01
1234.71
-8054.08
-1897.01
-566.273
-371.187
-664.956
-680.108
-643.488
-888.87
-689.681
-1331.86
-785.922
-2200.2
-766.312
-5211.71
1429.75
-8135.22
-1898.74
-568.282
-373.205
-669.114
-688.897
-653.115
-915.857
-704.757
-1407.28
-806.159
-2554.36
-1048.86
-5768.72
1493.14
-7749.88
-1899.7
-569.382
-374.072
-671.402
-693.551
-660.29
-931.227
-720.113
-1437.18
-799.388
-2595.84
-775.386
-5670.72
1604.54
-7016.52
-1901.04
-571.834
-376.297
-676.346
-703.412
-675.039
-961.273
-744.365
-1499.28
-773.388
-2710.07
-607.816
-5412.14
1866.75
-6908.57
-1996.53
-730.801
-445.539
-763.028
-848.629
-792.095
-1146.57
-842.461
-1719.47
-762.467
-2933.09
-148.745
-5608.44
3074.87
-10080.8
-1995.89
-729.628
-443.821
-759.337
-839.882
-780.822
-1119
-822.492
-1656.2
-794.599
-2821.48
-445.85
-6075.56
2505.79
-10153.1
-1995.82
-729.521
-443.397
-758.076
-836.209
-775.809
-1104.47
-812.676
-1628.88
-813.812
-2789.32
-938.362
-6938.65
2219.4
-10459.8
-1996.19
-728.554
-442.055
-755.296
-828.671
-766.852
-1075.19
-801.754
-1542.61
-841.941
-2437.97
-624.542
-6643.97
2269.99
-10462.9
-1997.6
-727.835
-441.864
-754.768
-825.823
-765.889
-1063.06
-809.986
-1514.86
-887.76
-2381.99
-379.406
-6647.63
2013.82
-10586.1
-1999.09
-726.452
-441.407
-753.984
-822.562
-765.908
-1050.15
-813.074
-1452.51
-930.682
-2252.78
-890.213
-6080.86
2683.13
-12209
-2000.75
-725.734
-441.918
-754.921
-823.869
-770.138
-1055.9
-819.766
-1468.46
-912.901
-2335.67
-832.592
-4998.14
3291.31
-12501.7
-2002.28
-725.462
-442.278
-755.587
-824.946
-771.902
-1058.39
-817.296
-1454.08
-918.773
-2258.75
-945.687
-5432.88
3391.21
-12211.9
-2003.95
-726.311
-443.506
-757.745
-830.397
-776.413
-1078.82
-819.712
-1508.96
-860.105
-2205.56
-733.118
-5715.78
2909.99
-12589.7
-2005.55
-727.583
-444.718
-759.884
-835.854
-778.405
-1096.23
-816.354
-1578.39
-849.652
-2553.78
-647.148
-7302.55
2213.09
-11546.6
-2007.32
-729.511
-446.803
-763.551
-844.878
-783.219
-1125.99
-816.868
-1692.87
-808.742
-2924.86
-302.733
-6893.84
1783.8
-10539
-2008.91
-731.077
-448.375
-766.41
-852.053
-786.955
-1148.74
-815.378
-1755.83
-795.562
-2984.79
-585.551
-7093.01
1897.39
-10322.2
-2010.64
-733.342
-450.947
-771.285
-863.225
-798.927
-1185.05
-834.03
-1861.74
-800.84
-3379.69
-675.115
-7618.24
2273.14
-10346.2
-2011.7
-734.665
-452.105
-773.915
-869.258
-806.469
-1205.14
-852.049
-1904.91
-803.879
-3460.58
-346.021
-7185.95
2719.69
-9526.04
-2012.98
-737.264
-454.881
-779.318
-880.779
-821.972
-1239.62
-884.954
-1987.02
-790.177
-3635.7
-124.853
-7086.31
3426.06
-9376.85
-2200.56
-3067.43
-3903.78
-4983.66
-6385.06
-8070.74
-10395.1
-13020.9
-16896.1
-20833.1
-28144.7
-31164.7
-57542.6
-42524
-138434
-873.892
-1108.59
-1276.83
-1600.95
-2021.73
-2522.94
-3238.66
-4001.97
-5272.79
-6421.11
-9376.1
-11283
-16899.7
-25954.1
-24728.6
-574.954
-779.742
-967.239
-1265.94
-1607
-2044.99
-2589.18
-3313.19
-4197.44
-5622.33
-7155.33
-10923.5
-13324.1
-27621.1
-6322.76
-871.616
-1198.68
-1522.86
-1971.58
-2516.6
-3203.73
-4043.18
-5092.54
-6318.15
-7962.68
-9789.51
-12196.1
-14691.7
-16122.3
-15430.6
-974.205
-1329.57
-1667.83
-2119.55
-2666.35
-3332.48
-4123.64
-5061.34
-6093.4
-7425.81
-8585.66
-10727.9
-10505.9
-14876.8
-14398.4
-880.528
-1249.09
-1608
-2083.65
-2656.72
-3329.6
-4086.05
-4902.34
-5740.48
-6745.1
-7537.5
-9114.52
-8512.57
-12672.3
-9259.33
-1311.27
-1812.82
-2266.56
-2798.81
-3408.59
-4090.22
-4819.47
-5570.29
-6349.84
-7238.3
-7929.24
-9363.99
-7803.19
-12164.3
-3164.68
-931.954
-1366.11
-1791.73
-2305.8
-2893.35
-3536.9
-4155.55
-4643.74
-5024.46
-5317.04
-5611.29
-5629.61
-3811.05
-5828.95
7725.14
-2021.36
-2744.99
-3363.88
-3931.36
-4561.51
-5169.89
-5608.65
-5956.29
-6425.63
-6757.12
-7673.75
-7905.19
-5603.81
-11078.8
-11432.9
-873.277
-1261.89
-1727.15
-2179.06
-2677.84
-3199.86
-3502.58
-3800.43
-3167.21
-2677.62
-3747.54
-2601.2
-1169.52
6087.19
26670.4
-3324.84
-4534.27
-5573.69
-6014.77
-6982.52
-7486.27
-7285.03
-6515.76
-5971.06
-7433.88
-11546.5
-15606.6
-17062
-13815.3
-13248.5
-201.887
-347.641
-512.744
-484.238
-735.072
-1013.76
-571.367
-961.612
2357.3
4758.44
1645.64
-5796.48
-10571.2
5956.18
34461.8
-4402.12
-7882.81
-10398.8
-10439.8
-14076.7
-14529.6
-12331.7
-4500.42
-3140.43
-3114.81
-23729
-32193.6
-28989.6
-26768
-29706.9
5764.36
7899.24
7892.06
7530.45
10353.3
9032.2
5221.72
9957.25
15104.3
15234.5
-1511.46
-2120.61
10616.2
36998.7
28259.5
-16390.5
-14747.4
-16564.5
-23255.7
-27875.4
-42322.3
-72840.7
-102337
-97325.8
-72707.8
-52281.6
-63978.5
-106474
-120363
-113574
-2199.64
-3065.9
-3901.4
-4980.51
-6380.61
-8065.28
-10386.8
-13009.7
-16876.3
-20804.2
-28086.8
-31119.1
-57109
-42204.4
-134286
-872.374
-1106.37
-1273.63
-1596.81
-2015.62
-2515.12
-3226.17
-3984.41
-5240.62
-6369.02
-9275.24
-11151.3
-16737.9
-25162
-24535.7
-572.612
-776.569
-963.251
-1260.99
-1600.74
-2037.31
-2578.56
-3298.14
-4171.89
-5581.21
-7090.27
-10828.3
-13218.8
-27171
-7612.62
-867.021
-1192.43
-1514.81
-1961.47
-2504.21
-3188.75
-4023.45
-5064.74
-6272.9
-7893.76
-9678.85
-12042.2
-14383.2
-15934.4
-15681.1
-963.069
-1315.44
-1650.88
-2099.95
-2644.11
-3307.43
-4092.99
-5019.58
-6022.85
-7327.8
-8433.03
-10549.8
-10184.7
-14698.9
-13133.9
-868.229
-1233.2
-1586.58
-2056.93
-2625.93
-3295.28
-4043.07
-4840.22
-5639.79
-6630.18
-7373.4
-8957.95
-8146.22
-12741.5
-8277
-1280.88
-1773.71
-2221.74
-2752.29
-3361.54
-4041.75
-4762.21
-5486.49
-6204.21
-7082.69
-7668.32
-9151.42
-7094.09
-12634.6
3543.84
-916.956
-1339.8
-1748.6
-2254.89
-2839.57
-3478.98
-4086.86
-4515.35
-4843.14
-5203.23
-5457.94
-5410.71
-2914.98
-5444.15
20919.6
-1955.72
-2653.61
-3270.87
-3857.76
-4500.03
-5116.08
-5535.73
-5824.91
-6300.47
-6706.09
-7398.93
-6954.83
-4136.18
-10170.9
-919.177
-898.148
-1264.68
-1704.69
-2193.94
-2708.74
-3213.02
-3656.3
-4267.23
-4182.72
-4108.79
-4674.85
-3632.9
-487.953
7511.3
24256.4
-3197.2
-4476.61
-5650.47
-6134.1
-7037.75
-7751.98
-8538.88
-9298.45
-9825.41
-10313.7
-15983.3
-23150.5
-19906.7
-17659.1
-6514.45
-615.716
-1071.15
-1352.29
-1318.08
-1439.7
-2035.08
-2053.86
-2587.06
-1700.78
-950.009
-6752.99
-9061.6
-11438.9
3023.32
21523.2
-5245.38
-9136.98
-12174.8
-12255.4
-15394.7
-16745.9
-17311.1
-17423.6
-25206.4
-20466.3
-29708.1
-32794
-31965.5
-22884.7
-29088.4
4269.04
5602.75
5296.43
4960.06
7492.6
7272.59
2730.67
-4131.86
-7769.21
-814.629
-1347.39
679.41
5732.69
34187.6
5779.32
-17077.5
-16087.6
-17493.7
-23899.8
-28158.4
-38432.9
-59792.9
-84526.9
-84436.5
-76264.9
-58477.6
-65489.8
-99175
-121230
-106354
-2199.31
-3065.21
-3900.08
-4978.71
-6377.85
-8061.86
-10381.2
-13001.9
-16863.2
-20783.1
-28046.2
-31067.2
-57031.7
-41967.1
-134532
-871.997
-1105.69
-1272.47
-1595.25
-2012.88
-2511.57
-3219.8
-3974.8
-5222.88
-6336.88
-9217.14
-11042.5
-16605.4
-24890.4
-24236.6
-571.734
-775.201
-961.498
-1258.7
-1598.03
-2033.99
-2574.51
-3291.88
-4163.08
-5563.49
-7067.46
-10779.5
-13129.1
-27061.4
-7070.16
-865.082
-1189.47
-1510.88
-1956.36
-2498.16
-3181.7
-4014.89
-5052.54
-6254.64
-7861.72
-9635.36
-11958.2
-14257.4
-15782.4
-15267.9
-957.093
-1307.94
-1642.1
-2089.93
-2633.34
-3296.03
-4080.81
-5003.77
-5997.13
-7288.86
-8389.83
-10470.3
-10119.5
-14652.7
-12780.3
-862.544
-1226.3
-1576.95
-2044.71
-2613.12
-3282.91
-4029.66
-4818.67
-5605.8
-6594.36
-7347.4
-8885
-8150.47
-12355.3
-7604.48
-1260.89
-1748.97
-2195.22
-2726.02
-3336.46
-4016.62
-4739.54
-5455.89
-6146.67
-7031.58
-7594.45
-9011.69
-6981.79
-12435.5
465.893
-915.521
-1331.49
-1729.98
-2234.06
-2822.42
-3467.71
-4083.22
-4446.21
-4744.6
-5193.7
-5468.9
-5398.1
-3034.39
-4524.79
14810.9
-1926.77
-2598.9
-3216.78
-3814.33
-4455.27
-5053.01
-5454.24
-5754.71
-6333.85
-6891.68
-7140.08
-6676.43
-4318.26
-8336.79
1506.29
-903.382
-1252.63
-1686.04
-2232.46
-2769.33
-3287.94
-4001.87
-4989.24
-5080.99
-4996.23
-5252.78
-3976.9
1027.49
10816.4
31474.9
-3035.83
-4258.1
-5733.49
-6270.84
-7141.69
-7957.12
-9370
-11392.8
-12787
-13868.4
-19004.2
-20228.5
-16683
-17706.3
-6467.45
-847.896
-928.224
-1357.11
-1783.08
-2237.4
-3008
-3333.88
-4491.06
-5143.85
-5586.67
-7946.67
-6627.9
-6051.33
2087.56
21702.1
-6599.58
-10425.5
-12381.3
-13746.1
-17617.6
-19151.1
-19848.5
-20000.8
-23086.9
-25249.7
-28030.6
-34611.8
-35817.7
-24003.2
-31129.3
3564.95
4493.94
3656.22
2099.49
3354.06
5173.04
3828.68
-1955.8
-3798.24
-3650.46
-1399.91
1183.64
8423.23
20848.5
11995.9
-17519.8
-16288.2
-17552.8
-23324.9
-27825.5
-34688.4
-48451.6
-64594.4
-66897.2
-63185.2
-59008.4
-72349.7
-94672.4
-127122
-108722
-2198.81
-3064.11
-3897.81
-4975.67
-6373.16
-8055.99
-10371.5
-12988.8
-16841.3
-20747.4
-27985
-30963.7
-56785.5
-41699.3
-133107
-871.057
-1104.36
-1270.4
-1592.54
-2008.32
-2505.72
-3209.2
-3959.09
-5193.33
-6287.09
-9125.6
-10892.9
-16358
-24289.8
-23788.2
-569.857
-772.491
-958.063
-1254.3
-1592.55
-2027.02
-2565.12
-3277.5
-4141.62
-5523.52
-7015.44
-10670
-13006.3
-26647.3
-7117.71
-861.37
-1183.99
-1503.75
-1947.21
-2487.02
-3168.23
-3997.52
-5027.17
-6216.55
-7796.08
-9546.23
-11790.6
-14021.8
-15324.7
-15062.3
-946.667
-1294.37
-1626.24
-2071.81
-2613.31
-3274.08
-4054.99
-4967.5
-5939.19
-7200.88
-8283.25
-10297.1
-9943.2
-14365.2
-12138
-852.576
-1212.39
-1558.07
-2020.65
-2586.04
-3254.26
-3994.08
-4763.45
-5522.4
-6492.98
-7238.22
-8720.94
-8025.81
-11823.4
-6889.34
-1222.2
-1701.27
-2146.74
-2680.4
-3292.48
-3975.18
-4692.62
-5371.96
-5991.02
-6862.05
-7396.38
-8807.69
-6732.44
-12240.4
-249.108
-919.526
-1319.63
-1694.34
-2187.55
-2774.3
-3424.65
-4009.59
-4212.89
-4463.14
-5024.87
-5317.41
-5358.89
-3033.67
-3383.64
12787.8
-1771.98
-2395.84
-3078.3
-3756.81
-4405.91
-5019.49
-5338.94
-5437.29
-5961.66
-6655.38
-6407.08
-6378.24
-4382.82
-5677.22
447.372
-919.044
-1215.13
-1627.16
-2220.95
-2736.06
-3188.89
-3835.91
-4476.05
-4599.58
-5335.07
-5064.12
-3428.04
2570.33
15527.3
30084
-2462.29
-3668.36
-5355.54
-6332.21
-7295.2
-9029.29
-12036.3
-14253.4
-15717
-17303.4
-19045.7
-17652.9
-12707.1
-14867.8
-12129.4
157.386
-63.9559
-822.87
-1595.81
-1927.63
-3180.87
-4715.04
-6062
-7309.27
-7307.98
-6696.31
-8820.69
-2928.7
2169.27
21091.7
-8613.86
-12373
-14664.5
-15635.5
-18732.7
-20485.3
-20147.9
-19601.5
-19986.2
-21622.4
-30280.9
-23210.6
-37980.1
-27894.7
-26289.6
2371.14
3484.53
2983.31
1519.37
272.057
891.227
3744.57
2398.59
335.917
122.448
-1712.33
5422.7
5709.43
12092.5
24452.2
-16144.5
-16487.7
-17123.3
-22102.1
-27132.6
-33703.8
-42250.3
-49550.6
-53217.7
-59851
-66339.2
-99391.3
-90055.2
-123747
-121516
-2199.48
-3064.45
-3896.54
-4974
-6369.75
-8051.53
-10363.2
-12977.2
-16821.8
-20712.7
-27927.1
-30860.9
-56612.8
-41328.8
-131897
-870.744
-1104.01
-1269.88
-1591.72
-2006.29
-2503.09
-3202.45
-3948.37
-5171.19
-6248.65
-9052.16
-10768.1
-16152
-23891.8
-24037.1
-569.28
-771.319
-956.399
-1251.86
-1589.46
-2022.63
-2559.3
-3267.43
-4129.44
-5493.78
-6988.43
-10580
-12945.8
-26440.3
-7353.09
-860.118
-1181.43
-1500.09
-1941.92
-2480.43
-3160.03
-3987.21
-5011.6
-6196.96
-7751.89
-9499.74
-11648.2
-13899.8
-14879.8
-14569.7
-941.258
-1286.28
-1616.23
-2059.46
-2599.87
-3259.71
-4039.39
-4947.76
-5913.93
-7151.21
-8251.51
-10159
-9969.43
-13928.1
-11352
-849.886
-1206.54
-1548.94
-2005.97
-2569.5
-3238.14
-3975.95
-4742.39
-5501.14
-6455.35
-7227.76
-8587.15
-8164.19
-11059.2
-5660.75
-1197.63
-1666.05
-2102.98
-2631.99
-3248.34
-3935.1
-4655.45
-5335.45
-5917.85
-6777.27
-7362.83
-8681.29
-7120.91
-11455.9
-194.699
-937.137
-1334
-1693.53
-2156.91
-2743.19
-3407.95
-3970.62
-4103
-4437.49
-5073.21
-5347.8
-5388.19
-3782.61
-2360.29
14282.8
-1719
-2250.34
-2829.13
-3527.54
-4225.49
-4834.06
-5030.22
-5282.28
-5667.35
-6255.09
-5995.19
-6328.14
-5119.97
-4067.04
-3862.92
-1075.69
-1419.92
-1744.1
-2292.23
-2763.99
-3299.75
-4113.85
-4741.96
-5330.15
-5362.48
-3818.98
-2512.42
2627.12
16989.5
17837.9
-2571.05
-3373.78
-4485.66
-5343.81
-6293.44
-7613.57
-11812.8
-16000.2
-16947.6
-16074.8
-13204.8
-10645.7
-10321.5
-14327.5
-18892.8
-526.433
-1174.52
-1472.27
-1940.28
-2114.92
-3857.44
-4932.77
-6565.45
-9676.06
-8263.76
-6198.92
-6720.52
-1395.24
-812.935
14831.3
-7845.55
-10074.1
-14509.6
-19450.6
-23200.6
-26099.9
-26825.7
-24771.8
-16594
-11126.1
-18749.8
-19431.3
-22523.3
-33326.6
-21751.3
3621.67
5458.02
5790.85
3838.71
2145.7
1590.26
3523.71
3162.83
4748.09
7538.94
6955.69
21238.6
13556.6
16669.4
41223.4
-17241.9
-18900.8
-20768.7
-23479.7
-28060.5
-36044.9
-43753.5
-49182.1
-59243
-69361.1
-84164.8
-100151
-126992
-125093
-131155
-2200.94
-3066.5
-3897.17
-4975.64
-6367.08
-8047.7
-10354
-12964.2
-16798.1
-20673
-27854.2
-30746.4
-56382.7
-40912.8
-130584
-869.676
-1102.58
-1268.52
-1589.66
-2004.31
-2500.82
-3195.34
-3937.55
-5145.83
-6208.54
-8963.03
-10637
-15876.4
-23501.1
-23623.1
-568.574
-770.108
-954.823
-1249.48
-1586.26
-2017.56
-2552.05
-3254.34
-4112.95
-5453.74
-6952.36
-10455
-12899.7
-26152.9
-7305.59
-858.75
-1178.68
-1496.32
-1936.63
-2473.75
-3151.16
-3975.04
-4991.97
-6171.73
-7693.97
-9440.44
-11459.2
-13776.4
-14234.4
-13802.5
-936.036
-1278.01
-1606.27
-2047.34
-2586.48
-3244.42
-4020.36
-4921.38
-5879.44
-7082.02
-8203.67
-9967.38
-10038.9
-13199.2
-10370.3
-847.766
-1198.61
-1537.67
-1990.19
-2551.41
-3217.75
-3949.02
-4709.76
-5457.73
-6376.04
-7177.9
-8378.61
-8381.25
-10017.7
-4016.87
-1173.11
-1630.7
-2065.09
-2591.53
-3210.34
-3896.29
-4610.01
-5284.03
-5816.06
-6632.76
-7304.8
-8534.51
-7805.58
-10264.1
-117.253
-941.577
-1327.65
-1678.98
-2125.86
-2702.94
-3356.14
-3879.64
-3980.51
-4263.31
-4864.51
-5247.13
-5307.7
-4801.35
-2109.26
16202.7
-1617.61
-2136.01
-2697.37
-3387.09
-4092.76
-4667.8
-4806.97
-5298.94
-5673.65
-6226.03
-6459.98
-6966.3
-5856.17
-4492.62
-5288.5
-1086.25
-1472.12
-1806.23
-2243.63
-2738.27
-3166.9
-3973.65
-4779.56
-4927.08
-4727.23
-3293.37
-2899.15
2135.04
15808.3
10368.9
-2287.03
-2879.96
-3614.96
-4448.61
-5381.49
-6371.55
-8860.57
-11771.2
-12809.5
-11122.9
-8426.92
-7810.25
-7811.37
-13358.2
-19644.9
-790.097
-960.332
-1103.95
-1984.51
-2844.21
-4125.47
-5347.97
-6939.55
-8055.01
-6064.02
-3862.51
-5341.48
309.157
-1783.92
16867.4
-7080.66
-8112.03
-10258.5
-14275.9
-17818.7
-19460
-21110.9
-20175.8
-18215.5
-18605.2
-19354.4
-16597.9
-18504.6
-37539.4
-15749.9
4253.87
3962.67
4416.75
3915.35
4005.21
4976.81
6283.63
6615.8
7569.62
5141.95
12984.8
19339.4
29758.4
-24493
47187.6
-18930.3
-20568.9
-22540.1
-27848.8
-34671.4
-43633.5
-49742
-52966.5
-61236.3
-70770.6
-80576.1
-97185.3
-119991
-137932
-139426
-2202.84
-3070.06
-3901.08
-4982.85
-6370.07
-8048.53
-10346.8
-12953.2
-16775.7
-20636.5
-27777.2
-30642.6
-56155.7
-40478.4
-129421
-868.742
-1100.91
-1266.45
-1586.49
-2003.01
-2500.24
-3191.13
-3931.37
-5124.98
-6178.51
-8880.71
-10526.5
-15624.3
-23243.3
-23116.1
-568.927
-770.329
-955.061
-1249.31
-1585.76
-2015.12
-2547.84
-3244.46
-4102.57
-5420.53
-6930.36
-10339.6
-12895.4
-25946.9
-7270.24
-859.511
-1179.12
-1496.51
-1935.87
-2472.21
-3147.7
-3969.48
-4981.82
-6163.36
-7658.44
-9408.88
-11286.7
-13685
-13521.9
-12747.5
-936.654
-1277.54
-1604.74
-2043.72
-2581.88
-3238.35
-4013.18
-4916.52
-5887.34
-7068.43
-8217.11
-9802.06
-10204.8
-12400.6
-9292.8
-851.788
-1200.96
-1538.08
-1986.22
-2545.37
-3209.3
-3945.19
-4731.58
-5515.02
-6420.47
-7247.08
-8206.3
-8731.16
-8932.43
-2323.76
-1173.98
-1627.41
-2055.24
-2574.64
-3196.03
-3888.35
-4635.71
-5402.34
-6050.44
-6868.8
-7545.92
-8489.42
-8722.93
-9296.28
-343.723
-951.846
-1338.9
-1683.21
-2115.95
-2683.8
-3339.84
-3967.06
-4372.58
-4718.25
-5174.95
-5446.32
-5386.65
-5916.95
-2699
13142.7
-1609.43
-2117.85
-2656.28
-3341.85
-4106.45
-4786.74
-5430.72
-6378.86
-6571.79
-6864.56
-7024.26
-7445.23
-6617.05
-6521.6
-4733.41
-1078.08
-1510.68
-1800.88
-2240.93
-2746.44
-3417.92
-4591.65
-5135.68
-5217.8
-4829.98
-3209.9
-3333.93
1161.12
13333.5
6482.04
-2599.27
-3182.86
-3862.62
-4870.15
-5859.85
-6999.58
-8255.4
-7932.94
-8235.95
-8801.64
-8343.32
-8661.54
-8519.75
-13800.7
-20705.2
-892.254
-1097.56
-1528.91
-2397.22
-3503.27
-4399.96
-4401.03
-3644.65
-4101.15
-4454.99
-5001.49
-5822.73
1068.97
-1154.1
19531
-5329.74
-6600.93
-7196.24
-8715.03
-9300.81
-8701.86
-10338.3
-14217.1
-21332.6
-29866.3
-26288.6
-16440.9
-24962.6
-47511.8
-5298.62
4499.61
3403.02
3148.53
4802.75
8893.45
9829.08
6304.31
-679.006
-6911.46
-12781.5
-7890.08
12157.8
28694.8
-43967.6
38055.2
-19385.6
-22100
-25903
-32512
-39957.1
-50045
-57544.6
-61597.1
-71384.5
-75974.3
-91060
-100673
-116489
-125615
-163378
-2204.51
-3073.18
-3905.41
-4991.24
-6378.4
-8057.72
-10341.7
-12944
-16751.9
-20604.4
-27678.3
-30617.7
-55881.5
-40056.1
-128261
-868.08
-1099.62
-1263.85
-1582.63
-1999.61
-2497.28
-3187.63
-3927.37
-5103.06
-6154.02
-8785.03
-10402.5
-15364.9
-23041
-22269.9
-569.234
-770.671
-955.458
-1249.66
-1586.22
-2013.87
-2544.44
-3233.97
-4089.94
-5383.58
-6900.5
-10220.5
-12883.7
-25753.9
-7238.37
-860.095
-1180.16
-1498
-1937.32
-2473.46
-3147.12
-3965.68
-4970.88
-6150.08
-7615.86
-9357.49
-11092.2
-13498.5
-12750.1
-11496.5
-937.602
-1278.69
-1605.56
-2043.49
-2580.85
-3234.95
-4004.24
-4901.46
-5874.34
-7030.19
-8193.21
-9597.73
-10296.4
-11679.7
-8541.71
-852.544
-1202.3
-1539.85
-1987.1
-2545.44
-3206.06
-3934.56
-4721.82
-5516.93
-6408.04
-7257.03
-7987.62
-9027.93
-8080.03
-1309.32
-1175.33
-1627.38
-2048.92
-2562.26
-3182.6
-3871
-4598.24
-5366.37
-6082.25
-6925.43
-7653.07
-8410.41
-9627.78
-9265.16
-1628.24
-945.542
-1331.9
-1672.68
-2102.93
-2664.29
-3302.86
-3895.58
-4396.19
-4837.38
-5342.01
-5651.64
-5570.32
-6960.23
-4391.17
2000.76
-1574.23
-2070.03
-2562.36
-3225.48
-4019.7
-4713.77
-5222.52
-5922.31
-6581.38
-7224.61
-7542.66
-8072.68
-8178.95
-9934.48
-7839.01
-1091.67
-1506.02
-1741.63
-2133.52
-2601.87
-3094.8
-3733.47
-4447.87
-4895.23
-4957.31
-3934.67
-3907.7
414.427
10642.7
2224.59
-2464.18
-3120.01
-3667.26
-4600.24
-5847.43
-6662.57
-7980.35
-8742.79
-9175.8
-10093.4
-9749.88
-10606.5
-11552
-16601.6
-24435.3
-866.657
-767.788
-950.26
-1548.3
-2773.47
-3638.59
-4269.48
-4078.13
-4728.16
-4304.65
-4633.19
-6132.31
-875.55
-4470.8
19761.3
-8014.41
-9096.79
-9046.93
-11018.5
-12410.3
-12499.7
-15200.9
-21844.5
-32231.3
-28544.4
-26669
-14654.7
-37229.7
-58971
2403.71
3162.23
1078.34
395.797
589.151
1352.6
2079.91
366.562
-6984.24
-14149
-14108.1
-13055.7
2632.63
21453.3
-24945.5
53264.5
-16141
-16709.1
-20864.8
-27400.5
-34242.4
-44628.6
-50406.8
-49323.6
-51148.3
-53001.4
-72376.5
-89674.4
-109824
-101751
-185139
-2206.26
-3076.2
-3909.54
-4999.01
-6387.86
-8073.98
-10340.9
-12939.6
-16729.4
-20582.4
-27547.1
-30715.5
-55605.9
-39683.1
-127257
-868.702
-1100.35
-1263.56
-1581.56
-1996.31
-2492.6
-3186.26
-3927.01
-5083.45
-6139.98
-8676.31
-10243.7
-15139.8
-22875.7
-21277.5
-570.585
-772.442
-957.453
-1251.8
-1588.63
-2015.4
-2544.07
-3226.33
-4080.33
-5351.1
-6867.4
-10108.3
-12843.8
-25614
-7200.64
-862.418
-1184.26
-1503.6
-1943.88
-2480.47
-3152.71
-3968.58
-4968.17
-6145.21
-7586.15
-9302.31
-10899.8
-13174.6
-12078.4
-10057.7
-943.894
-1287.69
-1615.51
-2053.48
-2590.59
-3242.65
-4007.82
-4902.64
-5877.59
-7015.42
-8170.99
-9412.86
-10239.2
-11197.5
-7801.85
-856.41
-1211.69
-1553.71
-2003.2
-2562.73
-3220.99
-3947.37
-4743.94
-5553.61
-6444.39
-7295.7
-7821.93
-9176.36
-7463.87
-170.239
-1199.42
-1660.07
-2079.55
-2588.12
-3208.12
-3892.33
-4621.68
-5415.1
-6174
-7059.57
-7808.26
-8481.15
-10203.1
-9942.18
-3344.95
-937.031
-1335.12
-1690.38
-2127.86
-2699.42
-3337.76
-3943.6
-4513.38
-5022.67
-5643.46
-6007.51
-5936.14
-7561.62
-6266.41
-11165.9
-1611.78
-2148.94
-2641.54
-3295.35
-4114.32
-4801.55
-5358.63
-6076.7
-6758.21
-7656.32
-8072.1
-8813.8
-9862.95
-12913.9
-14890.1
-939.889
-1430.6
-1765.73
-2220.03
-2693.45
-3250.12
-3794.08
-4201.4
-4798.33
-5202.04
-4559.41
-4442.62
-1006.47
7037.13
324.233
-2571.34
-3409.2
-3813.24
-4921
-6405.08
-7963.38
-8745.33
-9085.3
-9425.01
-10771.4
-11182.6
-12584.3
-14721.8
-21727.5
-31090.7
-838.688
-1381.7
-1839.74
-2682.64
-3728.88
-4602.93
-4898.03
-4803.75
-5332.58
-5742.66
-6101.72
-6173.93
-2262.73
-7726.32
15596.3
-6247.52
-6185.26
-7721.25
-10070.5
-10070.5
-12118.7
-17675.6
-20585.9
-26768.5
-26283.8
-25214.9
-12380.1
-49551.5
-67926
-3302.14
4145.85
3200.37
3589.63
3992.15
6859.3
5921.93
-1217.39
-4573.43
-6585.7
-5514.85
-4789.79
1432.33
13289.9
-11049.5
57676.1
-18616
-20628.3
-25331.3
-31227.6
-41592.3
-51946
-53823.1
-46588.2
-43144.4
-41322.6
-57389.2
-84832.8
-95867.8
-86570.7
-195119
-2207.97
-3079.03
-3913.04
-5005.36
-6395.29
-8089.99
-10344.1
-12940.3
-16706.3
-20570
-27383.9
-30843
-55359.9
-39338
-126306
-869.997
-1102.31
-1265.23
-1583.21
-1994.85
-2488.9
-3185.76
-3928.33
-5064.76
-6133.17
-8559.76
-10081
-14954.3
-22675.7
-20373.8
-572.131
-774.596
-959.915
-1254.34
-1591.26
-2017.49
-2544.67
-3219.59
-4070.71
-5318.51
-6825.87
-9980.47
-12747.2
-25416.7
-7073.4
-864.881
-1189.06
-1510.52
-1952.51
-2490
-3161.15
-3973.84
-4966.97
-6138.55
-7553.43
-9231.38
-10680.3
-12726.8
-11490.1
-8824.32
-950.871
-1298.43
-1627.83
-2066.22
-2602.69
-3251.9
-4010.75
-4899.69
-5867.66
-6985.38
-8116.21
-9218.63
-10006.8
-10860.5
-7139.85
-858.083
-1222.07
-1570.9
-2024.31
-2584.7
-3237.36
-3953.17
-4748.19
-5555.27
-6445.94
-7285.07
-7631.01
-9053.41
-6897.85
561.153
-1227.39
-1705
-2121.02
-2616.95
-3223.67
-3888.21
-4597.25
-5400.17
-6172.56
-7110.79
-7882.34
-8597.5
-10434.3
-10646.2
-5403.95
-926.533
-1354.56
-1718.78
-2149.67
-2713
-3309.69
-3871.3
-4464.56
-5028.19
-5828.7
-6297.79
-6266.35
-7713.82
-8040.94
-17697.3
-1783.01
-2375.18
-2760.97
-3261.75
-3955.4
-4514.86
-5061.93
-5965.72
-6832.92
-8040.09
-8550.66
-9835.55
-11268.7
-15568.2
-20838.2
-859.397
-1284.07
-1536.14
-1933.37
-2399.68
-2757.99
-3179.81
-3632.86
-4539.92
-5496.73
-5273.03
-5270.59
-2863.38
2730.44
1088.13
-3231.3
-4030.95
-3730.67
-4155.44
-5337.78
-6211.57
-7199.58
-8745.76
-9830.86
-11269.9
-12893.9
-14525.6
-18382.1
-27680.6
-36518.4
-920.419
-1708.53
-1947.05
-2573.73
-4240.76
-5305.94
-4894.07
-4264.52
-6184.86
-6915.69
-7119.76
-4906.63
-3477.77
-9788.72
11293.3
-9243.25
-9431.52
-10952.8
-14068.2
-17456
-13947.5
-19419.9
-23449.6
-29173.3
-28541.3
-25127.6
-11768.7
-56732.6
-66248.6
-14267.1
3046.98
3928.72
5012.27
5119.15
9101.99
10020.6
-134.876
-7294.17
-6600.47
-2893.83
-1661.97
2959.88
9072.02
-1070.35
58190.7
-17283.4
-18867.8
-24277.4
-32341.2
-41407.8
-57064.6
-72409.8
-58967.9
-43504
-39830.4
-55689.5
-84836.2
-70567.3
-82218.7
-202650
-2210.02
-3082.4
-3916.89
-5011.42
-6401.73
-8104.35
-10352.8
-12947.1
-16683.5
-20566.9
-27215.8
-30921.1
-55131.9
-38977.5
-125309
-872.159
-1105.67
-1269.06
-1588.01
-1997.27
-2489.86
-3186.12
-3931.44
-5049.01
-6130.05
-8461.47
-9953.05
-14806.1
-22423.3
-19621.9
-574.815
-778.259
-964.125
-1258.77
-1595.64
-2021.2
-2547.15
-3215.44
-4062.91
-5287.26
-6783.85
-9843.04
-12594
-25089.6
-6762.63
-869.391
-1196.63
-1520.87
-1965.3
-2504.14
-3174.96
-3985.26
-4972.87
-6137.82
-7524.52
-9161.75
-10442.3
-12248
-10849.2
-7201.55
-962.528
-1315.27
-1647.36
-2087.47
-2624.25
-3271.31
-4025.47
-4910.11
-5867.38
-6962.82
-8055.59
-9014.28
-9676.32
-10671.7
-6205.7
-863.46
-1238.8
-1597.45
-2058.87
-2623.57
-3274.04
-3985.48
-4784.1
-5581.47
-6469.9
-7276.16
-7408.84
-8747.54
-5637.51
3149.08
-1272.5
-1771.51
-2190.31
-2683.83
-3284.94
-3933.71
-4632.63
-5443.43
-6208.81
-7200.65
-7973.68
-8702.84
-10482
-11390.9
-7264.35
-912.104
-1372.98
-1777.27
-2241.96
-2817.32
-3394.06
-3943.07
-4555.44
-5122.02
-6110.22
-6636.4
-6569.36
-7820.16
-9596.61
-18965.2
-2021.77
-2735.94
-3110.78
-3553.38
-4165.25
-4572.57
-5064.14
-5982.3
-6983.89
-8533.61
-8925.57
-10863
-12697.1
-18890.3
-24394.9
-759.908
-1357.23
-1850.83
-2272.15
-2639.47
-2834.24
-3187.47
-3610.48
-4601.07
-6071.14
-6356.89
-6445.41
-4237.41
-715.677
2696.26
-4009.69
-5564.21
-5403.55
-5385.66
-5605.26
-5501.76
-6236.23
-7769.73
-10088.9
-12685.4
-15402.9
-17418.5
-20951.8
-32979
-41009.8
-558.282
-2381.41
-3476.37
-4232.74
-5376.82
-7199.74
-4863.11
-3582.14
-7906.87
-9275.76
-9274.96
-4769.26
-3382.9
-11829.5
7750.03
-9796.12
-10149
-14278.8
-20536.7
-26718.3
-22187.5
-18711.2
-26603.2
-36472.2
-32362.3
-28409.3
-13382.7
-50299.9
-56618.2
-17618.1
730.197
-312.73
2376.97
5331.5
8714.68
13250.6
12200.1
-6033.24
-5641.4
-1275.08
-5071.19
4485.13
8256.27
8720.1
48108.2
-14201.9
-19135.9
-24700.5
-31896.8
-41254.4
-55504.4
-74105.3
-78767.4
-55080.9
-50161.3
-64266.9
-85840.1
-63048.6
-80143.5
-214354
-2211.96
-3085.69
-3920.52
-5016.58
-6406.53
-8115.14
-10362.8
-12960.1
-16662.8
-20570
-27069.2
-30943.2
-54957.2
-38591.5
-124385
-874.062
-1108.87
-1273.1
-1593.56
-2001.39
-2493.44
-3185.87
-3933.5
-5036.78
-6128.43
-8391.98
-9846.94
-14661.6
-22178.5
-18990.5
-577.095
-781.577
-968.064
-1262.89
-1599.65
-2024.3
-2549.61
-3212.48
-4057.3
-5258.82
-6748.65
-9694.1
-12424.2
-24719.8
-6588.55
-873.423
-1203.61
-1530.5
-1977.36
-2517.84
-3188.55
-3997.63
-4980.56
-6139.7
-7497.75
-9102.08
-10211.6
-11810.8
-10204.7
-6092.28
-972.719
-1329.8
-1664.36
-2106.45
-2643.98
-3289.14
-4039.37
-4920.01
-5862.5
-6933.44
-7982.63
-8783.28
-9222.71
-10556
-5510.89
-869.159
-1253.74
-1620.25
-2089.38
-2659.3
-3307.92
-4016.42
-4816.34
-5593.29
-6480.99
-7246.94
-7179.29
-8253.57
-4326.14
3257.44
-1308.57
-1818.5
-2240.98
-2739.12
-3338.79
-3975.94
-4667.66
-5473.72
-6198.51
-7245.12
-8018.62
-8714.66
-10114
-12777.4
-8462.57
-900.894
-1388.93
-1820.38
-2317.34
-2909.92
-3471.24
-4019.46
-4623.06
-5127.57
-6344.45
-6788.07
-6864.25
-7877.16
-10180.3
-13657.3
-2117.91
-2832.77
-3257.14
-3757.15
-4351.93
-4732.74
-5215.92
-6010.14
-6963.66
-8966.14
-8978.64
-11784.8
-14110.9
-21688.9
-24685.6
-791.016
-1414.17
-1921.25
-2455.1
-2853.79
-2942.65
-3194.04
-3325.89
-4342.25
-6392.86
-7266.51
-8137.96
-5074.05
-1961.29
674.258
-3484.35
-4993.15
-5760.84
-6417.16
-6744.44
-6235.46
-6382.53
-7135.11
-9788.69
-14228.1
-17833.7
-21736.7
-22491.6
-41113.2
-52962
-397.453
-1629.38
-2367.37
-3763.6
-4676.66
-8769.61
-7127.68
-2239.84
-6030.39
-10704.9
-12203.6
-6870.66
-1683.44
-12585.2
10771.8
-10355.8
-10772.2
-15181.9
-21481.2
-26979.1
-28768.7
-21082.1
-25595.9
-43229.7
-38125.8
-24212.8
-18734.1
-46479.2
-51760.2
-31153.8
1609.81
27.0766
649.245
2056.76
2660.61
4820.01
15733
2045.24
-7447.45
-6530.8
-4346.89
9347.04
8191.28
11151.2
35707.7
-12532.7
-14982.3
-20479.9
-29835.2
-40306.7
-59281.5
-75137.3
-96670.1
-71619.9
-61779.8
-78384.9
-83523.7
-64680.1
-83923.5
-216683
-2214.15
-3089.48
-3924.92
-5022.32
-6411.48
-8124.21
-10370.5
-12977.6
-16646.5
-20576.4
-26938.9
-30941.6
-54800.7
-38286.7
-123717
-876.632
-1112.97
-1278.31
-1600.86
-2007.94
-2500.57
-3186.55
-3934.02
-5026.21
-6124.28
-8340.38
-9747.11
-14507
-21957.2
-17801.5
-580.426
-786.232
-973.588
-1268.9
-1605.45
-2029.02
-2552.99
-3210.85
-4051.14
-5229
-6708.27
-9537.01
-12207.3
-24339.9
-6488.29
-879.715
-1213.15
-1542.89
-1992.42
-2534.73
-3205.68
-4014.06
-4992.53
-6144.45
-7469.26
-9038.97
-9973.91
-11325.8
-9555.19
-4459.03
-987.175
-1349
-1686.64
-2131.23
-2670.07
-3313.84
-4061.24
-4938.74
-5863.1
-6901.2
-7889.53
-8486.87
-8565.76
-10056.1
-2995.94
-883.663
-1276.85
-1650.9
-2127.69
-2704.35
-3354.53
-4067.9
-4875.34
-5626.19
-6510
-7217.82
-6971.23
-7580.61
-2085.15
5533.62
-1354.43
-1875.1
-2301.24
-2804.14
-3407.91
-4041.57
-4742.09
-5551.31
-6216.15
-7322.34
-8071.4
-8495.54
-9446.99
-13194
-5291.17
-915.968
-1433.22
-1882.54
-2403.86
-3024.61
-3599.06
-4205.17
-4825.31
-5252.25
-6759.03
-6778.45
-7174.35
-7694.72
-10018.9
-3867.4
-2262.78
-2979.25
-3392.01
-3917.31
-4547.54
-4980.95
-5581.2
-6267.34
-7056.27
-9466.57
-8642.23
-12573
-14700.5
-23954.9
-30035.8
-856.445
-1501.82
-1986.33
-2594.5
-3169.44
-3412.81
-3846.98
-3648.27
-4576.54
-7189.9
-8266.66
-9971.13
-5884.79
-2857.81
-5710.97
-4341.35
-5300.24
-5650.16
-6433.18
-7214.52
-7586.54
-7740.06
-7762.5
-10220.9
-14947.9
-18891.7
-25301.2
-26283.9
-44757.1
-63442.5
-689.223
-1526.58
-1742.5
-2790.94
-4558.12
-8081.23
-9329.05
-1736.82
-2998.99
-9505.59
-11834.9
-9918.97
-3981.23
-10150.3
17791.1
-10249.2
-10584.2
-12661.8
-17580.3
-23500.3
-32069.4
-25720.2
-25919.6
-43727.4
-38554.1
-21400.6
-30628.1
-54130.2
-62241.4
-44662.1
2236.15
1223.25
2796.73
4876.78
8070.05
2306.82
8686.1
18378.4
-5087.84
-3505.48
4968.39
8928.99
10963.2
14012.3
27086.7
-12729.9
-14782.3
-21238.4
-32169
-43906.4
-56293.2
-85121.4
-102788
-94410.2
-69066.8
-86111.8
-86658.9
-75017.9
-99909
-224022
-2215.52
-3091.96
-3927.9
-5026.1
-6414.43
-8129.54
-10374.3
-12992.3
-16633.7
-20589.9
-26808.7
-31033.6
-54405.7
-38082.7
-123393
-878.247
-1115.62
-1281.72
-1605.83
-2012.71
-2506.1
-3186.46
-3933.23
-5022.07
-6130.25
-8313.53
-9732.74
-14527.5
-21926.9
-16528.8
-582.196
-788.81
-976.76
-1272.25
-1608.77
-2031.14
-2555.29
-3209.93
-4051.86
-5212.11
-6699.1
-9402.01
-12189.3
-23927.2
-6402.94
-883.422
-1218.91
-1550.55
-2001.82
-2545.64
-3216.83
-4025.72
-5001.96
-6151.71
-7451.6
-9013.24
-9778.99
-11031
-9334.17
-3746.32
-995.843
-1360.34
-1699.79
-2145.71
-2685.49
-3328.14
-4074.9
-4951.22
-5862.09
-6875.29
-7820.27
-8170.8
-7934.12
-9315.49
305.627
-893.303
-1290.65
-1668.97
-2150.23
-2731.98
-3382.59
-4101.72
-4914.96
-5643.24
-6536.9
-7228.73
-6743.84
-7155.34
-4112
6259.57
-1381.23
-1908.61
-2337.29
-2841.7
-3446.49
-4074.38
-4789.95
-5600.35
-6208.98
-7390.11
-8085.32
-8060.51
-9044.16
-13924.7
-7190.74
-934.453
-1463.84
-1918.99
-2451.61
-3094.68
-3677.82
-4343.48
-4959.75
-5296.36
-7181.88
-6348.79
-7423.36
-7520.59
-9289.63
9726.54
-2314.74
-3063.11
-3492.95
-4026.76
-4648.74
-5075.65
-5851.68
-6410.47
-7123.25
-9959.88
-7875.98
-12848.4
-15685.5
-24538.6
-26697.3
-894.853
-1533.59
-1990.44
-2597.67
-3285.45
-3703.33
-4471.77
-3777.16
-4719.08
-7696.87
-9389.96
-11868.1
-9762.14
-3306
-15708.5
-4477.93
-5439.86
-5934.46
-6763.65
-7314.19
-7619.08
-8887.42
-7925.37
-11913
-16707.1
-21609.6
-29472.1
-30593.2
-40128
-77999.8
-608.027
-1433.11
-1535.61
-2020.99
-2879.32
-6001.06
-11538.1
-593.393
-2185.15
-11045.7
-13579.9
-14792.7
-6933.26
-13649
16377.5
-9725.45
-10735
-12884.3
-16973.6
-22065.4
-30152.8
-34138.7
-22028.8
-52622
-43462.5
-21295.2
-47661.5
-57082.8
-75630.8
-94171
3276.96
2446.52
3747.48
5891.24
9137.77
1294.35
-3577.39
28570.5
-14188.6
-4477.54
1787.53
-2358.39
6364.82
10594.8
30619
-11893.3
-14762.7
-21779
-31497.3
-39756.7
-55639.5
-94265.7
-107694
-110218
-71077
-90474.6
-86893.9
-82270.5
-115189
-198192
-2217.19
-3094.92
-3931.73
-5031.06
-6418.64
-8135.58
-10377.5
-13002.1
-16622.5
-20598.7
-26733.6
-30962.7
-54286.7
-38723.9
-123654
-881.146
-1119.98
-1287.05
-1613.23
-2019.87
-2515.24
-3188.79
-3935.78
-5010.95
-6121.19
-8288.46
-9715.22
-14084.8
-20478.1
-14255.1
-585.658
-793.529
-982.366
-1278.67
-1615.03
-2036.39
-2558.56
-3208.38
-4046.66
-5185.67
-6668.27
-9297.95
-11946.2
-23644.4
-5082.67
-890.096
-1228.33
-1562.44
-2016.07
-2561.56
-3233.01
-4041.68
-5013.79
-6158.52
-7419.47
-8967.39
-9482.46
-10658.1
-8638.36
-3104.07
-1010.12
-1379.04
-1721.84
-2170.33
-2711.47
-3352.39
-4097.21
-4969.62
-5860.34
-6827.25
-7713.6
-7678.65
-7340
-8067.16
677.059
-911.334
-1315.16
-1699.78
-2187.16
-2775.58
-3428.2
-4158.13
-4979.7
-5680.01
-6567.65
-7224.16
-6356.82
-6757.64
-4248.26
2191.94
-1419.04
-1958.83
-2395.27
-2905.3
-3514.98
-4132.74
-4868.91
-5682.35
-6211.38
-7506.79
-7853.49
-7969.14
-8583.12
-12832.9
-4268.98
-970.159
-1516.06
-1982.62
-2527.27
-3196.12
-3790.39
-4582.21
-5213.19
-5527.95
-7797.42
-5880.62
-7961.18
-7420.82
-8122.91
886.683
-2395.7
-3182.24
-3634.02
-4190.27
-4843.71
-5218.92
-6256.13
-6641.61
-7281.96
-9920.31
-7749.77
-13560.3
-16501.3
-28896.5
-52630.5
-911.658
-1586.41
-2049.11
-2638.37
-3379.92
-3862.4
-5499.34
-4450.65
-5831.54
-8697.03
-10278.4
-12528.2
-10471.8
-5335.29
-18895.7
-4678.15
-5669.95
-6170.97
-7118.74
-7941.54
-7815.04
-11092.8
-8592.02
-10948.6
-15594.4
-21597.3
-28378.1
-30017.3
-37148.3
-75141.7
-275.101
-1093.19
-1097.79
-1364.96
-2056.05
-2906.76
-11772
-2869.01
-3250
-9379.83
-8068.95
-10570
-4382.07
-19098.1
145.317
-9493.14
-10577.7
-12130.3
-15292.3
-19994
-23960.4
-46338.9
-15444.1
-38730.7
-54162.4
-48770.2
-66456.5
-67472
-46212.7
-59226.7
4447.42
4191.58
6585.86
9728.09
12209.2
11738.3
-8383.8
14704.5
-1016.51
4340.72
-3613.12
-11150.6
-12748.1
10271.1
95746.8
-11472.6
-14920.8
-22535.6
-32095
-36970.7
-54986.9
-84797.9
-127210
-157962
-80517.9
-68807.3
-71580.7
-93741.7
-181055
-243115
)
;

boundaryField
{
    outletsourceFace
    {
        type            zeroGradient;
    }
    outletdestinationFace
    {
        type            zeroGradient;
    }
    outletFace
    {
        type            zeroGradient;
    }
    outletWall
    {
        type            fixedValue;
        value           uniform 0;
    }
    inletFace
    {
        type            zeroGradient;
    }
    inletWall
    {
        type            fixedValue;
        value           uniform 5;
    }
    inletsourceFace
    {
        type            zeroGradient;
    }
    inletdestinationFace
    {
        type            zeroGradient;
    }
}


// ************************************************************************* //
