/*--------------------------------*- C++ -*----------------------------------*\
| =========                 |                                                 |
| \\      /  F ield         | OpenFOAM: The Open Source CFD Toolbox           |
|  \\    /   O peration     | Version:  4.1                                   |
|   \\  /    A nd           | Web:      www.OpenFOAM.org                      |
|    \\/     M anipulation  |                                                 |
\*---------------------------------------------------------------------------*/
FoamFile
{
    version     2.0;
    format      ascii;
    class       volScalarField;
    location    "26";
    object      p;
}
// * * * * * * * * * * * * * * * * * * * * * * * * * * * * * * * * * * * * * //

dimensions      [0 2 -2 0 0 0 0];

internalField   nonuniform List<scalar> 
6750
(
-103.337
-50.9615
-119.347
-121.007
-139.793
-146.683
-152.81
-156.668
-158.839
-157.799
-159.202
-153.262
-159.163
-79.1182
-171.213
-103.174
-50.446
-118.968
-120.877
-140.056
-147.022
-153.233
-156.723
-158.81
-157.776
-159.237
-153.458
-158.993
-78.5544
-171.182
-103.024
-49.9687
-118.688
-120.85
-140.293
-147.29
-153.565
-156.708
-158.769
-157.765
-159.288
-153.447
-158.85
-78.0109
-171.193
-102.837
-49.3316
-118.314
-120.806
-140.588
-147.613
-153.909
-156.752
-158.725
-157.771
-159.348
-153.293
-158.793
-77.6278
-171.033
-102.671
-48.6428
-117.962
-120.796
-140.868
-147.895
-154.214
-156.915
-158.823
-157.89
-159.33
-152.585
-158.651
-77.309
-170.87
-102.543
-47.9512
-117.617
-120.781
-141.124
-148.178
-154.669
-157.237
-158.804
-157.951
-159.243
-152.844
-158.658
-76.9573
-170.696
-102.491
-47.3876
-117.338
-120.755
-141.283
-148.391
-154.939
-157.179
-158.82
-158.021
-159.015
-153.316
-158.593
-76.6181
-170.522
-102.516
-47.2307
-117.261
-120.749
-141.341
-148.484
-155.11
-157.304
-158.764
-157.957
-159.133
-153.605
-158.569
-76.3438
-170.431
-102.595
-47.524
-117.432
-120.796
-141.305
-148.451
-155.072
-157.347
-158.803
-157.964
-159.144
-153.366
-158.527
-76.4983
-170.174
-102.748
-48.1456
-117.772
-120.857
-141.169
-148.286
-154.772
-157.284
-158.835
-157.984
-159.18
-152.682
-158.455
-76.7512
-169.966
-102.961
-48.8762
-118.173
-120.91
-140.949
-148.02
-154.352
-157.064
-158.898
-158.025
-159.433
-152.628
-158.38
-76.9608
-169.793
-103.193
-49.5807
-118.565
-120.95
-140.692
-147.752
-154.03
-156.946
-158.914
-158.036
-159.487
-153.251
-158.438
-77.1747
-169.655
-103.429
-50.2198
-118.971
-121.024
-140.42
-147.449
-153.729
-156.97
-159.064
-158.205
-159.532
-153.78
-158.498
-77.4845
-169.589
-103.61
-50.6946
-119.271
-121.07
-140.197
-147.193
-153.437
-157.052
-159.116
-158.366
-159.528
-153.915
-158.621
-77.9855
-169.42
-103.799
-51.2036
-119.671
-121.224
-139.952
-146.871
-153.027
-157.043
-159.24
-158.504
-159.455
-153.793
-158.765
-78.511
-169.306
-141.534
-36.5778
-122.465
-120.731
-140.439
-147.074
-153.18
-156.838
-159.203
-157.863
-159.819
-152.378
-165.9
-60.1774
-239.461
-141.345
-36.0827
-122.033
-120.532
-140.727
-147.443
-153.675
-156.921
-159.17
-157.841
-159.842
-152.545
-165.676
-59.6157
-239.506
-141.19
-35.7072
-121.775
-120.481
-140.958
-147.674
-153.997
-156.899
-159.127
-157.829
-159.889
-152.455
-165.45
-59.1191
-239.678
-140.998
-35.1623
-121.378
-120.386
-141.258
-147.989
-154.359
-156.947
-159.074
-157.81
-159.968
-152.33
-165.374
-58.7016
-239.444
-140.855
-34.5927
-121.003
-120.344
-141.532
-148.237
-154.642
-157.059
-159.184
-157.874
-160.007
-151.62
-165.144
-58.3714
-239.233
-140.772
-34.0154
-120.603
-120.297
-141.784
-148.493
-155.077
-157.372
-159.14
-157.892
-159.951
-151.888
-165.173
-58.0044
-238.99
-140.787
-33.538
-120.25
-120.254
-141.932
-148.675
-155.336
-157.284
-159.223
-157.938
-159.842
-152.234
-165.119
-57.6836
-238.765
-140.85
-33.3989
-120.146
-120.241
-141.984
-148.753
-155.486
-157.413
-159.101
-157.912
-159.753
-152.466
-165.046
-57.4071
-238.718
-140.913
-33.6345
-120.37
-120.291
-141.95
-148.721
-155.442
-157.431
-159.122
-157.93
-159.795
-152.328
-165.017
-57.5202
-238.233
-141.05
-34.1441
-120.785
-120.365
-141.819
-148.582
-155.154
-157.388
-159.144
-157.943
-159.774
-151.738
-164.862
-57.7081
-237.833
-141.264
-34.7433
-121.242
-120.449
-141.603
-148.339
-154.746
-157.179
-159.211
-157.98
-160.019
-151.594
-164.715
-57.8884
-237.502
-141.508
-35.313
-121.65
-120.519
-141.348
-148.1
-154.434
-157.062
-159.174
-157.948
-160.004
-152.14
-164.793
-58.0658
-237.218
-141.771
-35.8568
-122.079
-120.647
-141.073
-147.804
-154.112
-157.053
-159.287
-158.049
-160.051
-152.585
-164.877
-58.3519
-237.105
-141.967
-36.2284
-122.353
-120.716
-140.852
-147.581
-153.819
-157.126
-159.298
-158.14
-160.069
-152.723
-165.073
-58.7632
-236.684
-142.192
-36.721
-122.807
-120.944
-140.589
-147.234
-153.345
-157.08
-159.463
-158.285
-160.073
-152.68
-165.258
-59.2432
-236.408
-206.325
-6.93632
-125.578
-120.622
-141.483
-148.053
-154.187
-157.344
-159.919
-158.123
-161.026
-150.414
-177.494
-18.172
-361.899
-206.093
-6.58965
-125.129
-120.31
-141.762
-148.43
-154.728
-157.471
-159.877
-158.106
-161.015
-150.511
-177.107
-17.6
-361.997
-205.934
-6.42875
-124.916
-120.217
-141.962
-148.596
-154.993
-157.431
-159.822
-158.089
-161.016
-150.344
-176.591
-17.0632
-362.362
-205.756
-6.10953
-124.49
-120.026
-142.236
-148.888
-155.353
-157.488
-159.745
-158.055
-161.07
-150.263
-176.497
-16.6399
-361.892
-205.681
-5.80495
-124.073
-119.931
-142.474
-149.076
-155.579
-157.519
-159.802
-158.034
-161.126
-149.608
-176.117
-16.3311
-361.521
-205.711
-5.44357
-123.573
-119.829
-142.693
-149.29
-155.934
-157.764
-159.705
-157.99
-161.05
-149.834
-176.112
-15.9361
-361.069
-205.848
-5.09977
-123.078
-119.766
-142.809
-149.42
-156.141
-157.661
-159.736
-157.986
-161.015
-149.951
-175.987
-15.5738
-360.62
-205.941
-4.98649
-122.912
-119.745
-142.843
-149.477
-156.248
-157.768
-159.66
-157.999
-160.854
-150.108
-175.695
-15.1953
-360.577
-205.943
-5.12859
-123.237
-119.794
-142.822
-149.443
-156.2
-157.747
-159.666
-158.007
-160.894
-150.028
-175.79
-15.2878
-359.614
-206.022
-5.42246
-123.788
-119.882
-142.714
-149.339
-155.962
-157.746
-159.686
-158.034
-160.817
-149.639
-175.563
-15.4152
-358.819
-206.224
-5.74639
-124.352
-120.019
-142.528
-149.132
-155.613
-157.57
-159.738
-158.049
-160.999
-149.441
-175.313
-15.5335
-358.119
-206.481
-6.0215
-124.792
-120.137
-142.299
-148.941
-155.34
-157.471
-159.646
-157.993
-160.864
-149.837
-175.385
-15.5827
-357.48
-206.79
-6.32775
-125.244
-120.364
-142.052
-148.666
-155.009
-157.412
-159.679
-158.006
-160.855
-150.121
-175.424
-15.7329
-357.244
-207.017
-6.48182
-125.464
-120.47
-141.855
-148.497
-154.75
-157.469
-159.638
-158.009
-160.831
-150.214
-175.858
-16.0784
-356.352
-207.31
-6.83753
-125.934
-120.822
-141.611
-148.149
-154.241
-157.365
-159.802
-158.094
-160.821
-150.238
-176.142
-16.4333
-355.772
-273.739
19.4075
-123.116
-123.123
-142.777
-150.258
-156.192
-158.708
-161.199
-159.041
-162.467
-149.828
-186.598
31.4514
-501.134
-273.523
19.5515
-122.768
-122.751
-142.975
-150.583
-156.676
-158.861
-161.165
-159.053
-162.44
-149.902
-185.984
31.8933
-501.271
-273.414
19.5195
-122.604
-122.637
-143.118
-150.692
-156.85
-158.804
-161.093
-159.035
-162.4
-149.821
-184.973
32.3942
-501.868
-273.317
19.5538
-122.219
-122.389
-143.313
-150.935
-157.155
-158.858
-161.031
-159.025
-162.422
-149.773
-184.896
32.6472
-501.082
-273.427
19.5709
-121.79
-122.27
-143.482
-151.066
-157.308
-158.833
-161.017
-158.94
-162.423
-149.269
-184.381
32.8019
-500.494
-273.642
19.6524
-121.22
-122.144
-143.623
-151.231
-157.549
-158.96
-160.87
-158.825
-162.266
-149.36
-184.253
33.1104
-499.675
-273.879
19.6814
-120.605
-122.09
-143.683
-151.314
-157.678
-158.863
-160.818
-158.741
-162.143
-149.263
-183.929
33.4932
-498.871
-273.972
19.6478
-120.377
-122.068
-143.688
-151.347
-157.728
-158.898
-160.717
-158.727
-161.962
-149.367
-183.213
34.0978
-498.693
-273.867
19.6543
-120.783
-122.108
-143.691
-151.31
-157.682
-158.855
-160.699
-158.719
-162.011
-149.196
-183.517
34.1409
-497.049
-273.831
19.7438
-121.431
-122.18
-143.629
-151.231
-157.51
-158.884
-160.75
-158.773
-161.956
-148.988
-183.256
34.1049
-495.566
-273.963
19.8646
-122.062
-122.336
-143.513
-151.059
-157.244
-158.752
-160.786
-158.749
-162.063
-148.813
-182.847
34.1388
-494.218
-274.183
19.9932
-122.509
-122.465
-143.339
-150.91
-157.031
-158.68
-160.675
-158.708
-161.9
-149.027
-182.832
34.3541
-492.909
-274.492
19.9867
-122.923
-122.75
-143.171
-150.677
-156.732
-158.59
-160.604
-158.641
-161.83
-149.122
-182.667
34.6234
-492.31
-274.718
20.0157
-123.083
-122.872
-143.02
-150.553
-156.538
-158.627
-160.538
-158.588
-161.76
-149.046
-183.485
34.4739
-490.636
-275.034
19.8189
-123.447
-123.291
-142.864
-150.261
-156.089
-158.485
-160.632
-158.591
-161.751
-149.001
-183.872
34.5043
-489.55
-352.711
23.7679
-118.529
-130.476
-145.539
-154.351
-159.868
-161.654
-163.887
-161.488
-165.379
-153.785
-197.719
69.3647
-672.067
-352.554
23.9439
-118.35
-130.121
-145.64
-154.61
-160.248
-161.795
-163.848
-161.485
-165.213
-153.83
-196.792
69.64
-672.034
-352.537
23.9637
-118.267
-130.01
-145.727
-154.681
-160.333
-161.71
-163.717
-161.42
-165.065
-153.92
-195.373
69.984
-672.524
-352.627
24.052
-118.009
-129.771
-145.824
-154.866
-160.554
-161.738
-163.68
-161.435
-165.039
-153.845
-195.188
70.4944
-671.399
-352.882
23.9946
-117.664
-129.663
-145.914
-154.954
-160.634
-161.678
-163.616
-161.332
-164.965
-153.443
-194.462
70.8163
-670.379
-353.139
23.8022
-117.18
-129.547
-145.964
-155.069
-160.77
-161.693
-163.377
-161.139
-164.684
-153.402
-194.059
71.0657
-668.877
-353.408
23.391
-116.638
-129.506
-145.964
-155.116
-160.825
-161.588
-163.231
-160.988
-164.423
-153.222
-193.456
71.3854
-667.227
-353.502
23.0924
-116.428
-129.491
-145.937
-155.118
-160.819
-161.529
-163.014
-160.89
-164.2
-153.331
-192.306
71.9452
-666.307
-353.366
23.2326
-116.794
-129.536
-145.971
-155.084
-160.779
-161.486
-162.976
-160.853
-164.249
-153.006
-192.692
72.5913
-663.762
-353.261
23.6855
-117.357
-129.588
-145.961
-155.016
-160.656
-161.531
-163.097
-160.94
-164.267
-152.791
-192.468
72.6698
-661.12
-353.337
24.1622
-117.888
-129.728
-145.927
-154.874
-160.46
-161.43
-163.157
-160.886
-164.33
-152.641
-192.076
72.4967
-658.577
-353.505
24.5378
-118.245
-129.834
-145.819
-154.746
-160.301
-161.369
-163.049
-160.822
-164.186
-152.734
-192.064
72.471
-655.946
-353.777
24.6134
-118.544
-130.107
-145.746
-154.562
-160.059
-161.266
-162.867
-160.668
-164.102
-152.693
-191.725
72.7068
-654.525
-353.97
24.6186
-118.629
-130.219
-145.641
-154.46
-159.925
-161.281
-162.784
-160.6
-164.1
-152.435
-192.818
72.9493
-652.028
-354.263
24.3254
-118.841
-130.631
-145.589
-154.235
-159.572
-161.145
-162.796
-160.563
-164.205
-152.25
-193.33
73.5424
-650.271
-447.164
3.56775
-116.663
-144.696
-151.105
-161.16
-166.234
-167.111
-169.311
-166.761
-172.229
-165.79
-221.45
83.3175
-883.374
-447.151
3.97191
-116.594
-144.391
-151.134
-161.363
-166.507
-167.235
-169.265
-166.8
-171.912
-165.916
-220.155
83.0384
-883.303
-447.271
4.21899
-116.576
-144.276
-151.18
-161.412
-166.522
-167.121
-169.069
-166.688
-171.568
-166.047
-218.204
82.7147
-883.828
-447.395
4.4816
-116.462
-144.066
-151.203
-161.543
-166.653
-167.108
-169.026
-166.686
-171.334
-165.944
-217.393
83.556
-882.342
-447.618
4.46934
-116.295
-143.959
-151.237
-161.605
-166.674
-167.037
-168.922
-166.56
-171.112
-165.571
-216.119
84.1072
-880.941
-447.839
4.23379
-116.036
-143.86
-151.223
-161.675
-166.732
-166.97
-168.534
-166.288
-170.625
-165.406
-215.181
84.5073
-878.368
-448.073
3.69154
-115.725
-143.837
-151.187
-161.694
-166.735
-166.837
-168.25
-166.064
-170.196
-165.227
-214.081
84.8314
-875.605
-448.163
3.33114
-115.606
-143.847
-151.141
-161.666
-166.684
-166.675
-167.896
-165.871
-169.948
-165.34
-212.735
85.1469
-873.004
-448.136
3.52125
-115.841
-143.904
-151.199
-161.65
-166.663
-166.647
-167.862
-165.746
-169.912
-164.754
-212.617
86.6693
-869.051
-448.151
4.00494
-116.153
-143.956
-151.225
-161.595
-166.571
-166.721
-168.091
-165.881
-170.002
-164.31
-212.331
87.1211
-864.645
-448.268
4.38651
-116.442
-144.092
-151.257
-161.483
-166.429
-166.626
-168.215
-165.81
-170.073
-164.07
-211.987
87.3328
-860.268
-448.42
4.63961
-116.63
-144.188
-151.203
-161.363
-166.315
-166.553
-168.155
-165.766
-170.015
-163.932
-212.04
87.78
-855.764
-448.662
4.53916
-116.808
-144.437
-151.211
-161.224
-166.144
-166.433
-167.906
-165.553
-170.057
-163.862
-211.945
88.6576
-852.414
-448.819
4.43045
-116.84
-144.545
-151.142
-161.128
-166.06
-166.425
-167.839
-165.433
-170.103
-163.446
-213.267
89.7831
-847.711
-449.083
3.96481
-116.968
-144.921
-151.178
-160.971
-165.82
-166.313
-167.826
-165.286
-170.203
-162.942
-213.733
91.6764
-844.288
-554.848
-26.4098
-121.22
-166.381
-161.469
-172.23
-177.251
-176.278
-180.381
-175.917
-186.892
-186.196
-270.69
76.7836
-1157.92
-554.825
-26.0435
-121.168
-166.12
-161.437
-172.377
-177.373
-176.366
-180.077
-176.029
-186.278
-186.554
-267.571
78.2357
-1156.56
-554.948
-25.815
-121.144
-165.993
-161.445
-172.41
-177.316
-176.237
-179.684
-175.971
-185.918
-187.617
-265.416
79.472
-1154.76
-555.045
-25.5605
-121.098
-165.804
-161.425
-172.497
-177.34
-176.222
-179.537
-176.16
-185.513
-187.451
-262.759
81.4733
-1151.6
-555.255
-25.5484
-121.054
-165.692
-161.424
-172.541
-177.312
-176.193
-179.397
-176.063
-184.9
-187.329
-259.967
83.078
-1148.53
-555.454
-25.6492
-120.988
-165.609
-161.389
-172.572
-177.314
-176.1
-178.866
-175.787
-184.17
-187.463
-257.975
83.9284
-1143.73
-555.703
-25.9036
-120.936
-165.603
-161.348
-172.572
-177.29
-175.953
-178.457
-175.502
-183.532
-187.25
-255.987
84.3794
-1138.7
-555.887
-26.0144
-120.931
-165.641
-161.311
-172.52
-177.212
-175.665
-178.019
-175.162
-183.394
-187.702
-254.515
84.2601
-1132.71
-556.025
-25.8762
-121.02
-165.712
-161.39
-172.541
-177.239
-175.697
-178.069
-175.005
-183.211
-186.713
-253.76
84.9161
-1126.46
-556.143
-25.6586
-121.103
-165.784
-161.448
-172.512
-177.181
-175.779
-178.385
-175.14
-183.415
-186.15
-253.825
84.4093
-1118.29
-556.296
-25.6112
-121.217
-165.947
-161.535
-172.44
-177.098
-175.655
-178.615
-175.024
-183.631
-185.387
-254.282
82.8556
-1110.66
-556.432
-25.6186
-121.297
-166.073
-161.535
-172.329
-177.03
-175.5
-178.609
-174.903
-183.993
-185.179
-255.768
81.3491
-1101.93
-556.649
-25.8977
-121.44
-166.334
-161.625
-172.243
-176.971
-175.279
-178.439
-174.329
-184.021
-184.448
-256.894
80.6635
-1096.06
-556.77
-26.051
-121.482
-166.463
-161.607
-172.154
-176.961
-175.253
-178.615
-174.118
-184.134
-183.078
-258.86
80.9294
-1090.96
-557.016
-26.5366
-121.632
-166.832
-161.746
-172.087
-176.897
-175.215
-178.834
-173.836
-184.344
-182.226
-261.213
82.8164
-1086.24
-673.589
-57.4601
-132.086
-194.52
-178.999
-189.643
-196.013
-191.676
-202.423
-192.422
-219.057
-216.26
-366.357
88.4479
-1500.35
-673.643
-57.1801
-132.022
-194.288
-178.878
-189.684
-195.886
-191.579
-201.535
-192.407
-217.714
-216.506
-358.224
86.4616
-1501.23
-673.87
-56.9686
-131.964
-194.143
-178.821
-189.665
-195.694
-191.349
-200.68
-192.086
-216.128
-217.358
-349.858
87.8662
-1502.29
-674.017
-56.7596
-131.94
-193.968
-178.745
-189.679
-195.511
-191.211
-199.894
-192.279
-214.932
-219.301
-342.753
90.0986
-1496.07
-674.275
-56.7202
-131.948
-193.859
-178.703
-189.687
-195.384
-191.249
-199.511
-192.466
-213.654
-219.48
-336.061
91.3477
-1490.82
-674.506
-56.6876
-131.984
-193.801
-178.663
-189.681
-195.312
-191.137
-198.758
-192.004
-212.101
-219.897
-331.562
92.6471
-1480.62
-674.798
-56.7258
-132.065
-193.823
-178.638
-189.667
-195.278
-191.011
-198.221
-191.698
-211.266
-220.103
-327.564
92.7414
-1470.82
-675.045
-56.7035
-132.116
-193.883
-178.643
-189.615
-195.207
-190.626
-197.728
-191.12
-211.014
-220.534
-326.323
92.2828
-1459.57
-675.273
-56.7023
-132.134
-193.977
-178.767
-189.699
-195.357
-190.78
-197.998
-191.075
-210.986
-219.282
-324.897
92.4969
-1446.32
-675.456
-56.725
-132.133
-194.091
-178.886
-189.732
-195.414
-190.87
-198.545
-191.197
-211.35
-217.816
-326.671
92.181
-1432.36
-675.666
-56.8909
-132.224
-194.305
-179.063
-189.746
-195.494
-190.743
-199.106
-191.139
-212.553
-216.784
-329.408
93.9493
-1421.27
-675.823
-57.0347
-132.297
-194.488
-179.168
-189.697
-195.575
-190.477
-199.426
-190.726
-213.476
-214.146
-333.656
99.2791
-1410.36
-676.066
-57.3763
-132.463
-194.805
-179.4
-189.734
-195.803
-190.367
-200.028
-190.249
-214.938
-212.76
-341.179
106.127
-1404.05
-676.185
-57.5218
-132.531
-194.974
-179.483
-189.715
-195.97
-190.473
-200.741
-190.128
-215.965
-211.38
-349.014
109.643
-1387.12
-676.453
-57.9589
-132.721
-195.373
-179.794
-189.825
-196.225
-190.695
-201.472
-189.922
-216.43
-209.593
-354.406
118.812
-1373.58
-805.451
-89.9953
-147.353
-228.846
-206.164
-216.187
-226.366
-215.694
-239.189
-215.063
-273.392
-234.581
-514.257
111.495
-1970.83
-805.594
-89.7571
-147.304
-228.648
-205.95
-216.099
-225.928
-215.383
-237.354
-215.425
-270.881
-239.879
-489.96
110.489
-1954.98
-805.94
-89.5274
-147.228
-228.496
-205.815
-215.995
-225.555
-215.072
-236.004
-215.771
-268.983
-246.879
-479.365
108.79
-1947.12
-806.156
-89.3468
-147.23
-228.362
-205.68
-215.938
-225.127
-214.792
-234.502
-215.97
-265.465
-248.162
-462.156
112.843
-1933.92
-806.498
-89.2829
-147.26
-228.291
-205.594
-215.896
-224.845
-214.846
-233.562
-216.459
-262.799
-254.392
-447.393
117.86
-1922.83
-806.801
-89.199
-147.34
-228.291
-205.564
-215.897
-224.733
-214.937
-232.674
-216.679
-260.445
-257.483
-437.484
117.823
-1904.4
-807.167
-89.1922
-147.466
-228.362
-205.595
-215.901
-224.717
-214.932
-231.911
-216.34
-258.601
-258.011
-426.915
119.682
-1892.44
-807.475
-89.1849
-147.557
-228.454
-205.691
-215.901
-224.721
-214.596
-231.379
-216.016
-259.172
-259.738
-428.67
116.255
-1868.87
-807.779
-89.2939
-147.613
-228.581
-205.899
-216.067
-225.082
-214.874
-232.007
-215.86
-258.804
-257.427
-427.717
113.973
-1852.16
-808.028
-89.4318
-147.642
-228.739
-206.124
-216.192
-225.38
-214.914
-233.057
-215.792
-260.758
-256.118
-436.045
109.173
-1824.37
-808.322
-89.699
-147.757
-229.017
-206.448
-216.329
-225.728
-214.633
-234.086
-214.926
-262.512
-248.801
-443.379
106.127
-1805.56
-808.546
-89.8861
-147.841
-229.262
-206.713
-216.397
-226.095
-214.319
-235.17
-214.475
-266.31
-245.928
-456.132
102.337
-1784.93
-808.867
-90.2479
-148.029
-229.649
-207.15
-216.625
-226.737
-214.369
-236.388
-213.184
-268.335
-239.458
-469.079
105.632
-1760.77
-809.02
-90.3911
-148.102
-229.86
-207.375
-216.731
-227.164
-214.619
-237.586
-212.705
-270.005
-228.899
-487.275
107.722
-1752.25
-809.342
-90.8231
-148.316
-230.309
-207.912
-217.096
-227.877
-215.149
-239.14
-212.327
-271.906
-225.04
-517.345
113.639
-1741.64
-948.847
-127.275
-165.303
-269.017
-242.457
-252.368
-271.376
-251.012
-299.129
-249.21
-378.325
-248.699
-886.45
168.924
-2596.5
-949.095
-127.067
-165.266
-268.865
-242.163
-252.142
-270.419
-250.36
-294.709
-248.948
-366.789
-251.445
-745.391
179.307
-2630.21
-949.566
-126.817
-165.174
-268.732
-241.95
-251.93
-269.688
-249.866
-291.604
-249.258
-354.841
-263.122
-646.171
188.806
-2614.72
-949.878
-126.654
-165.2
-268.664
-241.758
-251.807
-268.898
-249.472
-288.908
-250.563
-347.775
-285.344
-612.25
190.344
-2559.68
-950.326
-126.592
-165.24
-268.652
-241.642
-251.708
-268.369
-249.447
-286.975
-251.135
-341.094
-287.383
-589.369
184.248
-2526.55
-950.727
-126.526
-165.339
-268.73
-241.648
-251.739
-268.146
-249.776
-285.318
-251.724
-336.424
-296.291
-573.054
188.102
-2486.26
-951.188
-126.582
-165.476
-268.882
-241.777
-251.801
-268.181
-250.032
-284.425
-252.441
-334.281
-300.393
-561.113
181.877
-2453.77
-951.586
-126.658
-165.597
-269.051
-242.004
-251.903
-268.342
-249.758
-283.752
-252.297
-335.202
-302.134
-562.746
175.504
-2406.41
-952.005
-126.858
-165.721
-269.247
-242.358
-252.199
-269.118
-250.296
-285.335
-252.446
-337.223
-299.428
-575.981
162.532
-2356.11
-952.367
-127.043
-165.819
-269.464
-242.758
-252.483
-269.945
-250.401
-287.499
-251.453
-340.158
-291.358
-587.694
159.199
-2302.44
-952.782
-127.361
-165.999
-269.824
-243.327
-252.855
-270.971
-250.331
-290.462
-251.033
-347.164
-288.611
-592.532
180.448
-2307.05
-953.092
-127.583
-166.12
-270.134
-243.824
-253.13
-271.944
-249.982
-292.85
-249.104
-351.816
-264.445
-622.362
215.435
-2309.14
-953.493
-128.012
-166.356
-270.616
-244.558
-253.659
-273.42
-250.487
-296.274
-248.298
-365.778
-243.626
-751.206
252.182
-2333.73
-953.682
-128.196
-166.442
-270.876
-244.969
-253.954
-274.427
-251.055
-299.451
-248.417
-378.416
-236.753
-918.782
242.324
-2256.72
-954.053
-128.704
-166.702
-271.408
-245.795
-254.655
-275.981
-252.052
-303.599
-248.495
-386.917
-225.065
-1027.05
259.167
-2165.72
-1102.43
-175.852
-187.652
-318.788
-291.567
-301.024
-336.566
-298.677
-390.015
-285.415
-537.249
-150.216
-1436.52
122.652
-3085.71
-1102.8
-175.687
-187.626
-318.721
-291.249
-300.817
-335.071
-298.263
-382.164
-286.855
-521.751
-180.369
-1414.87
65.7912
-3159.74
-1103.41
-175.405
-187.53
-318.65
-291.007
-300.614
-334.035
-298.01
-376.859
-288.469
-497.737
-217.98
-1120.98
181.818
-3415.57
-1103.86
-175.256
-187.587
-318.678
-290.815
-300.561
-332.885
-297.936
-371.046
-290.986
-460.648
-260.49
-844.594
278.297
-3272.78
-1104.44
-175.214
-187.645
-318.754
-290.741
-300.518
-332.163
-298.288
-368.079
-295.265
-452.743
-323.387
-778.233
273.161
-3213.45
-1104.98
-175.189
-187.765
-318.935
-290.846
-300.653
-331.885
-298.982
-365.512
-296.653
-446.571
-329.345
-762.631
248.516
-3135.65
-1105.57
-175.319
-187.926
-319.195
-291.136
-300.826
-331.974
-299.353
-363.73
-298.675
-443.468
-337.523
-722.414
262.135
-3094.99
-1106.1
-175.47
-188.09
-319.475
-291.566
-301.094
-332.525
-299.12
-363.561
-299.162
-447.524
-339.701
-739.107
245.057
-3056.48
-1106.67
-175.752
-188.302
-319.796
-292.159
-301.541
-333.888
-299.772
-366.257
-299.352
-450.472
-332.337
-768.152
224.497
-2951.58
-1107.16
-176.009
-188.487
-320.117
-292.834
-302.02
-335.683
-300.209
-371.564
-298.314
-458.669
-334.702
-772.144
235.45
-2934.19
-1107.69
-176.433
-188.764
-320.6
-293.755
-302.669
-337.751
-300.294
-376.184
-293.927
-460.178
-275.194
-836.366
289.913
-2952.33
-1108.09
-176.752
-188.949
-320.988
-294.56
-303.167
-339.767
-300.085
-382.229
-291.646
-491.337
-230.47
-1111.26
273.493
-3010.57
-1108.56
-177.31
-189.275
-321.592
-295.678
-303.98
-342.36
-300.684
-389.12
-289.093
-519.838
-181.089
-1440.89
157.685
-2773.82
-1108.79
-177.57
-189.391
-321.893
-296.296
-304.386
-344.004
-301.009
-393.97
-286.874
-528.631
-138.746
-1341.54
168.487
-2545.23
-1109.2
-178.2
-189.741
-322.538
-297.477
-305.38
-346.666
-302.043
-401.394
-285.606
-537.215
-114.161
-1301.74
239.387
-2443.25
-1259.93
-236.187
-211.898
-375.432
-349.466
-356.191
-416.269
-355.978
-505.122
-330.646
-697.732
-216.32
-1130.03
-40.5493
-4036.5
-1260.44
-236.08
-211.891
-375.477
-349.175
-356.147
-414.592
-356.311
-497.217
-333.879
-690.494
-192.075
-1351.03
-132.118
-3870.4
-1261.22
-235.771
-211.795
-375.493
-348.972
-356.076
-413.611
-356.892
-492.246
-338.867
-672.098
-205.825
-1563.34
-116.626
-3962.21
-1261.83
-235.651
-211.883
-375.638
-348.839
-356.211
-412.448
-357.785
-484.892
-344.19
-632.391
-272.924
-1301.87
61.3748
-4253.95
-1262.58
-235.64
-211.965
-375.823
-348.861
-356.301
-411.577
-358.419
-479.193
-349.17
-589.98
-327.879
-1032.99
249.671
-4079.41
-1263.29
-235.667
-212.119
-376.119
-349.118
-356.609
-411.49
-359.659
-478.026
-357.232
-598.787
-391.561
-994.195
303.872
-4008.25
-1264.06
-235.866
-212.331
-376.499
-349.614
-356.94
-411.75
-359.779
-475.287
-359.031
-603.073
-384.844
-966.608
349.105
-4036.78
-1264.77
-236.097
-212.562
-376.911
-350.332
-357.435
-413.161
-359.748
-477.277
-361.021
-622.02
-388.127
-1091.75
313.114
-3900.88
-1265.51
-236.495
-212.88
-377.408
-351.282
-358.067
-415.374
-360.449
-481.909
-362.186
-613.721
-388.257
-960.33
369.521
-3812.61
-1266.16
-236.882
-213.167
-377.882
-352.362
-358.781
-418.593
-361.416
-492.053
-360.284
-621.023
-350.08
-1147.2
373.503
-3769.34
-1266.83
-237.472
-213.574
-378.544
-353.788
-359.777
-422.367
-362.291
-501.728
-356.086
-652.564
-316.105
-1515.37
277.336
-3763.16
-1267.33
-237.937
-213.849
-379.043
-355.011
-360.537
-425.898
-362.941
-511.057
-351.969
-679.796
-235.453
-1650.85
157.248
-3337.13
-1267.89
-238.662
-214.313
-379.809
-356.651
-361.669
-429.928
-363.575
-520.886
-346.384
-699.07
-199.885
-1290.63
192.869
-3214.56
-1268.18
-239.02
-214.48
-380.158
-357.523
-362.139
-432.177
-363.347
-526.291
-343.844
-696.88
-220.027
-971.585
240.179
-3223.15
-1268.66
-239.802
-214.971
-380.949
-359.18
-363.422
-436.068
-364.167
-534.713
-341.767
-687.722
-206.099
-802.355
383.344
-3225.64
-1419.4
-319.927
-246.84
-447.522
-432.115
-431.833
-526.802
-432.315
-643.14
-388.469
-784.678
-196.123
-1119.47
311.388
-6200.65
-1420.06
-319.907
-246.858
-447.745
-431.956
-432.233
-525.936
-434.06
-643.586
-393.882
-843.556
-235.582
-1316.69
-116.403
-5786.86
-1420.99
-319.588
-246.769
-447.911
-431.888
-432.549
-525.751
-436.224
-644.96
-397.422
-891.292
-243.912
-1576.54
-177.341
-5046.38
-1421.79
-319.525
-246.889
-448.251
-431.923
-433.153
-525.365
-439.266
-641.693
-409.757
-858.754
-262.023
-1851.95
-105.19
-4752.35
-1422.7
-319.566
-247.005
-448.617
-432.137
-433.608
-524.891
-440.237
-637.145
-413.672
-820.806
-345.648
-1709.38
129.042
-5083.06
-1423.61
-319.67
-247.214
-449.089
-432.65
-434.253
-525.375
-441.582
-637
-424.507
-796.621
-392.669
-1560.01
294.938
-4893.34
-1424.56
-319.955
-247.512
-449.644
-433.489
-434.871
-526.373
-441.489
-636.63
-430.49
-839.327
-444.969
-1553.25
327.582
-4950.06
-1425.47
-320.292
-247.851
-450.225
-434.687
-435.677
-529.425
-442.208
-643.028
-433.112
-883.818
-395.02
-1896.89
178.651
-4426.72
-1426.38
-320.824
-248.319
-450.926
-436.234
-436.52
-532.935
-442.339
-647.778
-430.499
-828.158
-387.175
-1640.85
349.864
-4675.6
-1427.19
-321.356
-248.758
-451.564
-437.984
-437.436
-538.393
-443.988
-668.658
-435.372
-904.742
-400.572
-2183.13
291.551
-4493.94
-1428
-322.107
-249.358
-452.416
-440.199
-438.7
-544.517
-445.47
-682.968
-429.256
-920.977
-259.804
-2182.35
116.992
-4031.53
-1428.62
-322.713
-249.782
-453.01
-442.065
-439.563
-550.038
-446.94
-695.402
-423.026
-955.881
-224.183
-1813.41
129.462
-3887.48
-1429.28
-323.593
-250.452
-453.934
-444.459
-440.907
-555.786
-447.317
-704.554
-416.435
-936.359
-225.824
-1440.41
311.567
-4179.89
-1429.64
-324.048
-250.713
-454.304
-445.705
-441.24
-558.793
-445.506
-709.93
-413.06
-909.412
-218.506
-1406.88
530.56
-4140.62
-1430.18
-324.969
-251.414
-455.245
-448.031
-442.739
-564.197
-446.028
-719.574
-409.737
-911.486
-219.98
-1457.65
642.341
-4053.09
-1565.3
-418.272
-284.259
-524.007
-520
-506.028
-644.041
-518.866
-819.213
-495.732
-1086.91
-397.5
-1827.86
641.02
-8454.24
-1566.09
-418.362
-284.277
-524.408
-519.85
-506.782
-643.449
-521.029
-822.139
-502.768
-1106.48
-329.039
-2118.05
-7.16264
-7997.81
-1567.17
-418.075
-284.177
-524.736
-519.809
-507.479
-643.538
-524.308
-827.942
-499.466
-1219.62
-368.601
-2641.48
-557.758
-6764.49
-1568.15
-418.096
-284.305
-525.281
-519.895
-508.518
-643.822
-528.915
-833.603
-512.184
-1261.15
-388.581
-2515.18
-258.98
-5935.22
-1569.25
-418.216
-284.435
-525.847
-520.204
-509.371
-643.784
-530.607
-833.524
-522.932
-1216.9
-420.655
-2618.51
-179.023
-5856.79
-1570.37
-418.426
-284.685
-526.512
-520.901
-510.315
-644.892
-531.643
-834.458
-530.62
-1176.9
-478.666
-2422.85
133.625
-6274.31
-1571.53
-418.831
-285.062
-527.265
-522.068
-511.22
-646.778
-531.878
-836.485
-545.777
-1233.51
-595.176
-2612.89
437.187
-5914.75
-1572.66
-419.311
-285.516
-528.028
-523.805
-512.295
-651.955
-534.025
-852.657
-543.55
-1322.59
-541.633
-2795.84
302.241
-5541.6
-1573.79
-420.011
-286.151
-528.936
-526.085
-513.297
-657.304
-533.575
-858.751
-543.71
-1247.63
-603.67
-2900.09
492.341
-5616.99
-1574.8
-420.716
-286.77
-529.726
-528.707
-514.276
-665.929
-535.02
-895.131
-549.056
-1385.48
-543.48
-3268.53
358.186
-5055.94
-1575.8
-421.662
-287.61
-530.768
-531.977
-515.695
-675.369
-536.242
-919.797
-537.624
-1415.99
-452.473
-2750.99
380.471
-5188.48
-1576.58
-422.444
-288.232
-531.456
-534.782
-516.567
-684.244
-538.023
-944.483
-529.214
-1474.31
-481.049
-2472.21
475.549
-5251.19
-1577.38
-423.53
-289.177
-532.562
-538.293
-518.212
-693.568
-539.185
-964.775
-523.859
-1503.47
-462.388
-2794.54
820.786
-5079.16
-1577.83
-424.117
-289.573
-532.969
-540.195
-518.47
-699.091
-537.139
-982.017
-528.098
-1551.42
-508.21
-3240.14
834.548
-4762.14
-1578.45
-425.242
-290.56
-534.093
-543.563
-520.373
-708.051
-539.044
-1008.39
-528.967
-1652
-503.014
-3723.08
783.167
-4610.3
-1678.89
-584.359
-356.519
-621.738
-678.721
-633.808
-865.731
-651.943
-1143.59
-570.38
-1728.94
-400.261
-3498.86
411.567
-9921.05
-1679.74
-584.617
-356.441
-622.464
-678.069
-635.556
-863.111
-656.103
-1134.23
-582.435
-1660.03
-337.008
-2992.67
1144.2
-10208.4
-1680.81
-584.435
-356.259
-623.086
-677.659
-637.216
-861.499
-661.498
-1132.52
-574.643
-1693.65
-356.926
-3223.91
512.811
-9817.61
-1681.91
-584.609
-356.277
-624.006
-677.358
-639.432
-860.448
-669.288
-1140.01
-597.148
-1785.19
-378.206
-3913.51
252.376
-8101.48
-1683.11
-584.877
-356.338
-624.927
-677.484
-641.417
-859.462
-673.544
-1136.62
-605.082
-1738.32
-413.1
-3604.75
495.384
-7563.44
-1684.33
-585.271
-356.578
-625.904
-678.234
-643.258
-860.374
-677.395
-1133.86
-627.57
-1681.34
-565.233
-3767.64
426.417
-7418.85
-1685.6
-585.855
-357.044
-626.909
-679.88
-644.758
-863.486
-678.655
-1132.17
-634.529
-1644.36
-471.831
-3352.46
876.389
-8016.96
-1686.84
-586.526
-357.681
-627.81
-682.506
-645.947
-871.72
-680.846
-1158.98
-632.925
-1741.27
-548.393
-3899.01
460.18
-7129.23
-1688.07
-587.401
-358.623
-628.785
-686.192
-646.707
-882.099
-678.616
-1181.01
-628.174
-1729.16
-502.324
-4071.25
744.96
-6739.27
-1689.18
-588.275
-359.613
-629.502
-690.488
-646.885
-896.936
-675.876
-1235.27
-620.17
-1857.81
-502.023
-3815.17
467.405
-7223.37
-1690.25
-589.361
-360.926
-630.442
-695.786
-647.338
-914.348
-672.074
-1298.2
-595.66
-2074.08
-565.456
-3984.6
643.168
-7549.7
-1691.11
-590.28
-361.98
-630.906
-700.437
-646.906
-930.244
-667.648
-1351.92
-565.441
-2242.17
-447.223
-4822.05
1167.24
-6664.74
-1691.94
-591.475
-363.454
-631.873
-705.975
-647.668
-947.122
-665.133
-1403.65
-546.223
-2421.04
-363.108
-5450.58
1167.54
-6024.89
-1692.43
-592.157
-364.161
-632.07
-709.163
-646.978
-957.527
-659.585
-1437.7
-529.928
-2518.48
-325.325
-5573.25
969.205
-5719.5
-1693.04
-593.362
-365.676
-633.125
-714.276
-648.395
-972.764
-659.158
-1487.01
-516.647
-2670.61
-215.9
-5773.5
940.714
-5657.33
-1849.94
-2623.49
-3388.9
-4404.67
-5703.56
-7318.03
-9485.7
-12056.4
-15778.7
-19819.6
-27326.3
-30707.1
-56753.6
-45114.9
-144421
-728.9
-958.154
-1122.96
-1430.93
-1823.04
-2317.59
-3006.43
-3817.65
-5120.17
-6441.44
-9521.47
-12124
-17085.7
-27674
-20616.3
-478.367
-668.276
-841.916
-1118.37
-1435.19
-1857.5
-2381.6
-3121.21
-4030.59
-5537.45
-7205.25
-11087.9
-13657.9
-27723.6
-3469.51
-720.754
-1007.6
-1290
-1690.41
-2180.55
-2828.18
-3616.76
-4687.43
-5949.81
-7730.06
-9755.91
-12333
-15073.8
-16223.2
-14075.9
-803.757
-1122.21
-1437.79
-1868.21
-2377.05
-3012.96
-3749.02
-4735.54
-5806.46
-7321.82
-8595.98
-10841.6
-11043.8
-15018.7
-11621.8
-717.344
-1010.45
-1295.83
-1700.86
-2202.28
-2844.3
-3579.6
-4551.87
-5513.05
-6849.43
-7796.38
-9850.79
-10004.4
-14583.7
-12574.7
-1032.28
-1474.83
-1936.33
-2535.84
-3151.86
-3844.41
-4546.74
-5479.07
-6295.18
-7448.69
-8027.83
-9437.41
-8920.98
-11315.7
-6139.11
-754.728
-1072.45
-1363.61
-1815.91
-2333.27
-3007.95
-3682.01
-4603.94
-5165.58
-5931.99
-5984.78
-7460
-6917.99
-16270.4
-13353.3
-1438.95
-2040.32
-2883.92
-3947.15
-4597.04
-5361.59
-5772.94
-6548.95
-6659.84
-7376.23
-7531.12
-9434.74
-12082.5
-15041.3
-5487.3
-798.284
-1067.19
-1363.09
-1993.17
-2718.98
-3761.76
-3954.27
-4949.57
-4552.27
-4167.59
-3174.3
-658.596
-967.96
9737.01
11445.7
-2474.5
-2970.28
-5199.97
-7815.71
-8257.94
-9213.85
-8135.99
-8919.85
-5920.16
-7433.14
-4353.55
-10848.3
-14129.8
-5209.12
-6317.67
-880.949
-406.353
-253.101
-1194.11
-1533.31
-2425.72
-776.556
-4274.52
-2641.29
-553.174
-3182.82
-3141.59
4017.91
-732.881
12537.2
-4633.19
-3431.54
-9797.02
-15282.5
-14058.4
-15851.7
-12930
-14839.5
-887.044
-18915
-33473.6
-32545.7
-26720.5
-34150.3
-3550.3
-306.717
2437.46
4484.76
4221.75
2586.9
6595.71
5704.06
-8233.55
3553.22
4337.61
827.681
11965.5
1685.85
13672
40499.2
-14385
-18120.1
-13129
-14178.6
-19868.3
-23300.3
-28306.8
-41014.7
-57639.2
-61014.7
-31585.3
-25963.8
-28553
-64265.4
-85587
-1850.89
-2624.86
-3390.54
-4406.66
-5704.05
-7317.5
-9481.03
-12047.4
-15763.8
-19794.6
-27292.2
-30672.5
-56440.7
-44944.3
-141145
-729.313
-958.583
-1123.07
-1430.24
-1820.23
-2311.87
-2995.89
-3800.64
-5091.35
-6399.63
-9456.31
-12049.6
-17088
-27152.1
-21021.7
-477.992
-667.331
-840.055
-1114.97
-1429.18
-1847.44
-2366.62
-3100.21
-4000.89
-5498.17
-7153.61
-11023.4
-13647.6
-27483.1
-5202.78
-721.839
-1008.82
-1290.84
-1688.49
-2172.42
-2809.88
-3586.33
-4644.11
-5891.64
-7660.65
-9665.08
-12250.4
-14929.4
-16209.7
-14520
-801.684
-1117.25
-1428.03
-1849.63
-2346.73
-2966.88
-3688.15
-4660.55
-5716.35
-7219.8
-8465.31
-10698.7
-10864.2
-14847.2
-11397.9
-719.796
-1013.63
-1298.11
-1692.33
-2172.42
-2783.52
-3493.23
-4443.54
-5389.97
-6724.06
-7666.7
-9787.7
-9888.97
-14765
-12885.5
-1024.16
-1456.61
-1895.92
-2460.32
-3043.69
-3696.37
-4386.28
-5311.85
-6133.92
-7288.82
-7841.56
-9184.06
-8545.98
-11093.7
-3228.29
-758.88
-1080.46
-1368.73
-1786.95
-2243.94
-2844.49
-3503.04
-4407.13
-4975.74
-5755.92
-5897.31
-7488.11
-6907.68
-17009.1
-14739.1
-1415.56
-2001.48
-2733.41
-3700.72
-4314.09
-4982.14
-5461.38
-6259.63
-6475.85
-7248.47
-7390.01
-8661.51
-10924.4
-13772.3
11506.1
-808.044
-1108.46
-1396.42
-2006.96
-2702.95
-3549.06
-3867.02
-4859.54
-4443.35
-4178.28
-3601.98
-495.29
-3429.82
10419.8
6108.92
-2420.04
-2944.97
-4781.21
-7707.57
-8394.46
-9094.2
-8293.35
-8949.54
-6183.67
-7993.08
-3733.63
-8174.93
-13857.6
-4311.56
-22370.5
-777.287
-809.125
-532.344
-1587.34
-2147.35
-2920.07
-2516.28
-4950.06
-2274.59
-2387.42
-6711.8
-6280.6
-1490.07
-631.169
-1802.02
-5760.9
-3771.84
-8165.41
-15013.6
-14667.9
-15426.1
-12300.7
-13003.6
-2914.55
-23208.3
-33730.9
-29417.7
-27128.5
-34152.4
-6529.92
-894.319
-321.376
3456.49
3825.8
2207.04
4772.12
3286.75
-5337.44
5170.51
-11570
-1241.76
9272.15
2578.02
1453.38
18781.2
-11949.4
-18321.4
-14921.4
-14252.7
-20076
-24376.5
-28751.8
-39196.7
-47332.5
-48393
-22237.3
-21280.7
-20966.8
-51519.9
-63469.8
-1852.04
-2626.53
-3392.58
-4409.34
-5705.33
-7318.62
-9477.23
-12039.2
-15749.9
-19775.4
-27257.5
-30651.6
-56381.3
-44842
-141749
-729.212
-958.236
-1122.16
-1428.46
-1816.96
-2306.96
-2989.52
-3791.05
-5071.43
-6374.82
-9407.2
-11988.9
-17024
-27040.3
-20295.6
-477.602
-666.485
-838.545
-1112.31
-1424.61
-1840.15
-2357.06
-3087.04
-3982.42
-5475.4
-7120.25
-10979.6
-13590.6
-27425
-4666.29
-722.792
-1009.85
-1291.54
-1686.97
-2166.57
-2797.76
-3567.48
-4618.12
-5856.43
-7620.97
-9608.97
-12199.8
-14836.3
-16206.3
-14119.7
-800.193
-1113.62
-1420.85
-1835.98
-2325.77
-2937.13
-3651.56
-4617.42
-5664.28
-7164.46
-8386.58
-10624.7
-10759.7
-14762
-10862.5
-722.104
-1016.65
-1300.33
-1686.04
-2153.35
-2748.79
-3448.74
-4390.17
-5329.7
-6670.45
-7598.98
-9789.67
-9847.75
-14881.7
-12872.1
-1017.41
-1440.75
-1862.38
-2402.55
-2972.38
-3609.53
-4303.32
-5227.38
-6052.27
-7215.72
-7726.49
-9100.95
-8351.77
-11061.1
-3411.62
-763.29
-1089.56
-1372.19
-1760.2
-2187.39
-2768.31
-3437.51
-4328.38
-4906.65
-5704.78
-5862.76
-7633.47
-6854.28
-17223.7
-15456.6
-1387.1
-1938.28
-2572.36
-3500.29
-4158.25
-4813.41
-5379.96
-6158.39
-6441.74
-7234.27
-7321.83
-8376.34
-10238.3
-14367
8233.16
-803.631
-1142.33
-1355.04
-1873.66
-2532.08
-3275.24
-3738.7
-4716.79
-4443.57
-4200.51
-4136.16
-660.128
-3245.52
8123.58
3259.18
-2329.65
-2722.93
-4174.16
-7479.66
-9014.71
-9659.95
-8797.2
-8756.15
-6652.75
-8502.24
-5042.61
-7046.92
-12556.1
-5200.51
-25138.8
-718.219
-794.648
-463.678
-1352.35
-2380.22
-3460.87
-3704.74
-4582.16
-2045.68
-2605.61
-4947.9
-6025.98
-3870.69
-861.666
-6119.69
-6270.67
-5343.32
-6864.98
-14073.6
-15035
-16082.7
-12741.6
-8156.08
-3487.13
-16512.6
-26437.5
-26006.3
-25380.5
-35523.4
-6320.28
-481.462
-1345.81
1591.93
4520.89
2188.76
3521.12
2244.95
-707.697
6348.64
-8018.91
1894.67
7125.09
6577.22
7799.61
14321.3
-10073.1
-15092.8
-17269.1
-15434.4
-20235.7
-24727.4
-28399.3
-41760.3
-45330.4
-40912.6
-16760
-19182.7
-20964.8
-35891.9
-61180.9
-1853.28
-2628.31
-3394.79
-4412.45
-5706.55
-7318.58
-9470.44
-12024.2
-15727.1
-19742.5
-27210.8
-30588
-56224.5
-44776.2
-141301
-729.51
-958.454
-1121.83
-1427.06
-1813.16
-2300.25
-2979.87
-3778.89
-5044.72
-6337.86
-9343.15
-11902.7
-16925.4
-26768.9
-19705.8
-477.343
-665.681
-836.818
-1109.06
-1418.57
-1829.45
-2341.1
-3065.92
-3952.09
-5434.74
-7064.91
-10901.7
-13518.9
-27183.3
-4437.65
-724.092
-1011.35
-1292.71
-1685.06
-2157.91
-2778.74
-3536.8
-4575.68
-5798.05
-7551.82
-9513.22
-12106.8
-14693.2
-16049.1
-13933.4
-798.417
-1108.92
-1410.92
-1815.64
-2292.12
-2887.83
-3588.91
-4542.3
-5572.62
-7064.66
-8247.52
-10494
-10564.1
-14553.2
-10470.7
-724.9
-1020.47
-1303.77
-1676.93
-2122.54
-2689.88
-3368.21
-4292.03
-5216.99
-6565.02
-7459.28
-9749.11
-9691.12
-14937
-12886.6
-1010.19
-1421.94
-1817.42
-2307.57
-2836.39
-3444.19
-4140.07
-5063.73
-5887.75
-7066.76
-7495.56
-9000
-7858.8
-11169.5
-3801.06
-766.862
-1098.41
-1384.73
-1724.07
-2094.08
-2636.43
-3303.63
-4178.42
-4765.23
-5603.54
-5709.09
-7770.65
-6460.74
-18168.2
-17034.7
-1370.72
-1892.36
-2389.16
-3034.73
-3614.62
-4311.74
-5094.23
-5938.4
-6291.83
-7107.97
-7164.92
-8424.15
-8827.89
-15949.1
6182.11
-758.414
-1156.77
-1362.46
-1867.24
-2508.38
-3114.74
-3627.96
-4554.27
-4436.55
-4240.14
-4081.59
-1124.49
-2889.84
5541.13
2368.2
-2534.35
-2839.32
-3745.49
-6758.77
-8154.82
-9207.85
-9817.06
-9223.98
-7419.75
-8698.05
-6576.34
-6821.2
-11398.6
-6837.79
-27369.4
-734.25
-1126.68
-834.317
-1076.5
-1500.72
-2406.01
-3588.17
-3990.46
-2216.67
-3299.04
-3380.84
-5619.35
-4198.78
-2323.69
-8551.77
-5864.34
-4870.23
-7166.76
-14906.6
-16134.9
-16381.6
-13040.7
-5359.58
-4273.73
-13583
-21044.8
-23609.9
-22159.3
-34258.3
-6270.86
-116.417
55.9933
2654.53
4502.49
2500.65
3096.3
766.569
3148.06
4839.08
-7657.49
875.701
7238.1
4559.09
12498.6
4596.86
-9144.54
-12968
-17077.3
-15454.5
-19907.2
-25205.6
-28565.7
-39486.6
-42594.2
-31597.5
-12938.3
-16099.4
-24258.2
-27278.6
-55764.3
-1854.65
-2630.24
-3397
-4415.85
-5709.09
-7320.11
-9462
-12014.3
-15706.2
-19710.3
-27165.1
-30524.4
-56108.6
-44651.2
-140916
-729.888
-958.807
-1121.66
-1425.77
-1809.38
-2293.91
-2970.15
-3766.52
-5025.55
-6312.63
-9291.06
-11847.1
-16859.4
-26613.3
-19807.5
-477.21
-665.135
-835.403
-1106.19
-1413.49
-1820.42
-2326.72
-3046.94
-3927.57
-5401.61
-7018.94
-10838.2
-13451.4
-27014.2
-4444.22
-725.396
-1012.96
-1294.09
-1683.87
-2151.21
-2763.66
-3512.38
-4542.53
-5752.16
-7497.83
-9432.35
-12029.1
-14572.1
-15911.9
-13893.4
-797.351
-1105.71
-1403.27
-1798.85
-2263.66
-2846.42
-3536.91
-4481.18
-5497.8
-6984.85
-8128.44
-10390.8
-10383.8
-14350.8
-10064
-727.563
-1024.61
-1307.43
-1670.24
-2100.41
-2647.4
-3310.19
-4220.52
-5131.79
-6487.97
-7337.66
-9726.28
-9523.31
-15011.9
-12878.2
-1004.13
-1408
-1779.75
-2223.95
-2710.34
-3291.39
-3989.78
-4918.48
-5741.83
-6938.84
-7272.74
-8971.38
-7287.71
-11352.9
-3746.62
-772.404
-1113.76
-1396.88
-1688.5
-2040.8
-2567.2
-3230.35
-4076.23
-4651.4
-5528.08
-5557.54
-7932.11
-5851.15
-19505.7
-18423.3
-1361.4
-1872.8
-2205.28
-2637.72
-3156.23
-3885.44
-4764.09
-5692.46
-6150.33
-6994.19
-7017.66
-8768.49
-6907.17
-18118.1
8714.44
-808.334
-1208.9
-1377.09
-1829.15
-2378.2
-2956.06
-3643.53
-4552.1
-4499.91
-4250.43
-3814.07
-1308.07
-1883.13
2161.45
-705.912
-2330.93
-2895.53
-3458.43
-5594.54
-6963.7
-8014.74
-9443.16
-9707.87
-8662.58
-9374.44
-7610.76
-7396.09
-10369.1
-9473.87
-32028.7
-586.282
-1192.17
-992.928
-1636.64
-1592.43
-2046.93
-4680.58
-4287.36
-3564.95
-4993.13
-2303.5
-3761.39
-4702.62
-4151.38
-10864.1
-5746.81
-4397.64
-6769.81
-14449.6
-18402.3
-18356.9
-11401.5
-7063.33
-7247.85
-13548.4
-16822.8
-20159.5
-22996.1
-29779.6
-9173.62
-288.714
-379.044
3248.45
6178.85
3627.46
3366.71
4613.44
8148.59
982.945
-5593.14
867.808
7492.46
3335.1
14406.7
-7234.51
-9013.81
-15372.3
-18341.5
-18098.8
-19850.3
-23970.1
-32297
-37130.7
-41547.6
-23942
-11401.7
-14938.2
-21360.3
-25395.3
-53959
-1856.08
-2632.42
-3399.38
-4419.25
-5712.2
-7323.58
-9452.36
-12011.1
-15686
-19677.1
-27108
-30440.6
-55948.1
-44524.1
-140530
-730.405
-959.416
-1121.87
-1424.94
-1805.63
-2287.31
-2958.5
-3748.44
-5005.79
-6290
-9233.92
-11798.6
-16765.3
-26459.4
-19583
-477.311
-664.943
-834.394
-1103.53
-1408.47
-1811.74
-2311.6
-3024.42
-3900.02
-5362.07
-6966.83
-10759.3
-13387.4
-26809.7
-4355.64
-726.699
-1014.69
-1295.65
-1682.85
-2144.58
-2748.02
-3486.08
-4505.43
-5701.33
-7434.96
-9338.8
-11926.4
-14433.5
-15722.3
-13801.7
-797.114
-1103.6
-1396.67
-1782.84
-2235.54
-2804.34
-3481
-4411.36
-5410.77
-6887.51
-7988.32
-10257.5
-10168.8
-14053.4
-9600.11
-729.974
-1028.11
-1309.56
-1662.01
-2075.94
-2600.85
-3242.85
-4134.26
-5029.55
-6387.43
-7189.31
-9652.89
-9291.79
-15029.7
-12874.1
-1000.11
-1394.2
-1742.03
-2143.07
-2593.79
-3146.96
-3823.08
-4730.12
-5539.82
-6741.86
-6981.33
-8869.01
-6528.73
-11408.3
-3018.71
-779.215
-1123.41
-1392.31
-1656.38
-1979.79
-2455.74
-3075.34
-3891.91
-4482.86
-5406.09
-5326.32
-7977.85
-5073.22
-21224.8
-19667.3
-1332.95
-1775.57
-2018.44
-2336.74
-2790.68
-3467
-4288.21
-5171.56
-5696.63
-6578.14
-6615.92
-8742.89
-5156.54
-20739.1
15075.1
-826.354
-1193.37
-1355.96
-1703.41
-2189.8
-2806.79
-3447.08
-4354.93
-4515.67
-4257.35
-3662.38
-1246.36
-1864.59
-854.826
-50.3292
-2071.42
-2558.43
-2891.73
-4039.99
-5340.61
-6799.44
-8068.66
-9451.93
-9399.73
-10213.8
-9027.23
-8870.5
-10842.5
-13752.5
-34797.2
-618.25
-847.483
-837.281
-1619.68
-2249.54
-3513.37
-4354.81
-4816.74
-4722.07
-5659.82
-3496.27
-3069.23
-3154.93
-6976.46
-13880.9
-5850.93
-5326.25
-4144.18
-9212.59
-14684
-16003.5
-10451.1
-10963.4
-11197
-14933.7
-17211.4
-18949.7
-21329.8
-28145.1
-17544.1
110.458
-807.466
813.185
6221.7
4825.83
6244.81
7978.78
7732.28
-1381.24
-4287.86
-1597.61
3119.87
4093.93
13090.1
-13263.9
-8985.19
-12430
-20208.4
-21500.2
-25063.3
-28662.2
-33475.7
-38217.9
-35515.9
-21088.5
-14383.3
-17102.7
-21285.9
-26159.6
-58754.3
-1857.54
-2634.75
-3402.15
-4422.9
-5715.66
-7329.34
-9447.1
-12012.4
-15670.6
-19644
-27037.9
-30364.9
-55808.7
-44404.2
-140264
-731.104
-960.288
-1122.5
-1424.95
-1803.01
-2282.07
-2948.76
-3733.73
-4990.87
-6280.14
-9186.6
-11749
-16698.8
-26367.6
-19299.1
-477.765
-665.308
-834.277
-1102.19
-1405.19
-1806.04
-2300.81
-3007.04
-3878.24
-5331.77
-6924.94
-10681
-13342
-26632.8
-4249.44
-727.943
-1016.5
-1297.7
-1683.37
-2141.56
-2738.89
-3468.55
-4478.66
-5662.81
-7385.25
-9259.27
-11826.6
-14319.6
-15539.8
-13641.3
-798.409
-1104.46
-1395.05
-1775.13
-2220.04
-2778.59
-3443.74
-4360.44
-5343.52
-6807.51
-7873.16
-10137.3
-10014.6
-13750.5
-9125.63
-731.478
-1030.91
-1312.62
-1660.03
-2064.8
-2575.18
-3201.94
-4075.53
-4954.26
-6303.3
-7058.63
-9556.41
-9077.7
-15014.7
-12880.3
-1001.16
-1394.18
-1731.57
-2107.89
-2538.01
-3063.05
-3710.77
-4586.57
-5373.89
-6559.83
-6719.42
-8722.96
-5871.82
-11377.4
-1760.69
-780.046
-1128.71
-1399.75
-1654.2
-1936.46
-2371.71
-2985.77
-3783.49
-4373.98
-5297.99
-5117.15
-7903.69
-4689.56
-23174.3
-20595.1
-1327.85
-1785.99
-2004.59
-2200.86
-2601.18
-3202.33
-3941.65
-4749.96
-5255.2
-6027.64
-5919.62
-8030.35
-2499.52
-22767.1
28317.3
-858.252
-1268.26
-1387.29
-1664.22
-2081.68
-2648.09
-3337.85
-4077.4
-4121.75
-3913.25
-3243.94
-1289.58
-1433.35
-5077.7
5189.46
-2080.35
-2391.04
-2469.6
-3390.15
-4430.62
-5840.75
-7143.33
-8300.42
-8333.51
-8759.21
-7990.17
-10019.3
-12841.4
-15884.3
-34552.7
-902.698
-767.671
-727.555
-1906.55
-2689.01
-3627.03
-3955.03
-3542.18
-3140.27
-3859
-2324.33
-2024.24
-505.578
-7432.13
-16133.9
-5874.74
-6146.77
-5183.72
-5952.3
-9998.44
-12840.8
-11000.9
-13013.2
-11179.9
-14415.9
-17693.5
-18815.8
-17639.5
-30682.5
-26232.7
390.816
-790.079
-442.294
5136.95
7570.63
7893.23
7521.79
6789.67
-1010.9
-3291.53
-1619.68
-747.048
1908.88
4999.87
-7226.63
-9022.83
-11063.9
-18397.1
-23274.7
-25391.2
-28088.1
-32062.1
-35199.5
-27901.4
-22471.8
-17721.2
-21297
-25236.3
-29414.6
-66868.1
-1858.96
-2637.03
-3405.06
-4426.9
-5719.23
-7336.46
-9446.57
-12017.3
-15651.2
-19630.5
-26963.7
-30313.7
-55669.7
-44291.2
-140045
-731.913
-961.383
-1123.44
-1425.59
-1801.19
-2277.8
-2939.44
-3721.19
-4973.57
-6259.97
-9146.35
-11681.6
-16619.1
-26278.8
-18961.5
-478.524
-666.123
-834.777
-1101.73
-1402.89
-1801.59
-2292.67
-2992.68
-3856.63
-5297.69
-6886.8
-10595.9
-13298.2
-26440.6
-4105.17
-728.958
-1018.18
-1299.8
-1684.29
-2139.45
-2731.86
-3454.25
-4455.27
-5627.06
-7335.44
-9180.92
-11711
-14197.4
-15293.1
-13368.1
-801.259
-1107.75
-1396.81
-1771.51
-2208.43
-2756.4
-3410.57
-4314.38
-5282.4
-6730.28
-7765.68
-10004.2
-9887.99
-13405.9
-8739.18
-732.156
-1032.89
-1314.52
-1654.35
-2046.5
-2542.24
-3157.74
-4018.95
-4885.35
-6212.48
-6914.14
-9375.49
-8844.99
-14797.3
-12818.5
-1009.38
-1403.52
-1730.48
-2078.01
-2472.03
-2959.81
-3590.96
-4453.06
-5232.54
-6392.72
-6491.47
-8488.14
-5546.65
-11054.4
121.245
-777.699
-1126.6
-1388.24
-1591.65
-1817.26
-2248.07
-2883.29
-3688.28
-4281.21
-5134.03
-4804.96
-7421.51
-4404.05
-24325.7
-19113.4
-1348.29
-1809.51
-1947.68
-2000.51
-2375.15
-2938.25
-3653.75
-4437.76
-4897.23
-5508.27
-5188.18
-7171.48
-863.875
-20530.9
49100.9
-832.459
-1224.15
-1188.81
-1364.75
-1880.69
-2491.34
-3187.34
-3773.23
-3701.2
-3658.59
-2701.48
-763.316
-695.846
-12599
8249.96
-2094.93
-2197.17
-2067.79
-2874.73
-4276.34
-5711.81
-6832.5
-7323.91
-6832.45
-7191.89
-6491.35
-9336.54
-13867.1
-17975.5
-36931.7
-951.385
-1225.29
-1360.2
-2386.19
-3241.54
-2970.57
-3193.59
-2873.53
-2706.07
-2494.11
-546.179
-3513.71
-1018.32
-4614.19
-13630.3
-4707.39
-4322.99
-4507.68
-6503.04
-8401.57
-8456.21
-9787.4
-11611.4
-7356.54
-12282.2
-18442.9
-20108.4
-15060.4
-31335.9
-26918
526.783
-40.6346
3806.7
7553.47
7256.07
6937.88
6484.65
6614.71
3595.43
-3530.13
-3965.45
-1632.62
2332.17
8961.83
551.555
-11420.5
-15721.1
-19465.3
-22014.7
-26260.9
-31040.8
-32849.9
-34448.3
-31390.6
-32159.4
-25546.8
-26074
-30480.3
-30123.2
-71001.5
-1860.4
-2639.31
-3407.99
-4431.16
-5723.26
-7344.76
-9450.91
-12029.9
-15628
-19639
-26906.4
-30298.1
-55552.4
-44195.2
-139905
-732.927
-962.865
-1125
-1427.29
-1801.1
-2276.18
-2932.51
-3714.14
-4961.8
-6233.2
-9121.95
-11625.4
-16550.8
-26225.5
-18644.4
-479.759
-667.67
-836.318
-1102.8
-1402.94
-1800.59
-2290.06
-2986.26
-3844.4
-5268.83
-6860.01
-10530.3
-13282.2
-26289.8
-3981.7
-729.932
-1019.98
-1302.42
-1686.99
-2141.85
-2733.37
-3452.83
-4447.89
-5607.48
-7297.95
-9118.84
-11613.1
-14099.7
-15025.1
-13051.1
-805.97
-1114.43
-1404.25
-1777.78
-2213.66
-2759.21
-3407.88
-4300.51
-5252.4
-6677.55
-7693.3
-9913.89
-9834.16
-13203.5
-8913.22
-731.8
-1034.36
-1317.22
-1657.45
-2052.7
-2549.42
-3161.87
-4008.76
-4856.01
-6138.98
-6793.51
-9161.56
-8619.95
-14359.4
-13029.2
-1023.35
-1426.57
-1757.83
-2107.93
-2512.88
-2997.34
-3608.01
-4430.96
-5180.89
-6267.89
-6397.53
-8318.88
-5666.14
-10815.3
-2578.65
-770.192
-1125.42
-1386.41
-1613.45
-1867.4
-2282.42
-2904.14
-3695.64
-4305.1
-5072.91
-4682.7
-6652.07
-3615.16
-21905.7
-19222.6
-1387.57
-1890.46
-2072.7
-2182.82
-2555.11
-3058.54
-3725.58
-4472.47
-4907.13
-5307.97
-4962.36
-6734.24
-4741.56
-22651.4
35594.6
-818.527
-1257.31
-1252.18
-1400.27
-1899.19
-2521.93
-3249.8
-3762.58
-3704.86
-3425.74
-2246.94
1567.55
2467.47
5269.02
-2007.8
-2219.48
-2426.15
-2029.2
-2685.36
-4329.8
-5976.82
-7056.7
-6858.34
-6137.13
-5819.62
-4593.51
-6408.3
-9441.89
-8234.15
-38550.5
-906.425
-1368.64
-1412.48
-2229.28
-3333.65
-2904.32
-1769.43
-600.027
-2155.56
-2400.95
-1266.8
-3368.42
-945.408
-2791.36
-8974.78
-5755.86
-4456.04
-5750.71
-7344.48
-9253.87
-12933.3
-12926.6
-13796
-12157.1
-9187
-17201.7
-19531.9
-19052.9
-27716.1
-17609.8
720.442
2574.62
4880.9
6735.96
7164.79
4301.16
2891.22
3304.55
3148.38
1403.23
-4859.4
605.671
6084.36
21053.2
5238.18
-9375.82
-13404.7
-16870
-20739.8
-24769.6
-25044
-28287.9
-29541.8
-28706.8
-35477.9
-35993.7
-32425.5
-29799.4
-30421
-73938.9
-1861.73
-2641.47
-3410.73
-4435.1
-5726.96
-7352.48
-9456.11
-12044.9
-15609.9
-19650.6
-26850.3
-30297.9
-55435.6
-44113
-139817
-733.94
-964.446
-1126.85
-1429.64
-1802.16
-2276.47
-2927.03
-3708.95
-4951.71
-6211.59
-9097.41
-11573
-16470.5
-26170.2
-18269.5
-481.167
-669.528
-838.33
-1104.49
-1403.81
-1800.71
-2288.75
-2981.86
-3834.82
-5248.07
-6835.35
-10472.9
-13275
-26148.8
-3869.93
-730.536
-1021.43
-1304.79
-1689.68
-2144.87
-2736.77
-3454.6
-4445.51
-5592.69
-7265.13
-9054.25
-11514.2
-13963.5
-14692.8
-12727.1
-811.777
-1122.79
-1414.05
-1786.98
-2222.96
-2767.82
-3412.17
-4294.59
-5228.3
-6630.49
-7620.43
-9840.34
-9730.51
-13272.2
-10051.7
-730.501
-1034.95
-1319.03
-1657.91
-2055.93
-2554.71
-3164.81
-3996.98
-4820.85
-6048.17
-6643.22
-8893.25
-8174.49
-13625.6
-13874
-1043.37
-1456.96
-1791.18
-2137.35
-2552.95
-3038.75
-3631.69
-4415.56
-5127.06
-6135.14
-6342.72
-8230.86
-6073.3
-12364.1
-15050.2
-760.107
-1121.35
-1380.86
-1596.41
-1866.56
-2268.85
-2892.53
-3686.73
-4292.03
-4931.29
-4561.53
-5642.01
-2870.98
-17621.5
-22416.2
-1457.72
-1995.2
-2154.07
-2231.28
-2649.25
-3167.78
-3836.93
-4596.02
-5006.88
-5252.46
-4964.01
-6243.63
-9308.15
-22682.6
-11684.7
-764.919
-1219.36
-1182.68
-1201.9
-1607.23
-2199.02
-3046.12
-3682.4
-3588.97
-3349.65
-2238.87
3232.43
1138.71
41336.9
4097.37
-2220.39
-2671.76
-2377.58
-3020.7
-4722.27
-6541.06
-7773.46
-7334.14
-5919.73
-5659.36
-3383.06
-4248.97
-4567.47
3618.69
-30646.7
-692.509
-1234.9
-1562.63
-2214.44
-2996.01
-2942.13
-3021
-2004.22
-1080.85
-2902.21
-183.737
758.625
3880.57
1549.35
-3541.27
-5691.11
-6456.51
-8840.19
-10131.5
-9098.25
-8998.51
-10698.8
-11450.2
-10724.4
-7146.59
-9847.7
-12913.9
-19183.9
-27361.9
-13496.5
302.711
1255.7
2163.52
5084.62
6689.2
6363.6
5415.66
4569.81
92.1336
8065.58
7530.97
8949.79
2418.94
24798.2
5053.74
-10878.6
-14473.2
-17791.6
-20956
-25371.5
-29923.3
-33865.9
-32849.8
-32704.3
-33514.2
-35710.5
-34426.1
-29201.6
-29933.7
-78001.3
-1863.02
-2643.63
-3413.62
-4439.17
-5730.82
-7360.45
-9463.13
-12060.2
-15604.2
-19674
-26807.8
-30321.6
-55344
-44061
-139847
-735.157
-966.348
-1129.27
-1433.14
-1805.31
-2280.37
-2926.84
-3710.11
-4943.83
-6202.04
-9084.15
-11537.9
-16407.6
-26148.8
-17932.9
-483.029
-672.073
-841.39
-1107.78
-1406.95
-1804.05
-2292.17
-2984.05
-3831.8
-5238.81
-6823.67
-10446.2
-13297.5
-26078
-3800.96
-731.331
-1023.23
-1307.94
-1694.22
-2151.55
-2746.58
-3466.15
-4456.46
-5593.56
-7254.58
-9015.17
-11458.8
-13846.3
-14407.7
-12403.9
-819.279
-1133.87
-1428.31
-1803.47
-2243.24
-2792.76
-3437.96
-4314.19
-5230.29
-6616.96
-7581.48
-9847.23
-9617.47
-13651.3
-11981.4
-729.212
-1035.9
-1322.94
-1665.45
-2072.9
-2581.51
-3193.52
-4011.06
-4808.46
-5985.11
-6539.28
-8704.47
-7531.68
-12617
-13826.6
-1070.13
-1498.83
-1846.17
-2203.22
-2639.24
-3142.21
-3721.98
-4454.18
-5113.21
-6068.05
-6380.13
-8184.73
-6540.41
-16739.8
-29899.3
-745.462
-1115.46
-1381.29
-1609.49
-1921.35
-2331.99
-2910.52
-3657.24
-4236.96
-4746.58
-4427.06
-4524.86
-2684.09
-11451.8
-14459.2
-1578.76
-2179.3
-2393.13
-2511.37
-3001.3
-3517.43
-4077.05
-4767.71
-5201.48
-5468.25
-5163.49
-5903.1
-10771.1
-12037.6
-30494.1
-732.902
-1191.94
-1178.9
-1167.17
-1637.54
-2287.63
-3123.14
-3820.2
-3711.63
-3397.42
-2221.48
4235.17
-5168.2
41785
19189.9
-2634.05
-3170.47
-3101.07
-4286.48
-6679.57
-8832.04
-9823.94
-8657.58
-6717.65
-6022.28
-3051.46
-4299.71
-4543.9
1918.66
-16559.3
-645.33
-1068.72
-1473.07
-2335.61
-3215.97
-2842.23
-3466.46
-4035.68
-3169.83
-3090.71
284.028
3962.68
8160.58
7824.37
6101.64
-6774.82
-8206.41
-10651.4
-12794.7
-12841.6
-12693.3
-15671.3
-15367.3
-10109.8
-8619.83
-4903
-8647.07
-18778.5
-28503.6
-15390.8
1112.01
1209.78
840.602
2414.52
3640.73
6300.53
7351.73
5527.77
3688.65
10045.6
16734.7
11679
-5858.13
18236.9
5305.03
-9499.47
-10932.8
-13771.6
-17556.9
-23882.9
-27445.7
-30555.7
-34010.4
-40947.2
-37516.5
-36009.6
-38108.2
-28194.3
-25816.6
-73329.2
-1864.04
-2645.41
-3416.13
-4442.77
-5733.97
-7366.71
-9468.77
-12073.7
-15602.3
-19695.1
-26768.3
-30347.9
-55248.8
-44019.6
-139918
-736.216
-968.025
-1131.4
-1436.38
-1808.54
-2284.92
-2927.79
-3713.04
-4935.28
-6195.33
-9067.82
-11506.4
-16317
-26100
-17539.5
-484.641
-674.279
-844.059
-1110.7
-1409.8
-1806.9
-2294.99
-2985.94
-3829.8
-5230.24
-6810.95
-10424.2
-13311
-26041.9
-3713.04
-731.603
-1024.29
-1310.03
-1697.56
-2157.03
-2755.22
-3476.72
-4467.13
-5595.35
-7247.3
-8978.32
-11404.2
-13691.9
-14216.4
-12204
-826.169
-1143.78
-1440.98
-1818.59
-2262.4
-2816.45
-3463.2
-4335.04
-5232.73
-6605.43
-7532.98
-9830.83
-9372.01
-13914.7
-13203.9
-727.27
-1035.06
-1323.27
-1668.61
-2085.17
-2603.45
-3217.4
-4021.14
-4790.72
-5932.22
-6430.42
-8554.3
-6787.8
-12394.8
-13822.9
-1095.07
-1532.84
-1891.81
-2265.79
-2724.97
-3241.71
-3820.15
-4512.8
-5105.07
-6005.8
-6344.06
-7940.91
-6572.36
-22301.2
-35353.6
-732.02
-1102.97
-1369.44
-1602.39
-1944.26
-2368.29
-2906.84
-3551.72
-4069.01
-4528.98
-4315.39
-3657.57
-2171.61
-5927.17
12652
-1673.41
-2288.7
-2588.02
-2846.63
-3410.05
-3906.85
-4324.09
-4794.07
-5054.42
-5324.46
-5192.22
-5467.73
-10355.1
-9339.38
-9372.55
-667.804
-1141.94
-1177.77
-1105.73
-1559.73
-2153.33
-2978.24
-3776.36
-3603.63
-3539.57
-2131.51
4314.16
-6376.99
22473.7
-69.0894
-3105.8
-3813.24
-3570.4
-4680.18
-7642.06
-10276.9
-12292.3
-10498.5
-7632.92
-6433.7
-2661.91
-4328.88
-4510.39
-879.346
-1971.43
-620.36
-1159.46
-1327.33
-1370.14
-2098.01
-3356.98
-4546.13
-5052.33
-4566.53
-3179.67
1322.41
6005.23
11321.4
11672.4
20773.4
-7305.18
-7428.84
-9093.91
-11886
-13186.8
-12531.8
-16318.5
-17798.9
-11926.7
-6227.1
-3804.32
-7523.34
-14738.8
-23585.1
-9783.49
932.602
382.78
-42.6102
1065.08
1094.45
3731.04
8009.32
9731.2
9322.19
14872.9
21688.1
10701.2
-7770.87
6465
10852.3
-7814.89
-9392.08
-12670.3
-16331.2
-19424.4
-25823.7
-28624.6
-30493.1
-37204.1
-39085.4
-37795.8
-43524.7
-28257.6
-24157.4
-67137.2
-1865.03
-2647.12
-3418.72
-4446.72
-5738.02
-7373.59
-9475.64
-12089.1
-15607.4
-19719
-26747.8
-30375.8
-55207.2
-44038
-140157
-737.555
-970.108
-1134.15
-1440.61
-1813.56
-2292.82
-2933.82
-3723.55
-4936.43
-6204.04
-9065.87
-11500.8
-16245.3
-26070.7
-17183.9
-486.745
-677.184
-847.728
-1115.17
-1414.97
-1813.18
-2302.24
-2994.55
-3837.02
-5235.94
-6814.29
-10441.9
-13328.8
-26136.7
-3666.63
-732.442
-1026.13
-1313.33
-1702.95
-2165.82
-2769.17
-3495.41
-4490.81
-5616.41
-7268.74
-8975.52
-11398
-13567.8
-14178.6
-12108.7
-834.125
-1155.38
-1456.13
-1837.56
-2287.31
-2849.59
-3503.11
-4380.17
-5268.98
-6639.42
-7525.57
-9857.41
-9148.2
-14175.2
-13842.7
-726.933
-1036.52
-1327.14
-1677.79
-2105.92
-2638.62
-3262.22
-4067.34
-4822.8
-5945.05
-6368.54
-8446.36
-6171.08
-13373.4
-13311.4
-1120.02
-1566.92
-1934.28
-2323.49
-2803.44
-3344.82
-3941.98
-4642.46
-5198.13
-6046.8
-6287.17
-7640.79
-6345.01
-24983.8
-30488.9
-724.455
-1095.64
-1364.34
-1615.68
-1996
-2450.53
-2971.52
-3557.19
-3983.55
-4436.05
-4116.29
-2845.28
-524.415
769.527
40895
-1738.15
-2353.44
-2683.44
-3066.65
-3652.69
-4162.45
-4662.67
-5015.04
-4985.46
-5079.47
-4667.78
-4497.66
-8454.96
-4291.2
12718.1
-627.541
-1073.21
-1171.94
-1203.39
-1671.65
-2139.24
-2755.99
-3401.3
-3276.12
-3825.5
-1825.15
3283.44
-3325.65
19566.4
-11436
-3171.6
-3786.47
-4087.5
-5476.97
-6916.68
-7928.24
-9647.31
-10290
-8525.73
-7872.5
-2858.66
-4703.38
-3438.99
-3254.97
13622.7
-554.371
-1056.69
-1182.18
-1646.83
-2096.36
-1767.48
-2773.68
-4354.7
-6205.08
-6261.1
1896.73
6498.74
12628.2
9542.36
39927.4
-6920.54
-6637.07
-6851.67
-9888.74
-12724.9
-14734
-17287.4
-18549.9
-15280.5
-6866.67
-3389.46
-7960.51
-11356.5
-18063.3
13739
1005.05
791.798
-396.361
185.368
868.632
1114.77
3610.61
5505.52
7781.13
16795.2
22648.1
9082.21
-5472.75
2635.58
30801.9
-7629.99
-10051.7
-15034.7
-17857.8
-19507.4
-24071.8
-28481
-28796.4
-34220.5
-37449.6
-38755.9
-48600.7
-28714.2
-24913.4
-67667.4
-1865.61
-2648.1
-3420.24
-4449.18
-5740.49
-7377.56
-9478.98
-12098.3
-15610
-19730.4
-26733.9
-30431
-55040.5
-44023
-140236
-738.376
-971.424
-1135.81
-1443.11
-1816.38
-2297.54
-2936.83
-3729.29
-4934.11
-6206.96
-9038.09
-11518.8
-16247.5
-26160.2
-16518.9
-487.883
-678.716
-849.581
-1117.31
-1417.33
-1815.7
-2305.01
-2997.27
-3839.03
-5235.13
-6808.16
-10440.4
-13383.8
-26189.5
-3777.01
-732.516
-1026.75
-1314.7
-1705.4
-2170.13
-2776.4
-3505.12
-4503.13
-5625.08
-7276.35
-8956.49
-11370.6
-13441.8
-14058.6
-12260.7
-838.932
-1162.27
-1464.8
-1848
-2300.54
-2866.68
-3522.89
-4402.81
-5280.8
-6651.96
-7483.12
-9864.03
-8856.73
-14292.8
-13336.1
-725.576
-1036.14
-1327.38
-1679.94
-2114.01
-2655.56
-3284.82
-4090.34
-4827.03
-5941.46
-6273.94
-8379.29
-5736.54
-15367.2
-14782.6
-1136
-1588.59
-1959.19
-2354.99
-2844.29
-3394.57
-3998.76
-4705.92
-5226.53
-6039.37
-6114.75
-7362.21
-5534.95
-23790.1
-20398.7
-717.707
-1090.65
-1355.9
-1607.76
-2005.98
-2498.78
-3039.96
-3587.76
-3899.91
-4323.08
-3656.06
-2023.47
2050.14
4052.93
63075.8
-1792.43
-2409.73
-2724.55
-3131.8
-3756.95
-4271.06
-4753.94
-5151.9
-4948.16
-4916.81
-3501.81
-2920.48
-5035.81
-2305.06
22472
-607.469
-1048.48
-1119.02
-1162.54
-1647.97
-2242.43
-3027.49
-3430
-3003.99
-3718.48
-1265.4
2597.35
-265.621
22023.4
-8429.92
-3300.25
-3812.24
-3827.14
-4961.01
-6714.43
-7978.72
-9174.26
-9333.7
-8282.78
-8940.05
-3376.82
-4965.22
-1432.2
-1156.06
17967.2
-510.671
-999.359
-837.605
-943.624
-1515.99
-1448.53
-2596.26
-4373.98
-5456.08
-9568.31
1264.55
6386.9
16016.9
9818.83
36302
-6827.48
-6352.43
-5301.56
-8844.81
-12036.3
-13077.9
-15692.8
-17087.8
-18207.7
-9139.34
-2754.88
-8496.17
-8610.18
-17450.6
11114.1
409.52
213.062
312.221
3481.57
4492.37
4658.05
6682.46
9277.08
5177.65
13682.5
24379.4
9092.63
-3167.86
5.21461
49754.6
-7447.8
-10960.1
-17860.8
-19174.1
-21980.9
-26339.2
-28595
-28395.8
-31660.4
-40336.8
-39600.5
-51584.1
-28666.7
-25100.4
-61931.3
-1866.35
-2649.35
-3422.21
-4452.38
-5744.49
-7383.86
-9485.65
-12111.1
-15619.4
-19751.7
-26757.3
-30409.3
-55062
-44627
-140997
-739.703
-973.509
-1138.69
-1447.53
-1821.95
-2306.78
-2946.01
-3744.96
-4942.61
-6226.87
-9055.6
-11598.7
-16029
-25580.2
-15629.6
-489.992
-681.684
-853.412
-1122.2
-1423.34
-1823.49
-2313.99
-3008.66
-3851.21
-5250.24
-6829.95
-10514.1
-13420.3
-26514
-3259.62
-733.495
-1028.64
-1318.11
-1711.14
-2179.65
-2791.58
-3526.57
-4532.4
-5660.07
-7313.71
-8993.86
-11373.9
-13368.5
-13596.8
-11558.6
-846.221
-1173.35
-1480.13
-1868.12
-2327.42
-2902.09
-3567.15
-4458.66
-5340.48
-6713.89
-7527.15
-9940.43
-8883.62
-15519
-14345.2
-726.295
-1038.97
-1333.86
-1692.46
-2137.75
-2694.92
-3342.48
-4170.35
-4913.69
-6019.73
-6321.42
-8205.04
-5676.56
-14845.1
-10463.2
-1158.31
-1622.24
-2005.48
-2417.99
-2928.2
-3498.07
-4123.84
-4871.39
-5378.32
-6186.61
-6102.73
-7257.5
-5342.12
-17622
-10886.2
-714.753
-1093.36
-1368.59
-1633.16
-2049.59
-2571.43
-3180.55
-3815.72
-4083.88
-4531.8
-3432.71
-1605.72
2949.6
4773
58528.5
-1860.93
-2503.49
-2850.98
-3308.81
-3980.37
-4528.32
-5089.65
-5615.34
-5260.16
-5212.32
-2915.89
-2141.48
-2261.02
-1134.11
18515.9
-585.112
-1037.64
-1122.75
-1205.38
-1688.91
-2224.33
-3099.36
-3712.67
-3136.77
-4142.25
-941.244
1900.25
1773.46
20486.1
-11445
-3478.37
-4029.08
-4035.3
-5187.85
-6536.06
-7388.33
-8605.4
-8820.6
-7863.77
-9408.83
-2667.25
-4797.69
-230.549
-1527.19
22297.3
-419.688
-810.538
-276.828
-32.3762
-404.567
-91.775
-595.11
-1967.24
-2877.66
-7629.76
1590.29
5824.97
19590.9
20037.5
60624.4
-6838.26
-6092.5
-4387.52
-8500.81
-11162.3
-12810.2
-15643.6
-16327.6
-14473.3
-7717.08
-1925.96
-7498.92
-6063.02
-9409.56
22119.6
761.337
1222.81
3229.94
7422.78
7186.59
6135.1
9646.61
14031.3
9900.21
14682.5
25461.9
11027.6
594.965
-2998.8
37766.3
-7790.48
-11208.5
-17032.7
-16202.1
-19902.2
-24979.7
-27976
-28536.2
-33039.3
-43921.1
-42497.7
-54046.7
-28495.8
-26360.3
-63000.8
)
;

boundaryField
{
    outletsourceFace
    {
        type            zeroGradient;
    }
    outletdestinationFace
    {
        type            zeroGradient;
    }
    outletFace
    {
        type            zeroGradient;
    }
    outletWall
    {
        type            fixedValue;
        value           uniform 0;
    }
    inletFace
    {
        type            zeroGradient;
    }
    inletWall
    {
        type            fixedValue;
        value           uniform 5;
    }
    inletsourceFace
    {
        type            zeroGradient;
    }
    inletdestinationFace
    {
        type            zeroGradient;
    }
}


// ************************************************************************* //
