/*--------------------------------*- C++ -*----------------------------------*\
| =========                 |                                                 |
| \\      /  F ield         | OpenFOAM: The Open Source CFD Toolbox           |
|  \\    /   O peration     | Version:  4.1                                   |
|   \\  /    A nd           | Web:      www.OpenFOAM.org                      |
|    \\/     M anipulation  |                                                 |
\*---------------------------------------------------------------------------*/
FoamFile
{
    version     2.0;
    format      ascii;
    class       volScalarField;
    location    "24";
    object      p;
}
// * * * * * * * * * * * * * * * * * * * * * * * * * * * * * * * * * * * * * //

dimensions      [0 2 -2 0 0 0 0];

internalField   nonuniform List<scalar> 
6750
(
-130.679
-63.2783
-140.958
-139.775
-161.234
-168.079
-174.477
-178.563
-180.608
-179.575
-181.077
-175.054
-182.063
-93.9154
-200.985
-130.469
-62.611
-140.557
-139.696
-161.576
-168.48
-174.971
-178.615
-180.611
-179.524
-181.122
-175.343
-181.938
-93.3145
-201.021
-130.282
-62.0144
-140.275
-139.723
-161.873
-168.795
-175.358
-178.589
-180.596
-179.502
-181.217
-175.372
-181.837
-92.7447
-201.122
-130.049
-61.2239
-139.899
-139.748
-162.25
-169.183
-175.769
-178.643
-180.597
-179.51
-181.29
-175.223
-181.845
-92.3844
-201.027
-129.852
-60.3871
-139.553
-139.81
-162.605
-169.527
-176.149
-178.874
-180.793
-179.697
-181.303
-174.336
-181.738
-92.0762
-200.953
-129.706
-59.5564
-139.218
-139.867
-162.939
-169.886
-176.73
-179.263
-180.778
-179.751
-181.12
-174.647
-181.831
-91.7591
-200.89
-129.663
-58.8928
-138.953
-139.9
-163.156
-170.164
-177.046
-179.157
-180.821
-179.775
-180.879
-175.174
-181.836
-91.4254
-200.844
-129.711
-58.7186
-138.898
-139.932
-163.26
-170.311
-177.279
-179.322
-180.776
-179.752
-181.155
-175.72
-181.916
-91.1722
-200.907
-129.816
-59.0786
-139.101
-139.998
-163.25
-170.312
-177.288
-179.428
-180.872
-179.753
-181.145
-175.375
-181.901
-91.3593
-200.738
-130.008
-59.8393
-139.479
-140.054
-163.119
-170.144
-176.964
-179.369
-180.893
-179.768
-181.229
-174.543
-181.846
-91.6498
-200.64
-130.277
-60.7435
-139.918
-140.089
-162.887
-169.863
-176.51
-179.156
-181.007
-179.859
-181.672
-174.59
-181.8
-91.8754
-200.567
-130.571
-61.6249
-140.345
-140.105
-162.61
-169.586
-176.171
-179.039
-181.05
-179.872
-181.682
-175.37
-181.89
-92.1166
-200.515
-130.876
-62.4437
-140.791
-140.153
-162.306
-169.271
-175.873
-179.108
-181.27
-180.074
-181.744
-176.045
-181.973
-92.4627
-200.529
-131.109
-63.0566
-141.119
-140.175
-162.059
-169.003
-175.576
-179.22
-181.304
-180.202
-181.64
-176.156
-182.094
-93.0295
-200.369
-131.356
-63.7333
-141.562
-140.306
-161.768
-168.651
-175.137
-179.222
-181.373
-180.295
-181.57
-175.922
-182.233
-93.6225
-200.276
-180.025
-46.2105
-144.396
-139.619
-161.906
-168.583
-174.848
-178.75
-180.803
-179.606
-181.679
-173.868
-188.892
-71.3409
-282.348
-179.775
-45.5726
-143.93
-139.468
-162.289
-169.023
-175.429
-178.827
-180.822
-179.582
-181.714
-174.138
-188.712
-70.7733
-282.493
-179.573
-45.1161
-143.674
-139.466
-162.583
-169.293
-175.807
-178.793
-180.818
-179.578
-181.845
-174.046
-188.509
-70.2818
-282.766
-179.322
-44.452
-143.267
-139.435
-162.971
-169.671
-176.241
-178.854
-180.803
-179.559
-181.984
-173.953
-188.465
-69.8998
-282.518
-179.138
-43.7838
-142.895
-139.461
-163.321
-169.974
-176.591
-179.021
-180.993
-179.708
-182.153
-173.094
-188.187
-69.5986
-282.372
-179.041
-43.1123
-142.494
-139.484
-163.657
-170.303
-177.157
-179.401
-181.03
-179.729
-182.11
-173.44
-188.351
-69.2759
-282.272
-179.082
-42.5713
-142.14
-139.5
-163.866
-170.544
-177.462
-179.274
-181.126
-179.762
-182.022
-173.807
-188.441
-68.9679
-282.254
-179.187
-42.4223
-142.056
-139.526
-163.965
-170.675
-177.679
-179.449
-180.984
-179.807
-182.034
-174.213
-188.579
-68.7383
-282.467
-179.283
-42.6998
-142.327
-139.596
-163.964
-170.683
-177.698
-179.51
-181.146
-179.827
-181.95
-174.067
-188.554
-68.8939
-282.111
-179.469
-43.3031
-142.797
-139.669
-163.844
-170.556
-177.402
-179.506
-181.176
-179.881
-181.95
-173.403
-188.371
-69.1683
-281.887
-179.756
-44.0268
-143.305
-139.742
-163.621
-170.316
-176.981
-179.321
-181.282
-179.954
-182.458
-173.33
-188.274
-69.4151
-281.766
-180.08
-44.7253
-143.754
-139.795
-163.351
-170.084
-176.669
-179.215
-181.274
-179.924
-182.37
-174.033
-188.484
-69.6594
-281.697
-180.429
-45.4178
-144.23
-139.908
-163.047
-169.787
-176.368
-179.243
-181.51
-180.001
-182.422
-174.591
-188.686
-70.0085
-281.837
-180.689
-45.8918
-144.529
-139.961
-162.805
-169.565
-176.083
-179.346
-181.539
-180.045
-182.432
-174.735
-188.943
-70.4738
-281.488
-180.988
-46.548
-145.042
-140.176
-162.49
-169.192
-175.595
-179.325
-181.806
-180.099
-182.551
-174.646
-189.137
-71.0382
-281.255
-262.472
-10.9554
-147.357
-140.109
-162.891
-169.712
-175.895
-179.112
-181.236
-179.627
-182.503
-170.683
-199.581
-21.0938
-422.006
-262.145
-10.5196
-146.877
-139.827
-163.271
-170.16
-176.51
-179.216
-181.087
-179.588
-182.729
-170.948
-199.362
-20.7104
-422.379
-261.918
-10.354
-146.671
-139.77
-163.528
-170.358
-176.813
-179.167
-181.01
-179.551
-182.872
-170.81
-198.837
-20.3611
-422.981
-261.648
-9.99625
-146.229
-139.631
-163.893
-170.714
-177.234
-179.265
-180.868
-179.525
-183.068
-170.918
-198.843
-20.2132
-422.626
-261.522
-9.68523
-145.805
-139.597
-164.206
-170.951
-177.512
-179.337
-180.956
-179.655
-183.39
-170.218
-198.424
-20.1507
-422.464
-261.554
-9.30208
-145.284
-139.562
-164.513
-171.236
-177.985
-179.631
-180.98
-179.667
-183.418
-170.561
-198.64
-19.9479
-422.372
-261.753
-8.94102
-144.766
-139.563
-164.696
-171.428
-178.246
-179.517
-181.021
-179.703
-183.475
-170.701
-198.704
-19.6677
-422.361
-261.906
-8.82481
-144.613
-139.586
-164.788
-171.545
-178.43
-179.642
-181.01
-179.74
-183.334
-170.917
-198.642
-19.3472
-422.766
-261.941
-8.98393
-145.009
-139.66
-164.812
-171.571
-178.477
-179.705
-181.307
-179.85
-183.222
-170.897
-198.812
-19.4642
-422.103
-262.079
-9.30712
-145.646
-139.756
-164.731
-171.509
-178.284
-179.824
-181.415
-180.023
-183.165
-170.565
-198.611
-19.6272
-421.681
-262.373
-9.67441
-146.29
-139.898
-164.557
-171.336
-177.978
-179.714
-181.451
-179.98
-183.652
-170.456
-198.426
-19.694
-421.363
-262.735
-9.98981
-146.786
-140.019
-164.332
-171.184
-177.761
-179.677
-181.517
-179.916
-183.43
-170.98
-198.683
-19.653
-421.09
-263.162
-10.3745
-147.298
-140.257
-164.075
-170.938
-177.512
-179.693
-181.897
-179.981
-183.414
-171.256
-198.835
-19.717
-421.159
-263.474
-10.5638
-147.539
-140.371
-163.877
-170.8
-177.318
-179.845
-182.133
-180.137
-183.213
-171.305
-199.365
-20.0136
-420.302
-263.875
-11.0391
-148.07
-140.738
-163.591
-170.455
-176.854
-179.882
-182.704
-180.267
-182.812
-171.324
-199.561
-20.3562
-419.696
-346.058
18.6347
-143.4
-144.338
-164.326
-172.347
-178.345
-180.796
-183.569
-180.519
-181.578
-169.927
-206.371
34.0384
-575.741
-345.729
18.8138
-143.052
-143.986
-164.62
-172.728
-178.86
-180.838
-183.172
-180.524
-182.15
-170.18
-205.911
34.1383
-576.25
-345.549
18.7221
-142.906
-143.903
-164.811
-172.853
-179.04
-180.671
-182.945
-180.408
-182.439
-170.128
-204.761
34.3938
-577.129
-345.348
18.6915
-142.519
-143.701
-165.092
-173.151
-179.371
-180.68
-182.578
-180.228
-182.99
-170.334
-204.912
34.1638
-576.365
-345.419
18.6011
-142.098
-143.643
-165.333
-173.324
-179.565
-180.63
-182.454
-180.124
-183.482
-169.956
-204.403
33.9173
-576.014
-345.669
18.6268
-141.524
-143.583
-165.566
-173.572
-179.923
-180.867
-182.419
-180.077
-183.337
-170.212
-204.434
34.0064
-575.684
-345.981
18.6021
-140.904
-143.598
-165.703
-173.734
-180.133
-180.823
-182.54
-180.04
-183.244
-170.216
-204.261
34.2757
-575.612
-346.13
18.5345
-140.701
-143.632
-165.783
-173.852
-180.286
-180.926
-182.573
-180.051
-183.114
-170.464
-203.726
34.817
-576.161
-346.073
18.5598
-141.183
-143.714
-165.852
-173.905
-180.36
-181.04
-182.75
-180.207
-183.268
-170.425
-204.439
34.7206
-575.187
-346.119
18.7203
-141.917
-143.813
-165.843
-173.9
-180.285
-181.192
-182.989
-180.497
-183.519
-170.39
-204.551
34.6508
-574.542
-346.36
18.9108
-142.627
-144
-165.769
-173.805
-180.123
-181.165
-183.138
-180.484
-183.768
-170.34
-204.488
34.6674
-574.132
-346.688
19.099
-143.128
-144.155
-165.632
-173.74
-180.03
-181.25
-183.441
-180.69
-183.476
-170.643
-204.86
34.9723
-573.717
-347.116
19.0854
-143.594
-144.478
-165.487
-173.594
-179.901
-181.436
-184.052
-180.923
-182.877
-170.721
-204.794
35.3278
-574.036
-347.419
19.1194
-143.77
-144.628
-165.362
-173.542
-179.837
-181.725
-184.412
-181.123
-182.345
-170.668
-205.902
35.1475
-572.757
-347.842
18.8389
-144.175
-145.088
-165.19
-173.301
-179.486
-181.859
-184.987
-181.089
-181.875
-170.75
-206.348
35.1604
-571.9
-440.672
18.2476
-137.621
-154.713
-168.013
-177.431
-183.023
-184.886
-187.545
-183.077
-184.355
-175.584
-216.022
79.2868
-750.238
-440.437
18.4784
-137.466
-154.395
-168.226
-177.787
-183.475
-184.963
-187.335
-183.212
-184.789
-175.951
-215.319
77.5531
-751.525
-440.353
18.4072
-137.416
-154.328
-168.368
-177.885
-183.572
-184.742
-187.169
-183.135
-184.814
-176.188
-213.424
76.0081
-753.308
-440.353
18.3987
-137.199
-154.15
-168.563
-178.141
-183.836
-184.662
-186.942
-183.04
-185.134
-176.475
-213.228
74.0247
-753.055
-440.638
18.2672
-136.907
-154.109
-168.738
-178.282
-183.977
-184.53
-186.829
-182.856
-185.475
-176.316
-212.324
72.5496
-752.837
-440.953
18.0684
-136.472
-154.065
-168.898
-178.509
-184.265
-184.805
-186.723
-182.739
-185.141
-176.391
-211.92
71.6811
-752.637
-441.275
17.6012
-135.984
-154.095
-168.996
-178.661
-184.443
-184.834
-186.823
-182.711
-185.011
-176.338
-211.447
71.4933
-752.45
-441.407
17.2551
-135.827
-154.15
-169.073
-178.791
-184.588
-184.948
-186.755
-182.77
-184.981
-176.707
-210.791
71.7056
-752.715
-441.349
17.4349
-136.256
-154.265
-169.202
-178.886
-184.704
-185.115
-186.936
-182.916
-185.178
-176.554
-211.821
72.9468
-751.637
-441.382
17.998
-136.869
-154.377
-169.278
-178.94
-184.749
-185.303
-187.307
-183.278
-185.844
-176.646
-212.376
73.9986
-750.637
-441.589
18.5476
-137.449
-154.576
-169.32
-178.932
-184.721
-185.349
-187.699
-183.417
-186.1
-176.677
-212.624
75.3604
-749.695
-441.85
18.9613
-137.838
-154.73
-169.279
-178.936
-184.727
-185.518
-187.945
-183.767
-186.302
-176.941
-213.418
77.1455
-748.626
-442.213
18.9901
-138.171
-155.057
-169.261
-178.89
-184.704
-185.886
-188.349
-183.906
-185.936
-176.876
-213.591
79.296
-747.782
-442.454
18.9635
-138.266
-155.207
-169.202
-178.889
-184.734
-186.244
-188.618
-184.084
-185.817
-176.592
-215.413
80.7696
-745.022
-442.822
18.5475
-138.499
-155.664
-169.149
-178.72
-184.482
-186.416
-188.895
-184.078
-185.691
-176.67
-216.108
82.7111
-742.919
-551.958
-10.8292
-136.003
-173.431
-175.27
-185.389
-190.399
-191.013
-194.521
-190.81
-194.87
-191.689
-251.164
74.4041
-972.71
-551.794
-10.4627
-135.982
-173.185
-175.451
-185.827
-190.929
-191.39
-194.52
-190.5
-194.402
-191.777
-248.226
73.0014
-973.752
-551.856
-10.3263
-136.025
-173.124
-175.592
-185.996
-191.08
-191.362
-194.317
-189.949
-193.709
-191.868
-244.575
71.9009
-974.785
-552.011
-10.0153
-135.979
-172.992
-175.756
-186.302
-191.392
-191.48
-194.101
-189.602
-193.455
-191.996
-241.909
71.6398
-973.847
-552.313
-9.96527
-135.906
-172.959
-175.907
-186.488
-191.528
-191.394
-194.11
-189.602
-193.54
-192.049
-239.113
70.7824
-973.608
-552.596
-10.1021
-135.736
-172.937
-176.032
-186.732
-191.75
-191.708
-193.988
-189.715
-192.976
-192.467
-237.539
70.3439
-972.401
-552.904
-10.581
-135.527
-172.992
-176.116
-186.897
-191.892
-191.738
-193.961
-190.183
-192.888
-193.061
-236.568
69.549
-972.208
-553.088
-10.8812
-135.493
-173.093
-176.208
-187.057
-192.051
-191.834
-193.584
-190.283
-192.77
-193.923
-236.25
69.2684
-970.643
-553.178
-10.6669
-135.783
-173.247
-176.391
-187.221
-192.229
-192.132
-194.078
-190.651
-193.37
-193.682
-237.256
70.9418
-970.167
-553.299
-10.2068
-136.119
-173.4
-176.545
-187.344
-192.41
-192.491
-194.636
-190.83
-194.248
-193.415
-238.662
72.5899
-968.219
-553.514
-9.90251
-136.44
-173.637
-176.701
-187.419
-192.594
-192.642
-195.374
-190.761
-194.706
-192.983
-240.357
73.403
-967.654
-553.735
-9.72262
-136.652
-173.82
-176.741
-187.451
-192.72
-192.854
-195.713
-190.952
-195.198
-193.097
-243.255
74.5001
-965.884
-554.044
-9.94289
-136.864
-174.148
-176.829
-187.442
-192.773
-193.158
-196.101
-191.295
-195.505
-193.175
-246.032
75.1496
-965.428
-554.232
-10.111
-136.91
-174.316
-176.81
-187.414
-192.796
-193.371
-196.443
-192.075
-196.369
-193.423
-249.774
76.4872
-963.215
-554.554
-10.7021
-137.065
-174.748
-176.854
-187.236
-192.573
-193.304
-196.485
-192.675
-197.2
-193.89
-252.641
78.1649
-961.024
-677.646
-48.3257
-142.902
-201.186
-188.786
-198.059
-202.339
-201.649
-207.07
-205.887
-222.238
-220.48
-341.027
101.949
-1222.19
-677.654
-47.8926
-142.88
-200.991
-188.928
-198.515
-203.031
-201.942
-207.114
-205.645
-220.222
-220.52
-332.857
93.4362
-1230.82
-677.833
-47.664
-142.921
-200.936
-189.084
-198.823
-203.348
-202.082
-206.89
-205.361
-217.504
-220.614
-323.026
88.0669
-1242.42
-677.977
-47.3254
-142.932
-200.834
-189.247
-199.191
-203.824
-202.183
-206.559
-204.136
-214.634
-219.496
-310.959
79.1371
-1245.1
-678.261
-47.245
-142.974
-200.809
-189.404
-199.424
-204.046
-202.098
-206.389
-203.661
-213.505
-220.605
-302.292
71.2867
-1245.27
-678.526
-47.2495
-142.985
-200.806
-189.526
-199.616
-204.275
-202.17
-206.096
-204.376
-213.115
-222.079
-296.64
66.5561
-1244.77
-678.851
-47.429
-143.039
-200.89
-189.622
-199.739
-204.405
-202.033
-205.947
-204.83
-213.673
-223.697
-293.601
63.7477
-1243.26
-679.122
-47.4893
-143.125
-201.044
-189.771
-199.942
-204.665
-202.108
-205.283
-204.428
-213.965
-225.068
-294.211
61.5157
-1238.98
-679.378
-47.3845
-143.287
-201.243
-190.015
-200.161
-204.935
-202.43
-206.472
-205.361
-215.226
-224.459
-295.289
65.0376
-1236.97
-679.6
-47.2494
-143.426
-201.46
-190.254
-200.41
-205.265
-203.028
-207.523
-206.104
-216.028
-223.661
-299.414
70.6333
-1234.35
-679.857
-47.3167
-143.624
-201.787
-190.561
-200.706
-205.694
-203.653
-208.388
-205.878
-216.395
-222.348
-305.633
79.0624
-1232.95
-680.064
-47.4124
-143.768
-202.044
-190.7
-200.817
-205.908
-204.182
-209.068
-206.487
-217.987
-221.831
-315.204
90.063
-1230.27
-680.349
-47.8042
-143.979
-202.429
-190.925
-200.906
-206.029
-204.682
-209.839
-207.977
-220.859
-223.455
-327.256
100.149
-1223.61
-680.497
-48.0067
-144.054
-202.629
-190.953
-200.801
-205.981
-204.792
-210.583
-208.713
-223.941
-223.932
-336.574
105.57
-1209.04
-680.795
-48.5817
-144.254
-203.073
-191.151
-200.691
-205.776
-204.632
-210.787
-209.237
-226.371
-224.577
-344.63
114.969
-1197.92
-816.987
-85.9416
-157.257
-236.489
-211.996
-217.897
-221.509
-213.603
-226.313
-218.348
-273.776
-231.566
-520.54
40.786
-1577.44
-817.045
-85.6018
-157.218
-236.339
-211.997
-218.298
-221.967
-214.391
-226.64
-219.464
-269.81
-235.135
-488.562
44.8656
-1580.17
-817.311
-85.4011
-157.235
-236.317
-212.167
-218.871
-222.818
-215.585
-227.045
-220.41
-264.626
-242.227
-458.636
48.8316
-1582.03
-817.518
-85.1172
-157.255
-236.249
-212.285
-219.318
-223.584
-216.122
-226.396
-221.556
-259.314
-248.325
-432.292
51.6567
-1587.56
-817.882
-85.0199
-157.342
-236.256
-212.429
-219.559
-223.914
-216.176
-226.281
-222.192
-255.438
-250.806
-412.708
52.8036
-1592.2
-818.197
-84.9257
-157.441
-236.281
-212.501
-219.54
-223.741
-215.524
-225.793
-223.585
-256.181
-256.994
-403.222
53.7159
-1585.34
-818.586
-84.9413
-157.619
-236.416
-212.611
-219.572
-223.584
-214.699
-225.561
-223.753
-256.952
-259.296
-395.322
50.517
-1591.87
-818.926
-84.9127
-157.776
-236.628
-212.867
-219.938
-224.277
-214.813
-225.84
-222.875
-257.726
-261.491
-401.254
48.1356
-1568.42
-819.275
-84.9589
-157.925
-236.884
-213.197
-220.147
-224.427
-215.24
-227.168
-224.593
-259.599
-260.446
-399.115
49.4289
-1580.77
-819.558
-85.0446
-158.05
-237.184
-213.567
-220.572
-225.04
-216.504
-228.957
-226.295
-261.454
-259.342
-409.957
57.2405
-1569.99
-819.88
-85.3102
-158.278
-237.636
-214.147
-221.394
-226.408
-218.227
-230.267
-226.147
-261.877
-254.74
-422.162
60.1001
-1576.19
-820.118
-85.5233
-158.446
-237.991
-214.482
-221.754
-226.973
-219.374
-231.213
-225.512
-266.136
-252.703
-444.741
61.9482
-1565.58
-820.45
-85.9536
-158.71
-238.473
-214.962
-222.049
-227.269
-220.043
-232.688
-225.228
-272.275
-247.629
-473.541
58.9151
-1556.24
-820.605
-86.1435
-158.819
-238.71
-215.079
-221.798
-226.787
-219.276
-233.195
-224.969
-278.641
-242.203
-504.399
54.3334
-1547.46
-820.929
-86.6606
-159.076
-239.206
-215.578
-221.968
-227.076
-219.013
-233.372
-224.343
-283.237
-239.693
-534.522
50.1133
-1540.74
-972.016
-126.561
-176.488
-279.631
-248.682
-251.277
-259.016
-232.163
-270.193
-230.357
-384.238
-209.708
-1124.17
201.903
-1868.69
-972.167
-126.272
-176.445
-279.515
-248.475
-251.4
-258.465
-233.255
-269.014
-233.18
-376.018
-223.375
-1017.29
174.229
-1935.42
-972.559
-126.064
-176.46
-279.528
-248.59
-252.006
-259.652
-235.484
-269.346
-234.449
-363.459
-237.988
-862.55
183.143
-2046.52
-972.855
-125.8
-176.506
-279.502
-248.568
-252.394
-260.046
-236.61
-266.933
-237.039
-344.793
-249.962
-670.285
156.972
-2061.82
-973.324
-125.697
-176.626
-279.573
-248.656
-252.641
-260.014
-237.126
-266.007
-240.594
-334.559
-272.728
-583.241
129.093
-2058.06
-973.728
-125.569
-176.77
-279.671
-248.662
-252.553
-258.813
-235.853
-264.021
-242.25
-331.047
-280.225
-555.656
108.783
-2034.78
-974.22
-125.57
-176.998
-279.899
-248.854
-252.669
-258.44
-235.253
-263.193
-243.168
-330.095
-285.596
-543.74
88.2631
-2023.83
-974.641
-125.575
-177.204
-280.189
-249.256
-253.284
-259.868
-236.428
-265.283
-242.415
-331.901
-287.405
-558.537
79.9486
-2004.36
-975.091
-125.736
-177.425
-280.536
-249.743
-253.64
-259.808
-237.176
-266.156
-245.063
-333.98
-286.69
-548.094
90.113
-2000.2
-975.458
-125.92
-177.617
-280.93
-250.305
-254.29
-260.691
-238.411
-269.156
-247.781
-340.411
-284.921
-569.184
118.462
-1998.19
-975.885
-126.27
-177.92
-281.507
-251.253
-255.587
-264.008
-240.625
-273.476
-247.612
-347.699
-277.025
-607.364
147.234
-2010.79
-976.205
-126.515
-178.141
-281.966
-251.897
-256.339
-265.696
-242.534
-276.78
-245.459
-361.335
-258.485
-724.764
184.756
-2000.6
-976.629
-126.969
-178.469
-282.57
-252.782
-257.047
-266.997
-243.238
-281.028
-244.328
-383.234
-251.434
-928.779
215.865
-1968.16
-976.823
-127.167
-178.603
-282.864
-253.097
-256.952
-266.308
-241.821
-282.145
-244.47
-398.117
-239.514
-1066.87
213.528
-1850.36
-977.198
-127.697
-178.917
-283.456
-254.012
-257.711
-267.989
-242.213
-284.645
-242.981
-408.986
-229.486
-1172.33
242.746
-1782.2
-1140.39
-175.27
-199.629
-331.189
-298.185
-299.688
-321.872
-267.732
-350.309
-244.889
-512.746
-104.015
-1211.18
-21.8069
-2260.17
-1140.64
-174.988
-199.593
-331.098
-297.803
-299.547
-320.257
-267.638
-346.525
-249.985
-504.733
-134.278
-1209.7
3.67363
-2256.81
-1141.15
-174.759
-199.617
-331.152
-297.834
-300.059
-321.017
-271.394
-345.483
-254.574
-502.006
-166.473
-1284.62
-27.0112
-2337.51
-1141.54
-174.502
-199.684
-331.181
-297.663
-300.303
-320.429
-273.119
-340.804
-259.472
-477.791
-204.169
-1112.57
74.0299
-2625.41
-1142.13
-174.399
-199.836
-331.345
-297.716
-300.56
-319.772
-273.403
-337.211
-263.425
-445.364
-233.295
-826.331
167.227
-2622.96
-1142.66
-174.264
-200.014
-331.547
-297.742
-300.631
-318.427
-272.187
-334.354
-267.222
-440.365
-284.311
-748.347
157.877
-2559.32
-1143.28
-174.305
-200.282
-331.907
-298.111
-301.027
-318.402
-272.635
-332.501
-270.028
-437.593
-284.268
-709.598
122.495
-2618.84
-1143.82
-174.366
-200.541
-332.311
-298.691
-301.878
-320.185
-275.601
-335.979
-273.298
-442.135
-277.431
-889.611
36.3928
-2379.75
-1144.41
-174.616
-200.864
-332.805
-299.448
-302.561
-320.778
-275.543
-338.245
-273.652
-443.352
-285.236
-703.355
127.601
-2616.85
-1144.9
-174.864
-201.154
-333.324
-300.296
-303.489
-322.446
-276.265
-343.851
-274.935
-456.251
-285.806
-777.647
175.735
-2520.84
-1145.46
-175.301
-201.566
-334.045
-301.645
-305.078
-327.027
-279.117
-351.37
-273.903
-472.817
-242.079
-917.586
172.807
-2597.72
-1145.87
-175.612
-201.871
-334.622
-302.673
-306.252
-330.178
-282.846
-359.381
-273.495
-510.872
-218.465
-1239.08
74.8339
-2519.34
-1146.38
-176.156
-202.305
-335.39
-304.063
-307.544
-333.3
-284.18
-367.465
-270.493
-536.966
-184.571
-1334.12
1.11883
-2242.7
-1146.62
-176.415
-202.486
-335.769
-304.691
-307.809
-333.623
-281.269
-370.49
-267.658
-546.154
-156.393
-1268.18
10.522
-2158.34
-1147.04
-177.042
-202.899
-336.512
-306.094
-309.195
-337.283
-283.192
-377.074
-264.433
-558.631
-134.152
-1276.08
1.93063
-2156.49
-1318.99
-237.319
-228.406
-394.691
-364.051
-365.862
-413.523
-337.267
-465.179
-278.744
-584.599
-170.397
-553.847
4.44891
-3538.12
-1319.34
-237.055
-228.372
-394.646
-363.576
-365.725
-411.575
-337.12
-461.547
-285.428
-603.225
-175.316
-807.985
-201.592
-3155.81
-1319.98
-236.812
-228.399
-394.768
-363.55
-366.218
-411.517
-340.817
-459.932
-291.138
-604.011
-172.247
-985.293
-140.623
-2878.13
-1320.5
-236.554
-228.484
-394.881
-363.303
-366.477
-410.4
-342.668
-455.769
-300.458
-605.994
-190.591
-1241.58
-177.358
-2866.97
-1321.23
-236.451
-228.672
-395.165
-363.395
-366.918
-409.536
-343.157
-449.55
-309.778
-577.131
-231.398
-1163.26
-46.4036
-3301.86
-1321.9
-236.318
-228.886
-395.489
-363.531
-367.267
-408.611
-342.542
-445.003
-315.183
-551.755
-254.608
-1015.41
165.319
-3164.78
-1322.68
-236.397
-229.216
-396.002
-364.134
-368.062
-409.151
-344.421
-444.341
-321.076
-561.846
-296.451
-883.532
129.833
-3225.5
-1323.37
-236.506
-229.548
-396.541
-364.928
-369.113
-411.106
-347.752
-449.665
-324.509
-576.98
-243.818
-1227.04
-64.4745
-2836.18
-1324.12
-236.845
-229.99
-397.226
-366.061
-370.178
-413.003
-347.443
-452.012
-327.129
-570.174
-289.29
-844.628
151.248
-3221.75
-1324.75
-237.187
-230.392
-397.894
-367.286
-371.329
-415.898
-347.68
-458.823
-325.884
-583.905
-270.587
-1099.02
222.837
-3107.92
-1325.43
-237.759
-230.938
-398.791
-369.09
-373.184
-421.324
-352.084
-471.463
-325.651
-624.03
-253.24
-1328.85
25.6807
-3178.83
-1325.93
-238.183
-231.353
-399.493
-370.551
-374.601
-425.808
-356.231
-484.96
-321.296
-657.809
-215.116
-1290.76
-58.512
-2741.68
-1326.54
-238.86
-231.93
-400.443
-372.495
-376.38
-430.696
-358.521
-494.902
-316.285
-660.471
-204.415
-1010.49
-29.99
-2821.24
-1326.83
-239.204
-232.18
-400.908
-373.483
-376.973
-432.724
-356.295
-500.041
-313.235
-670.67
-214.34
-802.574
-46.8369
-3079.63
-1327.3
-239.959
-232.729
-401.821
-375.389
-378.79
-437.661
-358.921
-509.509
-308.894
-662.174
-201.972
-638.455
184.156
-3284.68
-1502.16
-314.432
-261.839
-468.065
-442.61
-442.139
-521.202
-428.965
-605.797
-350.845
-715.133
-178.166
-890.247
752.386
-4177.81
-1502.61
-314.186
-261.781
-468.062
-442.012
-442.097
-519.259
-429.936
-604.622
-356.533
-742.248
-190.154
-901.267
163.37
-4277.25
-1503.37
-313.923
-261.804
-468.267
-441.95
-442.699
-518.811
-433.281
-605.15
-365.956
-769.437
-235.896
-1134.86
-245.934
-4006.58
-1504.03
-313.655
-261.893
-468.468
-441.619
-443.075
-517.371
-435.289
-602.266
-372.607
-780.216
-252.23
-1276.73
-121.01
-3442.94
-1504.92
-313.557
-262.115
-468.898
-441.797
-443.877
-516.601
-437.221
-596.858
-386.976
-752.228
-273.884
-1608.85
-207.541
-3454.99
-1505.77
-313.434
-262.371
-469.358
-442.053
-444.583
-516.147
-438.299
-592.917
-395.742
-728.085
-352.712
-1529.6
39.5604
-3859.97
-1506.73
-313.561
-262.788
-470.061
-442.935
-445.871
-517.337
-441.217
-592.87
-403.938
-716.997
-338.316
-1153.1
206.284
-3969.46
-1507.61
-313.729
-263.217
-470.769
-444.03
-447.184
-519.918
-444.381
-600.855
-410.236
-769.577
-326.535
-1587.53
-7.46423
-3333.82
-1508.55
-314.181
-263.81
-471.702
-445.698
-448.735
-523.357
-445.544
-602.635
-412.256
-721.333
-332.085
-1186.74
234.9
-3988.85
-1509.34
-314.647
-264.352
-472.564
-447.465
-450.161
-527.942
-446.71
-614.262
-411.634
-773.284
-377.866
-1666.86
116.652
-3790.38
-1510.18
-315.391
-265.079
-473.703
-449.939
-452.382
-534.853
-451.21
-633.028
-409.938
-818.265
-300.572
-1720.68
-118.123
-3363
-1510.81
-315.959
-265.645
-474.575
-451.997
-453.987
-540.902
-454.359
-650.163
-403.141
-859.118
-298.248
-1341.74
-59.6554
-3448.15
-1511.53
-316.81
-266.426
-475.772
-454.716
-456.303
-547.952
-457.731
-664.83
-403.232
-868.669
-304.674
-1186.3
-46.3982
-4024.74
-1511.9
-317.267
-266.783
-476.357
-456.18
-457.214
-551.659
-457.258
-671.312
-400.685
-859.663
-263.27
-1062.05
377.169
-4103.71
-1512.45
-318.189
-267.532
-477.508
-458.801
-459.581
-558.196
-460.369
-682.269
-400.451
-859.82
-268.829
-1146.45
744.548
-3993.36
-1681.69
-413.16
-306.315
-556.631
-549.4
-542.918
-673.229
-551.876
-835.353
-456.735
-1103.78
-290.514
-1940.63
440.587
-4620.83
-1682.2
-412.939
-306.195
-556.668
-548.447
-542.945
-670.101
-553.535
-828.879
-464.105
-1079.19
-278.445
-1749.26
462.695
-4713.32
-1683.07
-412.665
-306.192
-556.984
-548.231
-543.838
-668.778
-556.798
-825.517
-472.45
-1083.59
-284.004
-1714.3
-50.617
-4972.76
-1683.86
-412.398
-306.237
-557.284
-547.602
-544.457
-666.128
-559.373
-818.781
-479.191
-1111.65
-361.413
-1899.84
-387.535
-4540.75
-1684.89
-412.317
-306.463
-557.89
-547.729
-545.814
-664.649
-562.629
-807.154
-488.14
-1039.52
-301.63
-1930.43
-166.767
-4100.39
-1685.89
-412.219
-306.733
-558.494
-547.965
-546.96
-663.937
-565.737
-802.756
-502.864
-1016.36
-393.112
-2298.16
-216.232
-4137.05
-1687.03
-412.404
-307.231
-559.407
-549.127
-548.799
-665.547
-570.121
-801.427
-519.726
-971.037
-440.841
-1763.71
14.1999
-5020.04
-1688.08
-412.641
-307.765
-560.272
-550.613
-550.377
-669.274
-573.883
-814.458
-535.062
-1056.85
-510.2
-1639.08
486.336
-4500.47
-1689.2
-413.199
-308.537
-561.434
-553.035
-552.332
-674.778
-575.997
-819.383
-531.427
-1002
-474.341
-1977.66
236.565
-4864.81
-1690.17
-413.777
-309.261
-562.451
-555.621
-553.881
-682.065
-577.181
-840.08
-521.762
-1075.63
-418.558
-2576.26
230.486
-4020.82
-1691.17
-414.663
-310.237
-563.797
-559.152
-556.328
-692.194
-580.852
-868.687
-517.222
-1151.95
-367.336
-2080.06
223.059
-4464.6
-1691.94
-415.364
-311.01
-564.791
-562.164
-557.94
-701.593
-583.452
-900.139
-518.766
-1267.73
-462.371
-2022.6
216.776
-4865.79
-1692.77
-416.379
-312.068
-566.208
-566.064
-560.663
-712.661
-587.704
-930.246
-523.907
-1319.86
-421.09
-2317.9
700.72
-4803.01
-1693.23
-416.946
-312.578
-566.872
-568.236
-561.701
-719.104
-588.658
-948.911
-527.708
-1357.39
-419.955
-2560.32
965.925
-4464.12
-1693.84
-418.027
-313.598
-568.261
-571.932
-564.685
-729.221
-593.257
-974.87
-531.563
-1429.1
-417.824
-2983.58
1033.62
-4336.2
-1849.27
-532.273
-357.475
-652.692
-666.639
-644.121
-837.772
-673.321
-1141.69
-608.341
-1862.33
-358.696
-4593.89
659.243
-4923.05
-1849.81
-532.019
-357.207
-652.62
-664.675
-643.487
-829.928
-671.74
-1115.7
-609.13
-1820.42
-504.727
-4274.64
693.422
-5027.12
-1850.76
-531.756
-357.152
-653.015
-663.963
-644.512
-825.587
-674.028
-1095.84
-602.725
-1786.44
-551.315
-3777.49
797.78
-5362.91
-1851.65
-531.467
-357.062
-653.329
-662.422
-644.941
-818.356
-675.288
-1065.42
-597.64
-1754.65
-630.628
-3333.2
311.52
-5913.99
-1852.82
-531.421
-357.255
-654.106
-662.11
-646.665
-813.553
-678.38
-1029.5
-596.956
-1548.17
-511.941
-2840.27
344.503
-6078.63
-1853.98
-531.342
-357.488
-654.814
-661.947
-647.995
-810.649
-682.69
-1013.63
-611.496
-1434.93
-431.035
-3388.57
65.5994
-5714.78
-1855.32
-531.611
-358.066
-655.952
-663.278
-650.282
-811.859
-688.119
-1007.48
-631.273
-1329.57
-588.864
-2810.35
408.358
-6991.72
-1856.57
-531.936
-358.707
-656.969
-665.148
-651.999
-816.869
-693.053
-1026.26
-654.648
-1403.34
-612.53
-2495.77
1046.96
-6675.58
-1857.92
-532.65
-359.709
-658.387
-668.55
-654.295
-825.313
-695.444
-1040.11
-646.386
-1395.55
-636.154
-3062.85
689.4
-6903.79
-1859.11
-533.379
-360.68
-659.581
-672.311
-655.929
-836.981
-696.283
-1076.88
-626.214
-1528.13
-481.396
-3451.08
473.544
-6193.13
-1860.35
-534.476
-362.015
-661.211
-677.494
-658.731
-853.244
-699.308
-1129.74
-617.686
-1747
-605.231
-3240.07
510.949
-6617.46
-1861.31
-535.366
-363.085
-662.382
-682.053
-660.425
-869.368
-701.992
-1197.54
-631.7
-2090.44
-795.341
-4361.17
683.797
-6010.91
-1862.32
-536.648
-364.562
-664.163
-687.961
-663.977
-888.662
-708.249
-1265.71
-647.311
-2266.12
-719.907
-5233.49
752.182
-5248.84
-1862.88
-537.377
-365.302
-664.975
-691.333
-665.254
-900.159
-709.93
-1305.06
-665.011
-2310.13
-684.992
-5393.64
645.803
-5162.45
-1863.63
-538.732
-366.743
-666.797
-696.96
-669.707
-918.094
-719.791
-1362.68
-689.662
-2432.8
-551.925
-5835.95
694.117
-5133.01
-1963.32
-708.272
-439.859
-757.488
-849.093
-788.171
-1112.48
-819.552
-1597.51
-694.363
-2548.61
-199.784
-4762.89
508.692
-7188.64
-1963.87
-708.084
-439.217
-757.459
-845.28
-787.773
-1097.65
-818.951
-1552.74
-719.317
-2531.92
-429.668
-5138.54
694.83
-6804.15
-1964.77
-707.877
-438.963
-758.111
-843.415
-790.212
-1088.36
-827.961
-1519.59
-730.925
-2483.73
-493.651
-5292.61
1080.47
-6977.28
-1965.7
-707.656
-438.513
-758.651
-840.054
-792.12
-1073.86
-838.836
-1469.9
-757.785
-2497.78
-646.242
-5191.36
279.499
-7379.14
-1966.88
-707.69
-438.5
-759.811
-838.635
-795.932
-1063.63
-853.048
-1409.71
-792.588
-2191.61
-497.553
-4613.18
655.018
-7713.86
-1968.09
-707.711
-438.529
-760.764
-837.562
-798.642
-1056.31
-864.688
-1376.02
-826.233
-2034.59
-429.939
-4750.24
380.677
-7064.63
-1969.44
-708.096
-439.104
-762.158
-838.931
-801.937
-1055.94
-873.285
-1356.38
-853.752
-1896.32
-702.353
-4165.06
391.1
-9853.46
-1970.76
-708.561
-439.84
-763.234
-841.397
-803.651
-1062.72
-878.928
-1380.29
-876.308
-1970.84
-705.633
-3565.9
1587.84
-9724.59
-1972.17
-709.412
-441.163
-764.698
-846.363
-805.65
-1076.17
-879.331
-1403.88
-861.448
-1986.17
-795.138
-4241.49
1371.91
-9747.36
-1973.46
-710.272
-442.535
-765.739
-852.162
-806.09
-1095.87
-875.466
-1468.74
-837.736
-2179.1
-698.23
-4352.1
790.242
-9545.66
-1974.75
-711.482
-444.451
-767.236
-860.052
-807.482
-1122.32
-869.933
-1552.5
-802.654
-2471.73
-710.59
-4728.47
908.144
-9892.91
-1975.8
-712.498
-446.045
-768.125
-867.201
-807.088
-1149.14
-859.763
-1661.91
-758.357
-2952.02
-801.843
-6088.93
868.211
-8623.4
-1976.84
-713.902
-448.186
-769.798
-876.09
-809.107
-1179.82
-853.597
-1766.28
-731.39
-3105.65
-591.751
-6359.8
960.516
-8117.23
-1977.45
-714.726
-449.305
-770.392
-881.273
-808.825
-1198.12
-845.534
-1827.03
-716.77
-3174
-471.277
-6332.53
897.604
-8066.91
-1978.2
-716.197
-451.383
-772.292
-889.404
-813.106
-1225.41
-852.827
-1915.2
-716.817
-3371.12
-241.353
-6633.83
1015.62
-8024.48
-2170.33
-3047.28
-3889.11
-4970.33
-6329.91
-7972.04
-10170.9
-12707.3
-16401.7
-20255.1
-27671
-30563.2
-56190.3
-44109.9
-141975
-866.603
-1103.65
-1262.76
-1571.76
-1961.45
-2447.21
-3137.24
-3928.48
-5221.31
-6476.81
-9501.16
-12003.6
-16845.1
-26847.2
-20840.6
-582.322
-785.416
-968.544
-1262.84
-1594.73
-2037.77
-2581.13
-3342.38
-4249.87
-5773.16
-7399.5
-11354.6
-13973.4
-27740.3
-5161.28
-879.759
-1192.02
-1497.58
-1927.79
-2445.06
-3124.46
-3935.19
-5010.58
-6213.1
-7921.02
-9712.72
-12160.8
-14591.1
-15560.1
-13815.6
-1007.57
-1351.25
-1687.04
-2135.46
-2664.98
-3331.77
-4092.26
-5079.38
-6100.66
-7617.89
-8797.82
-11456.7
-11782.3
-17042.2
-16833.4
-892.239
-1203.72
-1524.69
-1982.03
-2553.16
-3261.86
-4030.31
-4948.73
-5764.52
-6902.53
-7435.69
-9362.4
-8854.01
-12372.1
-8868.85
-1316.22
-1802.72
-2306.35
-2891.59
-3533.4
-4237.12
-4917.58
-5700.54
-6335.55
-7382.45
-7792.96
-10525.4
-9727.95
-17533.1
-19058.8
-896.023
-1241.07
-1643.88
-2209.38
-2891.61
-3628.77
-4281.04
-4893.27
-5156.06
-5512.38
-5232.92
-7007.72
-4773.45
-13976.8
5004.14
-1903.27
-2662.28
-3571.83
-4325.58
-5008
-5524.19
-5777.09
-5916.62
-5814.02
-6031.03
-6700
-10855.9
-9637.84
-13786.6
-8624.23
-830.244
-1202.11
-1812.11
-2611.08
-3408.46
-3940.02
-4191.28
-4253.34
-3406.99
-2927.26
-1288.38
-2969.39
-2103.47
-4082.34
8545.65
-2705.36
-3982.92
-6450.47
-7409.4
-8139.04
-7861.72
-7075.91
-5406.47
-3991.81
-2438.64
-5840.67
-15036.4
-15603.5
-22967.4
-5217.47
-528.377
-526.005
-1454.71
-2428.7
-2821.31
-2521.27
-2472.82
-2444.39
686.19
-1854.62
-1133.17
-4063.98
-1380.32
-9342.2
11743.8
-4821.79
-6971.63
-13790.2
-14272.7
-16341.6
-15503.5
-14071.6
-5185.19
-7367.08
-17923.7
-22166.9
-41343.2
-36488.9
-29249.9
-27890.4
1282.35
3545.23
4428.31
4132.05
6673.82
8466.51
5143.19
10885.7
-6468.57
-23951.9
-6452.74
1250.77
5851.72
2974.07
39245.1
-13388.5
-15234.5
-11630
-17055.3
-23255.2
-35361.4
-62550.3
-109863
-128319
-75981.5
-31494.5
-32374.6
-37187.6
-58000.4
-91474.6
-2170.86
-3047.82
-3890.02
-4969.87
-6327.43
-7967.05
-10162.1
-12695.2
-16382.3
-20233.6
-27631.4
-30559.5
-55881.2
-43946.9
-138611
-866.404
-1102.92
-1261.08
-1568.94
-1956.34
-2438.54
-3123.75
-3910.9
-5194.16
-6445.43
-9441.42
-11946.4
-16863.1
-26302
-20955.4
-581.169
-783.322
-965.314
-1257.96
-1587.84
-2028.25
-2568.33
-3326.53
-4228.34
-5749.36
-7364.52
-11323.8
-13997.9
-27544.7
-6987.34
-879.767
-1190.43
-1493.18
-1918.61
-2429.99
-3101.85
-3905.91
-4975.93
-6173.92
-7885.77
-9656.46
-12126.7
-14428.3
-15481.7
-13965.9
-1000.84
-1338.7
-1667.85
-2109.08
-2632.06
-3291.58
-4047.09
-5029.81
-6047.88
-7571.89
-8717.9
-11405
-11555.7
-17124.9
-17055.6
-891.782
-1197.19
-1507.9
-1951.65
-2508.17
-3201.13
-3961.42
-4878.68
-5707.1
-6869.86
-7391.12
-9351.39
-8514.57
-12235.8
-7278.25
-1286.6
-1750.24
-2234.01
-2803.83
-3438.15
-4143.5
-4837.16
-5636.53
-6293.96
-7372.77
-7731.3
-10400.5
-8999.65
-17906
-19447.7
-893.816
-1221.4
-1594.81
-2138.34
-2802.39
-3521.54
-4174.84
-4803.15
-5135.1
-5572.77
-5289.09
-6880.76
-4132.29
-14133.1
17707.1
-1778.53
-2500.09
-3413.86
-4131.74
-4794.37
-5362.3
-5699.82
-5937.6
-5946.79
-6257.82
-6706.54
-9839.07
-8303.06
-12163.4
2262.31
-789.654
-1132.76
-1792.31
-2634.11
-3403.96
-3940.14
-4233.09
-4256.74
-3694.13
-3298.22
-1770.17
-3176.73
-2658.1
-4761.02
-2690.06
-2767.57
-4092.94
-6275.69
-7122.03
-7807.76
-7819.93
-7183.76
-5902.88
-4765.19
-2995.49
-5301.11
-13124.8
-16535.4
-24174.3
-15967.4
-579.236
-867.919
-1923.12
-2858
-3520.06
-3507.54
-3149.42
-2396.67
-145.069
-5697.9
-9603.66
-6209.71
-2213.69
-8485.61
715.677
-5750.75
-5867.56
-13473.5
-14572.5
-16448.3
-16357
-14492.9
-9917.69
-26801.1
-44578.7
-29643.8
-31686.9
-34974.9
-35111
-23940.3
330.962
2210.1
4104.77
3522.77
5412.95
6208.25
6336.66
-2426.6
-30798.6
-32888.7
-10434.5
1691.31
3973.1
-5085.86
12758.5
-12389.3
-16627.6
-11638
-16926.5
-22581.2
-32320.9
-55207
-87838
-90078.9
-50184.9
-30850.9
-31785.1
-28632.1
-49186
-89638.4
-2171.78
-3048.81
-3891.95
-4971.57
-6326.96
-7965
-10157.4
-12688.3
-16369.4
-20219.6
-27599.8
-30549.9
-55849.1
-43853.2
-139326
-866.246
-1102.31
-1259.79
-1567.37
-1953.73
-2433.67
-3116.36
-3901.33
-5179.16
-6429.16
-9406.42
-11895.1
-16823.6
-26190
-20251.1
-580.639
-782.313
-963.852
-1256.13
-1584.85
-2023.9
-2562.58
-3319.23
-4218.84
-5739.74
-7346.48
-11310.4
-13961.7
-27547.5
-6530.44
-880.705
-1190.63
-1492.03
-1915.1
-2423.3
-3090.74
-3891.34
-4958.18
-6155.19
-7870.4
-9629.16
-12115.5
-14335.7
-15419.1
-13482.5
-997.27
-1332.28
-1658.95
-2098.16
-2619.16
-3275.07
-4028.52
-5008.03
-6026.59
-7550.77
-8678.52
-11374.9
-11401.3
-17183.1
-17150.6
-895.575
-1198.69
-1504.97
-1942.95
-2493.34
-3178.13
-3934.78
-4851.02
-5691.75
-6862.54
-7388.49
-9362.68
-8310.32
-12490.2
-8220.39
-1267.96
-1717.11
-2197.78
-2776.15
-3415.28
-4118.93
-4815.11
-5616.88
-6288.91
-7365.1
-7718.13
-10235.1
-8594.62
-18438.6
-18415.3
-908.57
-1229.45
-1595.96
-2141.62
-2799.09
-3498.6
-4142.32
-4778.73
-5154.37
-5626.3
-5405.11
-6721.28
-3370.42
-14073.5
17489.1
-1682.95
-2379.21
-3351.38
-4168.65
-4846.8
-5401.19
-5732.8
-5992.81
-6028.03
-6425.23
-6891.92
-9931.39
-8341.61
-12454.7
-695.892
-772.949
-1113
-1660.51
-2526.32
-3394.93
-3989.01
-4289.91
-4323.1
-3816.59
-3818.57
-2880.04
-3964.8
-3299.52
-4643.7
3525.69
-2922.76
-4217.49
-6914.44
-8365.12
-8833.88
-8363.84
-7446.52
-6445.06
-5401.5
-3999.35
-5268.27
-14391.3
-17647.8
-24199.7
-16144.6
-692.069
-937.544
-2377.81
-3862.16
-5210.3
-5318
-4420.2
-3345.91
-818.081
-3172.26
-7854.04
-8662.59
-1574.05
-6820.71
2973.76
-6322.4
-5024.25
-13894.2
-16346.5
-17721.8
-17605
-14567.7
-14794.4
-17944.3
-23982.3
-27431.7
-31950.3
-36297.7
-38267.5
-21841
821.404
2756.56
5351.79
4553.09
6111.66
7105.47
7853.41
-4238.28
-16734.4
-14139.3
-14381.6
-9591.29
2379.44
-8820.56
23909.7
-11814.8
-17945.9
-12475.6
-16723.7
-22721.5
-31021.6
-51598.5
-66113.1
-59893.7
-40179.6
-31982.4
-36193.5
-26998.3
-42714.6
-103628
-2172.8
-3049.7
-3893.32
-4974.64
-6327.44
-7961.24
-10148.8
-12675.9
-16347.4
-20194.5
-27557.5
-30507.6
-55720.2
-43803.1
-138880
-866.108
-1101.62
-1257.92
-1564.03
-1949.78
-2426.11
-3103.86
-3885.21
-5154.2
-6402.2
-9354.94
-11827.6
-16750.7
-25888.2
-19658.4
-579.756
-780.584
-960.902
-1251.89
-1579.21
-2015.39
-2550.7
-3303.65
-4198.3
-5715.74
-7309.82
-11270.2
-13919.3
-27352.7
-6502.06
-881.523
-1190.34
-1489.5
-1908.62
-2411.38
-3070.64
-3864.09
-4923.87
-6117.71
-7833.84
-9574.82
-12081.3
-14189.7
-15259.9
-13464.6
-991.134
-1320.95
-1641.44
-2074.52
-2590.26
-3238.96
-3987.48
-4960.11
-5977.82
-7497.88
-8595.52
-11297.3
-11107.7
-17141.1
-17363.7
-899.297
-1199.55
-1499.34
-1925.19
-2460.78
-3128.53
-3875.65
-4786.51
-5644.61
-6823.46
-7359.29
-9366.97
-7995.45
-12675.4
-8051.31
-1240.18
-1661.22
-2111.08
-2680.49
-3326.56
-4039.28
-4747.59
-5557.3
-6256.55
-7316.16
-7644.6
-9891.25
-7769.01
-18837.1
-17545.9
-928.855
-1246.65
-1613.49
-2137.43
-2759.33
-3423.58
-4057.43
-4707.07
-5164.04
-5652.29
-5521.93
-6712.01
-3008.1
-13527.8
18955.5
-1555.09
-2149.04
-2957.23
-3779.44
-4609.26
-5326.96
-5748.84
-6061.89
-6214.72
-6515.29
-6890.95
-9145.79
-7928.87
-11708.4
881.381
-835.464
-1218.27
-1711.66
-2507.2
-3268.69
-3851.87
-4247.6
-4316.24
-4162.75
-4095.74
-3601.32
-4219.37
-2403.99
237.449
15273
-2957.95
-3943.89
-6154.21
-7751.52
-8857.57
-9150.78
-8271.08
-7251.77
-7003.28
-6183.74
-6052.64
-14785.6
-16446.9
-21425.6
-13709.5
-1143.44
-1320.45
-2461.36
-4222.2
-5871.65
-6935.88
-6833.24
-6081.51
-3282.35
-2882.73
-6563.38
-7558.48
-14.2545
-2331.49
15430.7
-5308.03
-5112.43
-12198.9
-17184.1
-20142.4
-20194.4
-19786.7
-18756.3
-16889
-20324.2
-25350.1
-31613.4
-29702.3
-39759
-27929.9
896.146
3673.34
5884.53
5771.48
5899.67
4779.92
2587.62
-3071.28
-10711
-14858.2
-10783.9
-7985.07
5899.69
8067.78
30559
-14224.5
-17884.8
-15513.2
-18302.1
-23154.7
-31005.9
-43992.4
-45381.3
-38167.6
-29918.7
-25215.3
-25284
-24321.9
-34010.1
-99713.3
-2174.18
-3051.31
-3894.85
-4978.03
-6332.42
-7960.22
-10142.4
-12665.5
-16327.5
-20171.2
-27518.5
-30468.6
-55641.9
-43690.6
-138539
-866.228
-1101.44
-1256.89
-1561.32
-1947.29
-2423.49
-3097.47
-3875.39
-5136.8
-6385.33
-9315.15
-11785.1
-16704.8
-25725.9
-19823.8
-579.515
-779.984
-959.624
-1249.35
-1576.28
-2010.8
-2543.39
-3293.03
-4184.48
-5698.7
-7282.71
-11246.6
-13880.5
-27277.2
-6754.79
-883.09
-1191.6
-1489.66
-1906.05
-2405.44
-3058.77
-3847.06
-4900.34
-6092.84
-7807.93
-9536.25
-12061.6
-14084.5
-15224.1
-13689.9
-987.877
-1315.06
-1632.09
-2060.75
-2572.79
-3215.75
-3961.32
-4926.99
-5946.79
-7456.41
-8536.66
-11224.8
-10886.3
-17102.2
-17492.1
-904.755
-1205.12
-1502.22
-1918.8
-2442.83
-3097.66
-3838.88
-4744.39
-5619.12
-6792.04
-7359.11
-9351.07
-7834.02
-12889.1
-8037.15
-1219.82
-1626.73
-2052.96
-2603.75
-3248.97
-3965.24
-4686.68
-5502.98
-6228.12
-7271.5
-7606.35
-9566.87
-7264.47
-18568.2
-16486.5
-947.346
-1264.27
-1626.83
-2122.83
-2725.87
-3379.53
-4003.6
-4662.73
-5166.56
-5669.07
-5640.07
-6692.47
-3399.57
-12234.7
22077.9
-1444.99
-1967.97
-2647.64
-3440.86
-4283.65
-5023.14
-5547.81
-5946.94
-6197.15
-6711.27
-7202.95
-8144.14
-7432.74
-9888.35
6119.78
-907.781
-1327
-1810.23
-2484.2
-3162.63
-3729.53
-4162.73
-4415.74
-4528.59
-4710.86
-3345.7
-2454.55
-1535.47
6487.8
24143.2
-2510.19
-3311.19
-4744.93
-6264.96
-7580.46
-7941.53
-7411.78
-7002.9
-7654.08
-8725.26
-7034.46
-12877
-16313.3
-15365.5
-10846.1
-768.989
-981.074
-1892.8
-2819.37
-3885.18
-5113.73
-5109.34
-4779.9
-3886.61
-2077.48
-4453.27
-6727.08
-1921.54
1009.28
28338.5
-4927.75
-3933.42
-8598.8
-14048.3
-18266.3
-21281.4
-22199.5
-18443.7
-15592.2
-15852.5
-18725.3
-23159.4
-25496.8
-35845.5
-42523.1
895.555
2125.96
5429.76
5956.95
6217.24
4382.65
968.733
-2081.32
-6449.27
-8304.95
-9499.53
-6366.75
7287.62
19377.1
54552.8
-14251.8
-19854.4
-18124
-19934.8
-24183
-30554.4
-35757.5
-34069.7
-31193.2
-28354.5
-26851.5
-27311.2
-23020.9
-35388.5
-72944.9
-2175.59
-3053.27
-3897.03
-4980.16
-6337.9
-7961.09
-10135.7
-12653.5
-16302.2
-20145.4
-27468.8
-30424.3
-55523.1
-43580.9
-138204
-866.325
-1101.21
-1256.09
-1558.69
-1942.58
-2421.03
-3093.86
-3868.8
-5119.12
-6369.16
-9265.56
-11750.1
-16619.2
-25564.6
-19641
-579.334
-779.524
-958.624
-1247.11
-1572.26
-2004.55
-2534.42
-3279.46
-4166.31
-5674.41
-7247.34
-11210.8
-13836.3
-27179.9
-6871.28
-884.322
-1192.65
-1489.96
-1903.86
-2399.15
-3045.53
-3827.85
-4872.09
-6061.41
-7769.71
-9483.09
-12022.6
-13968.2
-15209.8
-14021.7
-985.246
-1310.23
-1624.11
-2048.09
-2554.12
-3188.2
-3928.36
-4883.9
-5904.89
-7393.34
-8462.16
-11124.3
-10668.2
-16965.8
-17477.2
-908.763
-1209.3
-1505.74
-1917.39
-2429.38
-3065.87
-3794.48
-4687.86
-5576.82
-6727.58
-7336.74
-9305.7
-7791.91
-13067.7
-8695.02
-1206.47
-1609.33
-2026.74
-2566.25
-3194.9
-3896.75
-4620.91
-5441.34
-6192.41
-7178.52
-7595.47
-9356.1
-6848
-17288.1
-15022.5
-968.319
-1288.38
-1652.83
-2140.59
-2718.72
-3347.91
-3956.67
-4615.85
-5135.18
-5605.31
-5759.4
-6527.84
-4132.57
-10615
22405.3
-1406.49
-1909.3
-2534.85
-3303.13
-4109.15
-4822.33
-5406.69
-5958.72
-6266.62
-6840.33
-7420.6
-7383.41
-7110.11
-6656.74
10937.9
-1005.08
-1433.01
-1920.03
-2644.54
-3358.66
-3875.5
-4237.95
-4602.53
-4592.6
-4744.32
-4077.15
-3567.75
-2441.33
12976.5
28838.4
-2149.46
-2760.45
-4010.03
-5580.69
-6862.69
-7172.33
-6847.67
-6742.83
-6884.66
-8888.51
-10028.3
-13691.3
-15087.6
-6520.86
-9233.49
-267.672
-587.368
-1646.71
-2552.17
-2674.11
-2140.69
-2140.21
-2883.07
-2745.48
-2885.92
-3943.51
-1715.11
4132.53
7836.41
29547.8
-6231.05
-5104.36
-6845.75
-13154.5
-18877.5
-20519
-20763.1
-17961.3
-15777.7
-16431.2
-11882.5
-10698.7
-14984.1
-35802.2
-48936.9
-212.41
-227.216
3444.26
5975.26
6386.2
4988.19
2145.33
-3130.25
-8724.37
-10786.7
-7031.59
-4279.33
8614.9
18307.8
81154.4
-11712.3
-16800.1
-18769.6
-20010.8
-22335
-27053.4
-30811.3
-32868.8
-33978
-33181.6
-33618.6
-33794.6
-26912.2
-41009.9
-62399.2
-2177.13
-3055.59
-3900.33
-4984.03
-6343.64
-7966.65
-10134.5
-12643.5
-16278.1
-20124.4
-27412.9
-30384.1
-55426.2
-43484.7
-138011
-866.806
-1101.48
-1255.9
-1557.27
-1938.97
-2417.39
-3093.55
-3872.03
-5111.72
-6364.76
-9224.44
-11721.8
-16543.8
-25467.1
-19477.9
-579.905
-780.166
-959.188
-1247.08
-1570.95
-2000.54
-2528.24
-3271.13
-4154.01
-5656.02
-7219.09
-11177
-13788.5
-27163.8
-6965.8
-885.975
-1194.81
-1492.31
-1904.7
-2396.86
-3037.47
-3816.61
-4855.14
-6043.32
-7742.14
-9439.35
-11983.9
-13864.7
-15273.9
-14315
-986.213
-1311.48
-1623.83
-2042.94
-2542.14
-3168.32
-3906.16
-4853.97
-5879.43
-7340.25
-8399.14
-11009
-10476.4
-16900.6
-17412
-912.902
-1215.35
-1510.99
-1915.07
-2414.61
-3038.09
-3763.12
-4650.58
-5557.28
-6666.97
-7321.7
-9173.99
-7846.74
-13489.3
-9671.5
-1205.12
-1610.12
-2015.77
-2525.78
-3128.15
-3824.22
-4562.54
-5386.68
-6159.72
-7059.59
-7524.93
-8921.28
-6656.82
-14875.4
-12665.6
-984.238
-1307.62
-1648.02
-2098.18
-2648.82
-3278.35
-3902.68
-4582.15
-5129.27
-5512.94
-5686.07
-6131.41
-4690.8
-8347.14
18472.6
-1421.16
-1890.56
-2429.22
-3084.73
-3824.71
-4609.83
-5332.89
-5958.58
-6266.27
-6606.28
-7017.67
-6577.21
-6614.26
-2275.55
8853.43
-1042.32
-1455.37
-1871.61
-2468.35
-3208.74
-3843.66
-4307.25
-4734.23
-4744.51
-4453.21
-4110.52
-2931.65
-661.136
16373
22386.1
-2047.46
-2636.58
-3590.59
-4754.2
-5933.79
-6586.33
-6786.52
-6832.18
-6749.94
-8124.46
-9589.06
-10845.4
-9822.84
1344.64
-14833.7
-1048.33
-1430.73
-2192.96
-2873.53
-3449.9
-3452.23
-4033.35
-4806.72
-4718.49
-4478.02
-1275.19
-2485.54
1397.24
4658.06
8847.59
-4913.38
-4151.8
-7359.86
-12348.3
-17757.9
-20365.7
-21254.3
-19332.4
-16542
-14286.9
-11726.5
-21899.2
-19846.2
-26771.8
-54954.5
857.367
2994.1
5469.29
6418.52
8642.99
10133.6
7153.01
-601.659
-6117.84
-6482.53
-2566.27
-7492.55
-230.578
16198.6
68970
-16086.7
-18218.4
-18114
-19788.2
-22435.7
-26600.4
-33034.2
-42873.1
-48114.6
-44963.5
-37230.5
-35960.2
-32334.9
-45526.5
-39898.4
-2178.61
-3057.76
-3903.57
-4988.68
-6350.02
-7974.38
-10136.9
-12644.2
-16258.6
-20112.2
-27349.7
-30351.5
-55320.5
-43391.5
-137829
-867.419
-1102.04
-1255.99
-1556.14
-1935.88
-2411.23
-3087.13
-3868.92
-5107.85
-6365.5
-9186.56
-11685.4
-16441.4
-25367.9
-19353.2
-580.771
-781.155
-960.117
-1247.58
-1570.61
-1997.59
-2521.6
-3259.54
-4140
-5635.43
-7188.33
-11137.2
-13722.4
-27140.8
-6970.72
-887.099
-1196.55
-1494.55
-1906.59
-2396.79
-3031.89
-3806.21
-4836.61
-6023.71
-7709.21
-9385.14
-11931.2
-13721.2
-15322.6
-14776.9
-988.942
-1315.15
-1626.82
-2043.18
-2535.98
-3151.88
-3882.33
-4817.8
-5845.54
-7272.12
-8322.53
-10876
-10214.3
-16906.5
-17285.4
-914.243
-1218.05
-1514.08
-1917.08
-2409.33
-3018.71
-3732.65
-4605.6
-5521.55
-6575.43
-7283.03
-9009.12
-7831.81
-14280.1
-12174.2
-1213.31
-1622.04
-2025.36
-2529.73
-3109.22
-3779.61
-4501.39
-5307.57
-6088.08
-6885.44
-7469.76
-8339.06
-6789.93
-11479.3
-9039.8
-991.295
-1316.87
-1654.61
-2095.72
-2620.29
-3228.23
-3846.75
-4535.82
-5082.84
-5381.03
-5657.62
-5549.71
-5217.47
-5856.48
9937.42
-1458.51
-1899.22
-2431.06
-3170.78
-4003.54
-4785.61
-5387.12
-5862.22
-6043.42
-6386.79
-6900.5
-6325.37
-6844.25
784.719
-6516.26
-1037.21
-1435.79
-1970
-2733.55
-3520.3
-4129.96
-4463.45
-4782.44
-4649.01
-4289.97
-3445.79
-1840.56
14.3749
16611.8
9167.42
-1849.11
-2466.41
-3532.06
-4767.68
-5872.93
-6532.99
-6562.86
-6169.74
-5401.27
-6088.83
-6168.72
-4702.98
-5355.38
3602.54
-18354.9
-859.902
-1363.88
-1981.52
-2775.85
-3461.94
-3629.77
-3857.92
-3522.49
-2003.95
-2003.86
-187.153
-324.822
2279.26
73.4446
-3985.77
-4695.49
-6532.53
-9472.15
-11494.5
-14587.4
-17288.4
-17769.4
-13992.2
-12868.2
-12339.9
-16357.7
-28115.6
-26678.3
-29096.6
-52488.7
3487.22
3906.04
5054.77
7096.82
8648.22
10057.1
10380.5
9823.75
6433.47
1629.34
-7261.91
-11488.3
-6641.61
2369.87
22572.6
-16302.9
-17190.5
-18670.8
-20806.4
-24647.2
-30649.3
-39015.7
-50421.1
-53910.8
-50276.7
-44653.8
-37941.5
-30032
-44786.2
-38352.6
-2180.21
-3060.05
-3906.79
-4993.5
-6357.58
-7984.83
-10144.4
-12658.2
-16246.8
-20118.1
-27290.8
-30355.2
-55215.7
-43307
-137674
-868.459
-1103.44
-1257.44
-1556.86
-1934.91
-2407.61
-3080.26
-3862.02
-5109.23
-6370.24
-9159.89
-11648.1
-16329.4
-25290.2
-19249
-582.464
-783.342
-962.532
-1249.73
-1572.08
-1997.65
-2519.92
-3251.98
-4132.67
-5621.9
-7162.69
-11114.6
-13664.8
-27163.9
-6987.86
-888.548
-1199.31
-1498.72
-1911.17
-2400.21
-3031.98
-3804.85
-4829.4
-6018.84
-7690.77
-9339.58
-11894.5
-13531.6
-15446.8
-15099.7
-995.121
-1324.51
-1637.1
-2049.79
-2534.37
-3141.53
-3869.89
-4799.27
-5834.12
-7223.28
-8256.78
-10778.8
-9871.87
-17433.6
-17652.5
-914.882
-1222.73
-1520.2
-1917.78
-2398
-2999.26
-3714.56
-4587.49
-5519.13
-6501.77
-7251.11
-8791.12
-7644.62
-15177.3
-14949.2
-1229.83
-1652.71
-2050.19
-2515.55
-3046.69
-3702.03
-4440.52
-5266.88
-6060.54
-6720.65
-7373.13
-7599.18
-6730.32
-7724.26
-4313.63
-989.064
-1328.36
-1640.03
-2040.74
-2564.06
-3195.18
-3815.38
-4529.25
-5084.33
-5252.01
-5606.55
-4904.92
-5626.19
-5235.48
1103.25
-1496.98
-1975.62
-2410.86
-3051.84
-3941.81
-4863.3
-5537.59
-6021.38
-6060.89
-6189.56
-6685.97
-5833.06
-7595.26
436.634
-18678.7
-1041.98
-1486.67
-1977.09
-2845.04
-3718.31
-4276.55
-4505.91
-4985.58
-4906.27
-4957.92
-4193.74
-1960.26
860.748
15521.2
-3705.41
-2131.68
-2942.52
-4046.54
-5302.91
-6442.03
-7485.49
-7969.37
-7657.28
-6608.7
-6977.86
-6583.89
-5468.96
-4994.45
1458.32
-20828.8
-1110.58
-1491.03
-2226.37
-3082.32
-3858.23
-4241.08
-5443.58
-6197.2
-3762.48
-2663.84
-1414.78
-695.756
2340.33
2135.93
1275.97
-5201.26
-7683.66
-11953.5
-14677.5
-15914.2
-17544.9
-18610.2
-13192.6
-9284.81
-13007.3
-20829.6
-26242.1
-19336.1
-28363.9
-23721.8
3492.46
4293.36
4780.48
5359.71
7382.14
11200.1
10007.5
12407.3
14074.7
-1194.95
-12905.9
-10816
-2250.94
-882.397
-5262.22
-16767.5
-17525.5
-18630.2
-21022.9
-24549.7
-28386.7
-33588.8
-49146.2
-58550.2
-56692.3
-48418.4
-36864.5
-31942.6
-52239.7
-67090.1
-2181.75
-3062.3
-3909.71
-4997.43
-6363.73
-7995.03
-10154.8
-12670.6
-16238.6
-20146.1
-27229.2
-30398.9
-55118.3
-43215.9
-137535
-869.512
-1105.1
-1259.6
-1558.91
-1935.62
-2405.48
-3074.93
-3856.36
-5102.5
-6361.29
-9129.77
-11595.5
-16202.1
-25203.3
-19202.1
-584.362
-785.883
-965.405
-1252.43
-1574.13
-1998.4
-2519.95
-3247.34
-4124.31
-5607.07
-7131.27
-11086.4
-13594.5
-27156.8
-7032.2
-889.467
-1201.65
-1502.7
-1916.78
-2406.5
-3036.64
-3808.24
-4825.54
-6012.87
-7668.75
-9280.15
-11863.2
-13256.8
-15627.9
-16276.2
-1002.97
-1335.95
-1650.81
-2063.86
-2543.35
-3141.03
-3861.08
-4778.08
-5813.44
-7163.76
-8165.6
-10692.9
-9287.79
-18037
-18190.4
-913.604
-1224.6
-1525.06
-1925.3
-2400.5
-2993.77
-3701.62
-4562.7
-5493.74
-6397.86
-7157.95
-8549.34
-7177.44
-17401.3
-21667.9
-1255.78
-1694.37
-2103.6
-2567.88
-3051
-3646.81
-4344.85
-5170.29
-5975.7
-6514.39
-7220.32
-6831.07
-6277.3
-4787.78
-109.897
-980.039
-1328.76
-1641.54
-2004.26
-2449.5
-3071.12
-3732.79
-4494.59
-5006.78
-5009.81
-5430.75
-4386.81
-5657.97
-4797.66
-2340.7
-1553.06
-2100.38
-2565.87
-3039.14
-3650.17
-4507.56
-5192.16
-5792.44
-5939.51
-6019.78
-6561.48
-5667.28
-8328.83
-1115.75
-18443.5
-1005.97
-1467.46
-1843.97
-2564.1
-3525.32
-4434.28
-4780.06
-5455.52
-5465.48
-5487.93
-4698.65
-1632.05
482.163
13557.9
-4533
-2422.85
-3415.09
-4365.45
-5763.39
-6959.71
-8048.83
-8276.28
-8618.33
-7785.62
-9538.53
-8350.18
-6942.08
-4055.2
-2555.08
-19636.4
-876.42
-1145.61
-1253.74
-2286.58
-3912.12
-4744.86
-5225.59
-5895.85
-2366.82
-2648.39
-2669.13
-3314.22
961.167
583.149
1662.61
-4975.94
-8116.95
-13006.2
-15992.1
-17232.3
-20786.4
-20407.8
-11281
-9722.13
-15413.8
-19447
-24041.2
-17696.8
-30317.7
-3604.13
3378.67
4277.29
3323.09
3551.77
4205.39
8267.46
11020
16878.2
15324.8
-3399.15
-11563.8
-8818.9
-3402.15
-10034.4
-26450.1
-17310.2
-17393.1
-17853.5
-19006.3
-23074.4
-29073.4
-39907.7
-54983.8
-62534.6
-54637.9
-39207.3
-32032.5
-33011.4
-56639.1
-97760
-2183.35
-3064.85
-3913.08
-5001.69
-6369.65
-8005.11
-10168.7
-12686.8
-16240.8
-20189.7
-27173.5
-30471.8
-55035.9
-43133.8
-137431
-870.896
-1107.38
-1262.93
-1563.23
-1940
-2408.37
-3075.5
-3856.96
-5094.04
-6351.77
-9103.54
-11545.6
-16058.6
-25131.4
-18938.3
-586.977
-789.531
-969.825
-1257.18
-1578.8
-2002.57
-2525.01
-3248.87
-4121.78
-5595.65
-7106.83
-11060.7
-13541.6
-27230
-7186.7
-890.824
-1205.2
-1508.85
-1925.87
-2418.27
-3050.33
-3824.93
-4837.88
-6024.59
-7660.44
-9239.84
-11824.1
-12922.7
-15531.7
-16069.3
-1013.73
-1352.26
-1670.54
-2085.95
-2565.41
-3162.2
-3880.95
-4788.26
-5822.49
-7128.92
-8109.57
-10658.9
-8939.14
-20279.7
-19057.7
-912.752
-1229.57
-1535.85
-1943.24
-2422.48
-3022.73
-3734.21
-4588.66
-5509.89
-6316.62
-7088.07
-8124.52
-6246.25
-17757.9
-12276.2
-1292.84
-1754.23
-2172.99
-2649.14
-3134.05
-3721.8
-4387.12
-5180.15
-5933.21
-6333.35
-7016.48
-6081.97
-5013.1
-3496.47
12441.4
-962.692
-1327.49
-1661.54
-2042.02
-2450.42
-3045.23
-3699.46
-4501.37
-4862.94
-4678.77
-5160.32
-3846.87
-5577.97
-2027.91
5043.05
-1663.71
-2307.38
-2842.59
-3338.2
-3736.69
-4356.64
-4900.47
-5546
-5362.05
-5473.16
-6184.7
-5593.74
-8558.13
-2334.78
-21183.9
-885.358
-1374.33
-1795.03
-2475.61
-3218.29
-3828.63
-4118.76
-5237.76
-5041.37
-4982.59
-3899.1
327.911
-445.65
9408.47
370.207
-2901.42
-4108.61
-5123.85
-6411.67
-7134.81
-7580.42
-8077.43
-9128.97
-8220.55
-9675.97
-9498.5
-7601.44
-3225.05
-5898.05
-5546.91
-868.872
-1673.51
-2308.25
-2994.45
-3812.34
-3290.62
-5423.14
-9200.21
-4026.01
-2569.92
-2052.73
-3451.38
2972.22
-1749.48
9682.8
-6530.77
-8460.57
-12526.2
-16233.7
-19247.6
-23883.7
-29812.8
-15999.4
-10243
-18259.8
-18471.9
-20685.3
-12111.3
-37023.4
3289.87
3341.35
4122.18
3288.73
2293.09
1891.54
4864.72
5900.04
12581.1
15973.9
-2409.58
-7564.7
-5475.19
-296.621
-17588.3
-21909.3
-16659.7
-17746.9
-18776.7
-19216.4
-22284.5
-26354.1
-34314.2
-55633.4
-67143.4
-59667.2
-34471
-28124.2
-32493
-58510.7
-121724
-2184.66
-3067.11
-3916.23
-5005.52
-6374.22
-8012.27
-10179.7
-12701.4
-16242.8
-20219.9
-27116.7
-30536
-54973
-43034.3
-137451
-872.078
-1109.36
-1265.95
-1567.48
-1944.94
-2412.51
-3077.3
-3857.99
-5085.77
-6348.13
-9075.04
-11503.5
-15883.9
-25059.2
-18673.7
-589.256
-792.717
-973.69
-1261.35
-1582.89
-2006.01
-2529.26
-3250.06
-4120.79
-5581.67
-7078.63
-11021.7
-13426.7
-27308.6
-7633.66
-891.494
-1207.88
-1513.91
-1933.98
-2429.58
-3064.47
-3842.35
-4850.2
-6036.07
-7651.11
-9199.51
-11824
-12516.7
-16367.8
-16891.4
-1023.82
-1367.32
-1688.39
-2106.26
-2586.85
-3184.87
-3902.07
-4797.1
-5827.71
-7087.38
-8052.15
-10614.5
-8482.28
-23613.5
-16727.4
-909.843
-1232.33
-1543.73
-1960.5
-2449.16
-3061.34
-3772.43
-4610.51
-5513.64
-6231.32
-7011.47
-7677.86
-5425.15
-15131.3
3040.18
-1333.67
-1818.39
-2245.44
-2731.64
-3222.39
-3818.69
-4443.34
-5187.66
-5881.88
-6177.75
-6864.48
-5529.33
-4142.45
-4643.71
15282.3
-939.88
-1323.01
-1669.05
-2098.48
-2545.69
-3149.69
-3731.33
-4493.96
-4720.55
-4445.59
-5002.45
-3483.69
-6103.65
-1897.18
323.934
-1850.08
-2613.76
-3190.58
-3775.48
-4146.83
-4685.96
-4971.81
-5393.67
-4872.88
-5016.13
-5942.69
-5745.81
-8924.57
-4311.13
-26870.6
-794.455
-1334.21
-1860.88
-2548.61
-3259.64
-3951.56
-3829.06
-4617.75
-3962.09
-3719.36
-3148.34
590.437
-1836.99
5938.82
4086.9
-3792.01
-4978.96
-5643.48
-7183.92
-8494.15
-8604.04
-7569.36
-8621.52
-7146.48
-8484.86
-8905.41
-8268.51
-3108.35
-8592.6
7074.09
-1092.94
-2204.36
-3205.01
-4508.44
-6266.77
-6411.9
-5197.54
-11966.8
-5367.78
-3387.93
-3394.38
-5025.84
4214.75
-7034.89
14352.2
-8624.33
-9923.72
-13494.7
-16524.1
-19143.1
-25672.8
-28323.7
-19895.7
-11583.2
-22014.7
-23457.3
-23611.3
-8106.7
-40668.4
6206.3
2267.24
2936.77
3607.54
3373.4
2872.4
2854.74
1366.5
9686.73
17571.8
-3936.9
-10435.1
-8511.12
-273.891
-23290.1
-18356.8
-14789.5
-17247.1
-19123.5
-21959.5
-27164
-31602.2
-40062.5
-58777.9
-68482
-71435.2
-40829.7
-32527.1
-38649.2
-60215.5
-132249
-2185.95
-3069.44
-3919.72
-5010.21
-6380.01
-8020.55
-10192.2
-12719.7
-16253.3
-20250.3
-27073.7
-30588
-54901.9
-42991.4
-137548
-873.662
-1111.99
-1269.93
-1573.41
-1952.9
-2421.77
-3086.39
-3867.41
-5089.31
-6357.8
-9061.35
-11499
-15714
-25007
-17839.7
-592.201
-796.886
-978.992
-1267.69
-1590.11
-2013.6
-2538.8
-3257.54
-4129.36
-5574.4
-7065.93
-10969.1
-13324
-27236.7
-7720.52
-893.181
-1212.27
-1521.71
-1946.29
-2446.95
-3087.33
-3871.63
-4876.97
-6067.84
-7661.21
-9220.37
-11842.8
-12469.8
-17450.6
-16278.7
-1036.38
-1386.08
-1711.34
-2133.87
-2619.07
-3224.36
-3946.61
-4834.49
-5869.53
-7072.67
-8076.07
-10336.2
-8183.45
-19176.1
-10975.4
-910.034
-1240.36
-1560.26
-1989.96
-2492.23
-3125.59
-3845.16
-4676.78
-5574.84
-6230.52
-7057.8
-7606.89
-6112.74
-11462.1
7130.39
-1380.7
-1888.98
-2320.1
-2812.52
-3315.02
-3946.44
-4561.06
-5292.01
-5956.12
-6198.55
-6986.22
-5912.32
-5485.46
-7823.73
5755.84
-918.297
-1317.95
-1684.39
-2152.27
-2650.11
-3324.94
-3879.35
-4643.17
-4851.31
-4531.28
-5044.73
-3663.94
-7262.28
-1726.81
-4442.55
-2047.1
-2933.51
-3456.07
-3988.66
-4395.78
-5093.81
-5289.56
-5790.14
-4981.64
-4998.39
-5864.59
-6135.36
-9454.85
-6723.52
-23647.6
-661.679
-1371.36
-2027.47
-2756.68
-3403.96
-4147.96
-3894.67
-4803.93
-3951.81
-3634.02
-3016.13
-546.359
-2964.79
4442.88
-701.946
-4221.52
-5528.26
-6111.42
-7169.58
-8011.35
-9378.31
-8812.72
-10044.3
-7275.53
-7290.68
-7004.29
-7973.81
-1902.81
-8674.06
13973.9
-559.85
-1861.56
-3133.66
-4023.92
-5429.61
-7916.55
-8004.96
-14674.2
-7016.61
-3197.3
-1675.46
-4068.77
7803.12
-5838.76
13220.6
-9425.73
-10367.1
-12934.4
-15658.5
-17991.9
-26346.8
-28749.7
-25010.1
-13362
-21203.5
-24692.9
-21068.6
-6210.87
-33604.9
4677.6
1393.04
967.747
1667.31
2990.19
3758.85
6733.68
7715.35
12475.3
21666.9
354.407
-10178.4
-7858.11
-8250.63
-25813.6
-19578.4
-11676
-13808
-17121.1
-19594.2
-25740.1
-32593.5
-42261.9
-62260.7
-69615.4
-83042.2
-53355.8
-43244
-52689
-62019.7
-131925
-2186.72
-3070.86
-3921.97
-5013.23
-6383.48
-8024.94
-10198.4
-12730.1
-16258.1
-20271.9
-27026.5
-30656.6
-54712.9
-42927.3
-137822
-874.645
-1113.65
-1272.38
-1577.02
-1957.79
-2427.5
-3091.63
-3872.26
-5087.91
-6363.21
-9043.15
-11530.6
-15679.8
-25106.9
-17151.5
-593.844
-799.156
-981.764
-1270.91
-1593.67
-2017.01
-2543.33
-3259.8
-4134.27
-5563.34
-7061.21
-10891.1
-13341.9
-27040.9
-8055.86
-893.75
-1214.56
-1525.93
-1953.22
-2456.94
-3100.83
-3889.33
-4891.53
-6087.34
-7659.56
-9236.65
-11827.6
-12424.6
-18267.9
-17487.4
-1043.99
-1396.59
-1723.18
-2148.13
-2635.64
-3245.52
-3970.47
-4851.94
-5891.53
-7048.94
-8093.09
-10086.6
-8175.21
-16855.1
-12815.1
-908.562
-1243.28
-1566.64
-2003.85
-2514.09
-3162.07
-3885.29
-4708.9
-5602.19
-6210.33
-7034.63
-7349.02
-5759.33
-8966.31
10410.6
-1410.84
-1922.85
-2350.2
-2849.82
-3358.83
-4013.83
-4619.33
-5347.39
-6004.84
-6203.23
-7077.44
-5956.59
-6817.93
-4809.41
4438.48
-897.065
-1307.34
-1676.52
-2163.39
-2685.12
-3418.29
-3959.27
-4721.3
-4926.15
-4619.59
-5089.26
-3703.73
-7939.01
-243.251
-5401.3
-2181.11
-3005.27
-3502.7
-4070.58
-4489.09
-5288.37
-5410.62
-6063.99
-5316.17
-5096.9
-5800.56
-6341.52
-10077.2
-7700.18
-8607.86
-667.022
-1440.02
-2090.68
-2787.83
-3354.71
-4236.83
-3999.04
-5124.03
-4040.98
-3880.68
-3317.36
-1882.61
-4107.3
3643.83
-3466.48
-4122.78
-5176.32
-5905.19
-7107.35
-7827.97
-9470.58
-8444.43
-10897.1
-7747.65
-7108.83
-6278.12
-8633.74
-1286.41
-7818.96
4626.52
-773.562
-1796.73
-2574.19
-3211.92
-3821.43
-5187.98
-4584.47
-13613.8
-10099.5
-3621.57
-391.442
-3487.29
6700.46
-4584.81
-1416.81
-8907.95
-9715.85
-12103.7
-14491.2
-16637.9
-23096.2
-25294.8
-29376.5
-16195.6
-20240.2
-27327.3
-20130.1
-670.286
-10416.4
5196.85
1302.9
1100.16
1514.19
3723.03
4737.07
10790.3
12571.6
9415.73
21992.5
8535.3
-16051.3
-15665.6
-5662.81
-18892.9
-28674.1
-11265.7
-13088
-15597.9
-17910.8
-23576.8
-29821.9
-39610.1
-59022.5
-70159.6
-84901.4
-69455.5
-53007.6
-64776.7
-56759.9
-122994
-2187.65
-3072.59
-3924.75
-5017.38
-6389
-8032.55
-10209
-12745.4
-16272.4
-20300
-27024.9
-30633.1
-54677
-43703.9
-138627
-876.317
-1116.44
-1276.63
-1583.42
-1966.75
-2439.31
-3105.36
-3887.56
-5097.5
-6381.49
-9059.81
-11642.6
-15301.4
-24145.8
-15648.8
-596.658
-803.188
-987.069
-1277.7
-1602.11
-2026.64
-2555.1
-3269.74
-4146.57
-5564.48
-7067.23
-10907.6
-13215.5
-27406.9
-7267.83
-895.982
-1219.59
-1534.77
-1967.28
-2476.9
-3127.21
-3923
-4923.93
-6128.81
-7680.07
-9299.46
-11826.2
-12349.6
-18025.4
-15142.9
-1055.67
-1414.44
-1746.59
-2178.83
-2673.87
-3293.85
-4026.9
-4904.76
-5955.5
-7061.34
-8166.87
-9775.05
-8092.16
-13882.1
-9606.23
-913.598
-1257.75
-1592.83
-2047.29
-2573.25
-3244.07
-3978.25
-4798.5
-5696.87
-6268.4
-7150.37
-7247.49
-6298.67
-8491.72
10092.1
-1455.05
-1985.45
-2425.9
-2949.08
-3476.01
-4167.97
-4769.82
-5501.99
-6184.21
-6387.17
-7353.15
-6190.4
-8508.94
-4604.33
-74.6806
-905.666
-1347
-1745.5
-2277.63
-2823.87
-3629.34
-4170.71
-4960.46
-5212.85
-4988.64
-5393.58
-4252.33
-9316.38
-1701.77
-1118.25
-2357.69
-3184.38
-3707.1
-4370.8
-4842.51
-5790.83
-5788.14
-6571
-6152.24
-6013.91
-6368.87
-7366.2
-11394.9
-13823
-16591.1
-727.986
-1458.4
-2069.47
-2789.09
-3315.75
-4427.24
-4222.17
-5786.6
-5097.02
-4738
-3902.29
-4066.15
-5577.53
1373.55
-29051.2
-4372.3
-5575.28
-6300.61
-7527.75
-8208.79
-10405.2
-8578.08
-11618.3
-9098.18
-6962.76
-4956.38
-8615.13
809.878
-8260.49
12844.1
-591.859
-1493.42
-2057.87
-2616.65
-2830.23
-4101.71
-2780.09
-9345.67
-10542.2
-2797.47
566.217
-2928.37
10249.8
360.163
7418.82
-9369.41
-9767.42
-11411.7
-13801.5
-15952
-23343.8
-22890.6
-29508.4
-16109.3
-14159.3
-21452.7
-15624.5
4173.1
1869.48
6337.48
1752.93
2115.91
2575.32
4628.2
4846.75
12246.5
17422.4
8496.59
20263.8
26646.5
-1715.84
-10524
3014.25
-13847
-19514.1
-11003.4
-12712.2
-14613
-16892.5
-23649.1
-30037.5
-40801.3
-60280
-78879.8
-96205.3
-93091
-73789.6
-80226.8
-56886.4
-103819
)
;

boundaryField
{
    outletsourceFace
    {
        type            zeroGradient;
    }
    outletdestinationFace
    {
        type            zeroGradient;
    }
    outletFace
    {
        type            zeroGradient;
    }
    outletWall
    {
        type            fixedValue;
        value           uniform 0;
    }
    inletFace
    {
        type            zeroGradient;
    }
    inletWall
    {
        type            fixedValue;
        value           uniform 5;
    }
    inletsourceFace
    {
        type            zeroGradient;
    }
    inletdestinationFace
    {
        type            zeroGradient;
    }
}


// ************************************************************************* //
